Series:mytfseries (starting year is 2012)
Number of observations:  138
     59.52    44.21    60.72    51.98    21.26    74.05
     75.48    74.14    48.27    73.93    69.45    64.01
     47.93    40.46    48.96    15.96    85.38    50.90
     69.94    95.93    74.77    59.59    71.67    50.21
     45.86    40.03    20.62     7.05     4.21   -12.03
     -2.57    -0.52    -2.37    39.50    15.59    45.64
     -7.18    23.36    17.86    13.26    30.34    17.08
     19.77    32.16    19.06    42.27    23.59    17.38
     32.13    47.50    20.92    65.65    19.65   -11.59
     51.37    42.74    18.03    -4.05    61.34     7.20
     42.01    67.49    23.29    23.64    34.14    34.82
     60.47    50.34    43.45    51.43    49.77    11.03
     67.96    71.18    21.32    31.01    61.99    63.57
     95.00    66.89    13.69    61.17   112.37    91.78
     86.70    75.26    61.56    73.35   111.43   137.43
    149.77   107.14   134.53   106.11    64.08    62.03
     95.16   110.54   105.14    89.95   104.40   128.87
    140.95   171.88   188.71   156.09   173.95   184.49
    210.00   166.48   182.69   174.42   198.40   171.28
    209.61   201.63   187.76   184.79   170.43   191.76
    197.56   173.05   204.20   233.52   206.57   218.67
    207.93   209.12   215.93   197.35   191.07   193.95
    195.69   229.65   195.72   181.94   203.56   228.83
 _________
 Values should be multiplied by 1e-1

Identified model is: ( 1 , 0 , 1 )     with mean 

Initial parameter values:
     -0.8634     -0.6165

Arima Estimation (Levenberg-Marquardt):
Number of iterations:     2
Number of function evaluations:     7
Parameter     Estimate   Std. Error      T-ratio        Lag 
phi1           -0.8510       0.0880      -9.6701          1 
ma1            -0.5881       0.1273      -4.6206          1 

Residual standard error:     1.0053

Root          Real p.     Imag. p.      Modulus  Argument    Period 
rarroot1       0.8510       0.0000       0.8510    0.0000       Inf 
rmaroot1       0.5881       0.0000       0.5881    0.0000       Inf 


Correlations of the estimates:
Parameter         phi1          ma1 
phi1            1.0000       0.8322 
ma1             0.8322       1.0000 

Parameter     Estimate   Std. Error    T-ratio 
mean           2.61030      0.30953       8.43 
inp1_1         3.10822      0.12581      24.71 
inp1_2        -1.61782      0.16081     -10.06 
inp1_3        -0.37520      0.16084      -2.33 
inp1_4         0.19432      0.16165       1.20 
inp1_5        -0.29713      0.16150      -1.84 
inp1_6         0.11032      0.16297       0.68 
inp1_7         0.25834      0.16319       1.58 
inp1_8        -0.02504      0.16345      -0.15 
inp1_9        -0.13198      0.16349      -0.81 
inp1_10        0.11531      0.16328       0.71 
inp1_11        0.00181      0.16260       0.01 
inp1_12        0.21232      0.12870       1.65 


Correlations of the regression estimates:
Parameter         mean       inp1_1       inp1_2       inp1_3       inp1_4       inp1_5 
mean            1.0000      -0.1211      -0.0187      -0.0242      -0.0099       0.0041 
inp1_1         -0.1211       1.0000      -0.6241       0.0132      -0.0830      -0.0526 
inp1_2         -0.0187      -0.6241       1.0000      -0.4978       0.0547      -0.0312 
inp1_3         -0.0242       0.0132      -0.4978       1.0000      -0.4922       0.0565 
inp1_4         -0.0099      -0.0830       0.0547      -0.4922       1.0000      -0.4852 
inp1_5          0.0041      -0.0526      -0.0312       0.0565      -0.4852       1.0000 
inp1_6         -0.0112       0.0462      -0.0536      -0.0395       0.0447      -0.4846 
inp1_7         -0.0125      -0.0162       0.0378      -0.0514      -0.0332       0.0506 
inp1_8         -0.0121       0.0144      -0.0246       0.0405      -0.0482      -0.0341 
inp1_9         -0.0139       0.0354      -0.0157      -0.0220       0.0377      -0.0495 
inp1_10        -0.0166      -0.0044       0.0286      -0.0173      -0.0254       0.0409 
inp1_11        -0.0064       0.0167      -0.0182       0.0339      -0.0195      -0.0313 
inp1_12         0.0034      -0.1317       0.0257      -0.0099       0.0423       0.0164 
Parameter       inp1_6       inp1_7       inp1_8       inp1_9      inp1_10      inp1_11 
mean           -0.0112      -0.0125      -0.0121      -0.0139      -0.0166      -0.0064 
inp1_1          0.0462      -0.0162       0.0144       0.0354      -0.0044       0.0167 
inp1_2         -0.0536       0.0378      -0.0246      -0.0157       0.0286      -0.0182 
inp1_3         -0.0395      -0.0514       0.0405      -0.0220      -0.0173       0.0339 
inp1_4          0.0447      -0.0332      -0.0482       0.0377      -0.0254      -0.0195 
inp1_5         -0.4846       0.0506      -0.0341      -0.0495       0.0409      -0.0313 
inp1_6          1.0000      -0.4913       0.0419      -0.0331      -0.0411       0.0434 
inp1_7         -0.4913       1.0000      -0.4848       0.0424      -0.0396      -0.0362 
inp1_8          0.0419      -0.4848       1.0000      -0.4816       0.0411      -0.0385 
inp1_9         -0.0331       0.0424      -0.4816       1.0000      -0.4851       0.0405 
inp1_10        -0.0411      -0.0396       0.0411      -0.4851       1.0000      -0.4877 
inp1_11         0.0434      -0.0362      -0.0385       0.0405      -0.4877       1.0000 
inp1_12        -0.0247       0.0307      -0.0278      -0.0756      -0.0042      -0.6217 
Parameter      inp1_12 
mean            0.0034 
inp1_1         -0.1317 
inp1_2          0.0257 
inp1_3         -0.0099 
inp1_4          0.0423 
inp1_5          0.0164 
inp1_6         -0.0247 
inp1_7          0.0307 
inp1_8         -0.0278 
inp1_9         -0.0756 
inp1_10        -0.0042 
inp1_11        -0.6217 
inp1_12         1.0000 


Information criteria:    
AIC        949.4877 
BIC        993.3965 

Residuals:
    -0.002    0.988   -1.337    1.089   -0.940   -0.981   -1.082   -1.199    1.705   -1.715   -1.918   -1.528
     0.454    0.866   -2.685   -2.277    1.449   -0.007    0.880    0.799    0.508   -0.711    1.398   -0.507
     0.022   -0.496    0.151    0.890   -0.275    0.259   -0.394   -0.333    0.317   -1.616    0.376   -0.901
     1.027   -0.200    0.744   -1.249   -2.045    0.603    0.748   -2.465   -1.463   -0.156   -0.170    1.430
    -0.779   -0.414    0.022   -1.061    0.255    0.446   -0.409   -0.391    0.617    0.779   -0.890    0.164
     0.928   -1.866   -1.797    0.587    1.245    0.834    0.523    0.277   -0.434    0.635   -0.464    0.180
    -0.190   -0.195   -0.217   -0.284   -0.359    2.132    0.105   -0.118   -1.719   -0.063   -0.216   -0.443
     0.489    1.480    0.272    0.304    0.324    2.050    0.788   -0.411   -0.859   -0.656    0.150   -0.259
    -1.423    0.235    0.115    0.387   -0.986    0.694   -0.954   -1.486   -2.462    0.837   -0.233   -0.127
    -1.327    0.424   -0.122    0.591    1.173   -0.137   -0.629    1.367   -1.359    0.430    2.214    0.514
     0.419    0.517    0.416    0.402    0.394

Sample autocorrelations and partial autocorrelations:
Order     Autcor         SE    Q-stats       DF P-values     Parcor         SE 
1         0.0415     0.0894     0.2201        0     1.00     0.0415     0.0894 
2        -0.0988     0.0896     1.4809        0     1.00    -0.1007     0.0894 
3        -0.0055     0.0905     1.4849        1     0.22     0.0032     0.0894 
4         0.1507     0.0905     4.4630        2     0.11     0.1425     0.0894 
5         0.0780     0.0925     5.2677        3     0.15     0.0665     0.0894 
6        -0.0121     0.0930     5.2873        4     0.26     0.0095     0.0894 
7        -0.0564     0.0930     5.7152        5     0.33    -0.0442     0.0894 
8         0.0517     0.0933     6.0776        6     0.41     0.0355     0.0894 
9        -0.0390     0.0935     6.2858        7     0.51    -0.0744     0.0894 
10        0.0931     0.0936     7.4823        8     0.49     0.1048     0.0894 
11       -0.0127     0.0944     7.5049        9     0.58    -0.0178     0.0894 
12        0.0817     0.0944     8.4425       10     0.59     0.1012     0.0894 
13       -0.0487     0.0949     8.7784       11     0.64    -0.0551     0.0894 
14       -0.0991     0.0951    10.1824       12     0.60    -0.1056     0.0894 
15       -0.1653     0.0960    14.1277       13     0.36    -0.1874     0.0894 
16       -0.0763     0.0982    14.9757       14     0.38    -0.1245     0.0894 
17       -0.1053     0.0987    16.6065       15     0.34    -0.1310     0.0894 
18        0.0612     0.0996    17.1616       16     0.38     0.0844     0.0894 
19        0.0083     0.0999    17.1719       17     0.44     0.0879     0.0894 
20       -0.0213     0.0999    17.2408       18     0.51     0.0396     0.0894 
_________
When DF is positive, P-values should be greater than 0.05
(at the 5 per cent level) for model adequacy

Residual diagnostics:             
Sample size         125 
                
Median             -0.0018 
Mean               -0.0878 
Std of mean         0.0888 
T-value of mean    -0.9880 

                           P-values 
Normality (BS)      2.2589     0.32 
Skewness           -0.3284     0.13 
Kurtosis            2.9513     0.91 

                            P-value 
Durbin-Watson       1.9158     0.64 
                   
Standard error         1.0053 
Sigma square           1.0106 
Residual variance      0.9867 
Residual std. dev.     0.9933 

Approximate test of runs on residuals:               
Number of runs       65 
Number of (+)        63 
Number of (-)        62 
              
T-value             0.2702 

Heteroscedasticity test:
         DF       stat  P-value 
H        42     0.6963     0.24 

Sample autocorrelations of squared residuals:
Order     Autcor         SE    Q-stats       DF P-values     Parcor         SE 
1         0.2104     0.0894     5.6699        1     0.02     0.2104     0.0894 
2        -0.0707     0.0933     6.3158        2     0.04    -0.1204     0.0894 
3         0.0895     0.0937     7.3588        3     0.06     0.1397     0.0894 
4         0.1689     0.0944    11.1010        4     0.03     0.1148     0.0894 
5        -0.0136     0.0968    11.1255        5     0.05    -0.0634     0.0894 
6        -0.0591     0.0968    11.5911        6     0.07    -0.0227     0.0894 
7         0.0476     0.0971    11.8960        7     0.10     0.0352     0.0894 
8         0.0419     0.0973    12.1340        8     0.15    -0.0014     0.0894 
9        -0.1538     0.0974    15.3705        9     0.08    -0.1500     0.0894 
10       -0.1328     0.0994    17.8059       10     0.06    -0.0603     0.0894 
11       -0.0597     0.1008    18.3027       11     0.07    -0.0697     0.0894 
12        0.0089     0.1011    18.3138       12     0.11     0.0412     0.0894 
13       -0.0666     0.1011    18.9425       13     0.12    -0.0297     0.0894 
14       -0.0147     0.1014    18.9733       14     0.17     0.0442     0.0894 
15        0.0091     0.1014    18.9852       15     0.21    -0.0116     0.0894 
16       -0.0768     0.1014    19.8448       16     0.23    -0.0818     0.0894 
17       -0.1215     0.1019    22.0162       17     0.18    -0.0724     0.0894 
18        0.0229     0.1031    22.0941       18     0.23     0.0406     0.0894 
19        0.0856     0.1031    23.1912       19     0.23     0.0461     0.0894 
20       -0.1176     0.1037    25.2819       20     0.19    -0.1483     0.0894 
_________
When DF is positive, P-values should be greater than 0.05
(at the 5 per cent level) for model adequacy

Second Round of the Program:


Arima Estimation (Levenberg-Marquardt):
Number of iterations:    12
Number of function evaluations:    28

   Model changed to: ( 0 , 1 , 1 )

Arima Estimation (Levenberg-Marquardt):
Number of iterations:     3
Number of function evaluations:    16
Parameter     Estimate   Std. Error      T-ratio        Lag 
ma1            -0.6881       0.0559     -12.3189          1 
omg11           3.0386       0.1224      24.8152          1 
omg12          -1.6939       0.1530     -11.0743          1 
omg13          -0.3371       0.1226      -2.7504          1 

Residual standard error:     1.0049

Root           Real p.     Imag. p.      Modulus  Argument    Period 
rmaroot1        0.6881       0.0000       0.6881    0.0000       Inf 
omgroot11       0.7130       0.0000       0.7130    0.0000       Inf 
omgroot12      -0.1556       0.0000       0.1556   -0.0000       Inf 


Correlations of the estimates:
Parameter          ma1        omg11        omg12        omg13 
ma1             1.0000      -0.0770       0.0226      -0.0955 
omg11          -0.0770       1.0000      -0.6058       0.0383 
omg12           0.0226      -0.6058       1.0000      -0.6118 
omg13          -0.0955       0.0383      -0.6118       1.0000 


Information criteria:    
AIC       1025.4840 
BIC       1037.4997 

Residuals:
     0.000    0.000    0.000   -0.185   -0.356   -0.106   -0.116   -2.021    0.827    0.247    0.565   -0.079
    -0.567   -0.467    0.162   -0.960    0.604    1.652    0.481    1.461    0.137    0.950    0.128    0.725
    -0.297    0.405   -1.945    0.751   -1.151   -1.567   -0.871   -1.138    1.877   -0.968   -1.500   -1.409
     1.379    1.112   -2.592   -1.884    1.695    0.495    1.147    0.125    0.610   -0.762    0.855   -0.630
    -0.563   -0.521   -0.136    0.801   -0.383   -0.313   -0.399   -0.228    0.364   -1.184    0.376   -0.519
     1.574   -0.185    1.276   -0.904   -2.237    1.322    1.099   -2.448   -0.664    0.159    0.373    1.651
     0.299   -0.165    0.056   -0.099    0.242    0.725    0.398   -0.345    1.076    0.983   -0.777    0.557
     1.237   -2.157   -1.459    0.904    1.259    1.434    1.063    0.038   -0.287    0.805   -0.702    0.704
     0.154   -0.502   -0.019    0.413    0.291    2.503    0.258    0.255   -1.176    0.292    0.476   -0.066
     0.154    1.476    0.501    0.185    0.102    2.099    1.054   -0.173   -1.256   -0.600    0.866    0.089
    -0.593    0.941    0.982    0.907   -0.322    1.522   -0.063   -1.005   -1.684    1.790    0.449    0.877
    -1.024    1.079    0.646    0.744    1.639    0.632   -0.516    1.722   -1.147    0.514    1.969    0.281
     0.222    0.171   -0.073    0.154   -0.316

Sample autocorrelations and partial autocorrelations:
Order     Autcor         SE    Q-stats       DF P-values     Parcor         SE 
1         0.0335     0.0819     0.1706        0     1.00     0.0335     0.0819 
2        -0.1224     0.0820     2.4641        0     1.00    -0.1237     0.0819 
3        -0.0285     0.0832     2.5894        0     1.00    -0.0201     0.0819 
4         0.1326     0.0833     5.3168        0     1.00     0.1212     0.0819 
5         0.0511     0.0847     5.7254        1     0.02     0.0372     0.0819 
6         0.0187     0.0849     5.7805        2     0.06     0.0455     0.0819 
7        -0.0986     0.0849     7.3198        3     0.06    -0.0875     0.0819 
8         0.0798     0.0857     8.3353        4     0.08     0.0825     0.0819 
9         0.0506     0.0862     8.7465        5     0.12     0.0155     0.0819 
10        0.0626     0.0864     9.3800        6     0.15     0.0675     0.0819 
11        0.0338     0.0867     9.5666        7     0.21     0.0622     0.0819 
12        0.1131     0.0868    11.6660        8     0.17     0.1179     0.0819 
13        0.0142     0.0878    11.6994        9     0.23     0.0140     0.0819 
14       -0.0611     0.0878    12.3208       10     0.26    -0.0699     0.0819 
15       -0.0468     0.0881    12.6886       11     0.31    -0.0427     0.0819 
16       -0.0367     0.0882    12.9170       12     0.38    -0.0909     0.0819 
17       -0.0517     0.0883    13.3732       13     0.42    -0.0745     0.0819 
18        0.1158     0.0885    15.6765       14     0.33     0.1158     0.0819 
19        0.1362     0.0896    18.8878       15     0.22     0.1557     0.0819 
20        0.0227     0.0909    18.9778       16     0.27     0.0505     0.0819 
_________
When DF is positive, P-values should be greater than 0.05
(at the 5 per cent level) for model adequacy

Residual diagnostics:             
Sample size         149 
                
Median              0.1592 
Mean                0.1261 
Std of mean         0.0806 
T-value of mean     1.5655 

                           P-values 
Normality (BS)      2.9674     0.23 
Skewness           -0.3450     0.09 
Kurtosis            3.0429     0.91 

                            P-value 
Durbin-Watson       1.9323     0.68 
                   
Standard error         1.0049 
Sigma square           1.0099 
Residual variance      0.9669 
Residual std. dev.     0.9833 

Approximate test of runs on residuals:               
Number of runs       73 
Number of (+)        75 
Number of (-)        74 
              
T-value            -0.4105 

Heteroscedasticity test:
         DF       stat  P-value 
H        50     0.8952     0.70 

Sample autocorrelations of squared residuals:
Order     Autcor         SE    Q-stats       DF P-values     Parcor         SE 
1         0.1010     0.0819     1.5515        1     0.21     0.1010     0.0819 
2         0.0723     0.0828     2.3524        2     0.31     0.0628     0.0819 
3         0.1824     0.0832     7.4813        3     0.06     0.1717     0.0819 
4         0.1192     0.0858     9.6855        4     0.05     0.0869     0.0819 
5        -0.0642     0.0869    10.3285        5     0.07    -0.1061     0.0819 
6        -0.0501     0.0872    10.7232        6     0.10    -0.0843     0.0819 
7         0.0137     0.0874    10.7528        7     0.15    -0.0029     0.0819 
8        -0.0484     0.0874    11.1260        8     0.19    -0.0231     0.0819 
9        -0.0637     0.0876    11.7789        9     0.23    -0.0181     0.0819 
10       -0.0897     0.0879    13.0802       10     0.22    -0.0780     0.0819 
11       -0.1113     0.0886    15.0994       11     0.18    -0.1007     0.0819 
12        0.0345     0.0895    15.2944       12     0.23     0.0849     0.0819 
13       -0.0713     0.0896    16.1343       13     0.24    -0.0345     0.0819 
14       -0.0894     0.0900    17.4676       14     0.23    -0.0515     0.0819 
15       -0.0904     0.0905    18.8397       15     0.22    -0.1006     0.0819 
16       -0.0712     0.0912    19.6968       16     0.23    -0.0803     0.0819 
17       -0.1273     0.0915    22.4596       17     0.17    -0.0818     0.0819 
18       -0.0941     0.0927    23.9815       18     0.16    -0.0343     0.0819 
19        0.0184     0.0933    24.0398       19     0.19     0.0538     0.0819 
20       -0.0341     0.0934    24.2425       20     0.23    -0.0150     0.0819 
_________
When DF is positive, P-values should be greater than 0.05
(at the 5 per cent level) for model adequacy
Elapsed time:     0.49

