     0.01651241     0.00845662     0.00953674     0.01831694
     0.01602968     0.00829033     0.00923174     0.01694184
     0.01554609     0.00812065     0.00895167     0.01544479
     0.01508450     0.00794734     0.00869601     0.01378612
     0.01464725     0.00777016     0.00846273     0.01189843
     0.01425983     0.00758885     0.00824973     0.00964822
     0.01409533     0.00749308     0.00805520     0.00929406
     0.01395698     0.00741275     0.00788041     0.01059420
     0.01382080     0.00733800     0.00772470     0.01057857
     0.01368853     0.00726695     0.00758657     0.00993270
     0.01356192     0.00719920     0.00746436     0.00918897
     0.01344122     0.00713461     0.00735644     0.00857755
     0.01332618     0.00707304     0.00726131     0.00815343
     0.01321650     0.00701432     0.00717758     0.00790213
     0.01311188     0.00695833     0.00710397     0.00781563
     0.01301224     0.00690495     0.00703936     0.00797049
     0.01291811     0.00685406     0.00698269     0.00867095
     0.01282619     0.00680531     0.00693306     0.00819687
     0.01274018     0.00675880     0.00688961     0.00860374
     0.01265596     0.00671424     0.00685162     0.00781748
     0.01257649     0.00667174     0.00681842     0.00754145
     0.01250083     0.00663122     0.00678943     0.00744259
     0.01242866     0.00659258     0.00676412     0.00740246
     0.01235979     0.00655570     0.00674205     0.00738178
     0.01229408     0.00652052     0.00672280     0.00736777
     0.01223138     0.00648695     0.00670602     0.00735631
     0.01217156     0.00645492     0.00669140     0.00734603
     0.01211451     0.00642438     0.00667866     0.00733647
     0.01206010     0.00639524     0.00666757     0.00732746
     0.01200822     0.00636746     0.00665791     0.00731892
     0.01195876     0.00634097     0.00664950     0.00731081
     0.01191161     0.00631572     0.00664218     0.00730311
     0.01186666     0.00629165     0.00663580     0.00729579
     0.01182383     0.00626871     0.00663025     0.00728884
     0.01178301     0.00624684     0.00662542     0.00728223
     0.01174411     0.00622601     0.00662122     0.00727595
     0.01170706     0.00620616     0.00661756     0.00726999
     0.01167176     0.00618725     0.00661437     0.00726431
     0.01163813     0.00616924     0.00661159     0.00725892
     0.01160610     0.00615208     0.00660917     0.00725379
     0.01157559     0.00613573     0.00660706     0.00724892
     0.01154653     0.00612017     0.00660521     0.00724429
     0.01151885     0.00610534     0.00660361     0.00723989
     0.01149249     0.00609121     0.00660220     0.00723570
     0.01146738     0.00607776     0.00660097     0.00723172
     0.01144345     0.00606494     0.00659989     0.00722793
     0.01142067     0.00605273     0.00659894     0.00722433
     0.01139895     0.00604109     0.00659811     0.00722090
     0.01137826     0.00603001     0.00659737     0.00721764
     0.01135854     0.00601944     0.00659672     0.00721454
     0.01133975     0.00600937     0.00659614     0.00721158
     0.01132182     0.00599976     0.00659563     0.00720877
     0.01130472     0.00599060     0.00659516     0.00720609
     0.01128841     0.00598185     0.00659475     0.00720353
     0.01127283     0.00597350     0.00659437     0.00720109
     0.01125796     0.00596553     0.00659403     0.00719877
     0.01124374     0.00595791     0.00659371     0.00719655
     0.01123015     0.00595063     0.00659342     0.00719443
     0.01121715     0.00594366     0.00659314     0.00719240
     0.01120470     0.00593699     0.00659288     0.00719046
     0.01119277     0.00593060     0.00659263     0.00718860
     0.01118133     0.00592446     0.00659240     0.00718682
     0.01117035     0.00591857     0.00659217     0.00718512
     0.01115979     0.00591291     0.00659194     0.00718348
     0.01114963     0.00590747     0.00659171     0.00718190
     0.01113984     0.00590222     0.00659149     0.00718038
     0.01113039     0.00589715     0.00659127     0.00717892
     0.01112125     0.00589226     0.00659104     0.00717750
     0.01111241     0.00588752     0.00659081     0.00717613
     0.01110384     0.00588292     0.00659057     0.00717481
     0.01109550     0.00587845     0.00659033     0.00717352
     0.01108739     0.00587410     0.00659008     0.00717226
     0.01107947     0.00586986     0.00658982     0.00717104
     0.01107172     0.00586570     0.00658955     0.00716985
     0.01106413     0.00586163     0.00658926     0.00716867
     0.01105666     0.00585763     0.00658897     0.00716752
     0.01104930     0.00585368     0.00658866     0.00716639
     0.01104203     0.00584979     0.00658834     0.00716527
     0.01103483     0.00584592     0.00658801     0.00716416
     0.01102767     0.00584208     0.00658765     0.00716306
     0.01102053     0.00583826     0.00658729     0.00716196
     0.01101339     0.00583443     0.00658690     0.00716086
     0.01100624     0.00583060     0.00658649     0.00715976
     0.01099905     0.00582674     0.00658606     0.00715866
     0.01099180     0.00582285     0.00658561     0.00715755
     0.01098447     0.00581892     0.00658514     0.00715642
     0.01097703     0.00581493     0.00658465     0.00715529
     0.01096947     0.00581088     0.00658413     0.00715413
     0.01096176     0.00580674     0.00658358     0.00715297
     0.01095387     0.00580251     0.00658301     0.00715179
     0.01094580     0.00579818     0.00658242     0.00715060
     0.01093750     0.00579373     0.00658179     0.00714943
     0.01092895     0.00578914     0.00658114     0.00714833
     0.01092013     0.00578440     0.00658045     0.00714745
     0.01091100     0.00577949     0.00657974     0.00714718
     0.01090153     0.00577439     0.00657900     0.00714861
     0.01089167     0.00576906     0.00657822     0.00715501
     0.01088137     0.00576346     0.00657742     0.00717622
     0.01087054     0.00575756     0.00657658     0.00724220
     0.01085904     0.00575130     0.00657572     0.00744321
     0.01084677     0.00574471     0.00657482     0.00803707
     0.01083440     0.00573791     0.00657388     0.00946532
     0.01082163     0.00573089     0.00657289     0.00957239
     0.01080817     0.00572359     0.00657185     0.00958051
     0.01079397     0.00571593     0.00657075     0.00957997
     0.01077899     0.00570789     0.00656960     0.00957845
     0.01076321     0.00569942     0.00656840     0.00957671
     0.01074657     0.00569049     0.00656715     0.00957486
     0.01072903     0.00568109     0.00656584     0.00957291
     0.01071054     0.00567117     0.00656447     0.00957084
     0.01069104     0.00566070     0.00656305     0.00956867
     0.01067045     0.00564966     0.00656157     0.00956638
     0.01064873     0.00563801     0.00656004     0.00956397
     0.01062580     0.00562571     0.00655845     0.00956143
     0.01060158     0.00561272     0.00655680     0.00955875
     0.01057601     0.00559900     0.00655510     0.00955593
     0.01054899     0.00558451     0.00655334     0.00955296
     0.01052044     0.00556919     0.00655152     0.00954982
     0.01049028     0.00555300     0.00654966     0.00954652
     0.01045838     0.00553589     0.00654773     0.00954303
     0.01042467     0.00551781     0.00654576     0.00953936
     0.01038902     0.00549868     0.00654374     0.00953548
     0.01035131     0.00547844     0.00654167     0.00953140
     0.01031141     0.00545704     0.00653956     0.00952709
     0.01026920     0.00543439     0.00653740     0.00952255
     0.01022453     0.00541041     0.00653522     0.00951776
     0.01017724     0.00538504     0.00653300     0.00951271
     0.01012717     0.00535816     0.00653076     0.00950739
     0.01007414     0.00532970     0.00652849     0.00950178
     0.01001796     0.00529955     0.00652622     0.00949586
     0.00995843     0.00526759     0.00652394     0.00948962
     0.00989533     0.00523372     0.00652167     0.00948305
     0.00982842     0.00519779     0.00651941     0.00947611
     0.00975744     0.00515968     0.00651717     0.00946881
     0.00968213     0.00511924     0.00651497     0.00946110
     0.00960218     0.00507631     0.00651282     0.00945299
     0.00951727     0.00503070     0.00651072     0.00944443
     0.00942703     0.00498224     0.00650869     0.00943541
     0.00933108     0.00493071     0.00650675     0.00942589
     0.00922895     0.00487591     0.00650491     0.00941583
     0.00912002     0.00481762     0.00650317     0.00940510
     0.00900322     0.00475573     0.00650156     0.00939329
     0.00887626     0.00469049     0.00650008     0.00937843
     0.00873432     0.00462341     0.00649875     0.00934465
     0.00858367     0.00455957     0.00649759     0.00911994
     0.00857083     0.00450773     0.00649660     0.00612976
     0.00833976     0.00441900     0.00649525     0.00567969
     0.00803948     0.00430350     0.00649424     0.00539510
     0.00776462     0.00418197     0.00649361     0.00521438
     0.00753013     0.00406720     0.00649324     0.00509757
     0.00733038     0.00396399     0.00649304     0.00501982
     0.00715848     0.00387305     0.00649293     0.00496607
     0.00700950     0.00379357     0.00649287     0.00492735
     0.00688004     0.00372435     0.00649283     0.00489831
     0.00676753     0.00366419     0.00649278     0.00487575
     0.00666988     0.00361200     0.00649272     0.00485772
     0.00658529     0.00356680     0.00649264     0.00484299
     0.00651213     0.00352772     0.00649254     0.00483077
     0.00644896     0.00349399     0.00649242     0.00482053
     0.00639450     0.00346491     0.00649228     0.00481188
     0.00634763     0.00343988     0.00649213     0.00480454
     0.00630733     0.00341836     0.00649196     0.00479830
     0.00627272     0.00339988     0.00649179     0.00479298
     0.00624303     0.00338404     0.00649162     0.00478844
     0.00621759     0.00337045     0.00649145     0.00478457
     0.00619581     0.00335882     0.00649130     0.00478127
     0.00617717     0.00334888     0.00649115     0.00477845
     0.00616125     0.00334037     0.00649103     0.00477604
     0.00614765     0.00333311     0.00649094     0.00477399
     0.00613604     0.00332692     0.00649087     0.00477225
     0.00612615     0.00332163     0.00649084     0.00477076
     0.00611772     0.00331714     0.00649085     0.00476949
     0.00611056     0.00331331     0.00649091     0.00476841
     0.00610447     0.00331006     0.00649102     0.00476750
     0.00609930     0.00330730     0.00649118     0.00476672
     0.00609494     0.00330497     0.00649142     0.00476607
     0.00609125     0.00330300     0.00649173     0.00476551
     0.00608816     0.00330135     0.00649212     0.00476505
     0.00608557     0.00329997     0.00649261     0.00476466
     0.00608343     0.00329882     0.00649321     0.00476434
     0.00608167     0.00329788     0.00649393     0.00476407
     0.00608026     0.00329713     0.00649479     0.00476386
     0.00607914     0.00329653     0.00649581     0.00476369
     0.00607830     0.00329608     0.00649701     0.00476356
     0.00607771     0.00329577     0.00649842     0.00476348
     0.00607736     0.00329558     0.00650006     0.00476342
     0.00607723     0.00329551     0.00650197     0.00476340
     0.00607733     0.00329556     0.00650419     0.00476341
     0.00607764     0.00329573     0.00650677     0.00476346
     0.00607819     0.00329602     0.00650975     0.00476354
     0.00607898     0.00329644     0.00651320     0.00476366
     0.00608004     0.00329701     0.00651719     0.00476382
     0.00608139     0.00329773     0.00652178     0.00476402
     0.00608306     0.00329862     0.00652708     0.00476427
     0.00608510     0.00329971     0.00653319     0.00476458
     0.00608756     0.00330102     0.00654023     0.00476495
     0.00609051     0.00330260     0.00654833     0.00476539
     0.00609402     0.00330447     0.00655764     0.00476592
     0.00609817     0.00330669     0.00656836     0.00476654
     0.00610308     0.00330931     0.00658068     0.00476728
     0.00610887     0.00331240     0.00659484     0.00476816
     0.00611569     0.00331604     0.00661109     0.00476919
     0.00612371     0.00332033     0.00662976     0.00477040
     0.00613313     0.00332536     0.00665117     0.00477183
     0.00614419     0.00333126     0.00667572     0.00477352
     0.00615716     0.00333819     0.00670386     0.00477551
     0.00617237     0.00334631     0.00673608     0.00477785
     0.00619019     0.00335583     0.00677295     0.00478062
     0.00621105     0.00336697     0.00681512     0.00478390
     0.00623546     0.00338000     0.00686329     0.00478780
     0.00626400     0.00339524     0.00691827     0.00479245
     0.00629733     0.00341304     0.00698096     0.00479805
     0.00633623     0.00343382     0.00705235     0.00480485
     0.00638158     0.00345805     0.00713354     0.00481323
     0.00643440     0.00348627     0.00722576     0.00482379
     0.00649585     0.00351910     0.00733033     0.00483741
     0.00656728     0.00355724     0.00744871     0.00485557
     0.00665029     0.00360149     0.00758250     0.00488070
     0.00674683     0.00365268     0.00773341     0.00491684
     0.00685924     0.00371155     0.00790327     0.00497088
     0.00698997     0.00377847     0.00809405     0.00505436
     0.00713940     0.00385280     0.00830779     0.00518663
     0.00729839     0.00393254     0.00854664     0.00539926
     0.00743163     0.00401738     0.00881278     0.00574194
     0.00748097     0.00413223     0.00910861     0.00628872
