            NaN            NaN            NaN            NaN
            NaN            NaN            NaN            NaN
            NaN            NaN            NaN            NaN
            NaN            NaN            NaN            NaN
            NaN            NaN            NaN            NaN
            NaN            NaN            NaN            NaN
     0.02993729     0.01602721     0.01830540     0.01412674
     0.02540842     0.01357574     0.01491060     0.01159622
     0.02892909     0.01544772     0.01644468     0.01319764
     0.03119579     0.01665534     0.01730720     0.01436823
     0.03146043     0.01679564     0.01713559     0.01466980
     0.03068329     0.01638009     0.01648405     0.01449177
     0.03256325     0.01738292     0.01731954     0.01557392
     0.03109100     0.01659614     0.01642103     0.01505052
     0.03071274     0.01639326     0.01614768     0.01504024
     0.03213955     0.01715373     0.01685517     0.01591360
     0.03276014     0.01748376     0.01716567     0.01639256
     0.03236744     0.01727296     0.01696821     0.01635955
     0.03270596     0.01745233     0.01717317     0.01668977
     0.03158207     0.01685136     0.01662470     0.01626420
     0.03066938     0.01636314     0.01619667     0.01593245
     0.03006537     0.01603967     0.01593854     0.01574904
     0.02920970     0.01558200     0.01555140     0.01542260
     0.02893399     0.01543377     0.01547619     0.01539295
     0.02836868     0.01513110     0.01524834     0.01520137
     0.02742417     0.01462625     0.01481581     0.01479657
     0.02675391     0.01426774     0.01452916     0.01452979
     0.02618750     0.01396468     0.01429677     0.01431122
     0.02643963     0.01409814     0.01451109     0.01453521
     0.02574537     0.01372701     0.01420488     0.01423397
     0.02508848     0.01337586     0.01391509     0.01394587
     0.02475711     0.01319832     0.01380237     0.01383260
     0.02424160     0.01292267     0.01358364     0.01361104
     0.02374588     0.01265762     0.01337201     0.01339499
     0.02321387     0.01237328     0.01313577     0.01315312
     0.02292939     0.01222093     0.01303594     0.01304691
     0.02271264     0.01210471     0.01297172     0.01297562
     0.02241721     0.01194659     0.01285961     0.01285590
     0.02224813     0.01185584     0.01281714     0.01280542
     0.02200430     0.01172530     0.01272887     0.01270896
     0.02166176     0.01154218     0.01258040     0.01255235
     0.02134500     0.01137285     0.01244368     0.01240754
     0.02099818     0.01118753     0.01228629     0.01224229
     0.02085621     0.01111138     0.01224605     0.01219393
     0.02114675     0.01126568     0.01245839     0.01239706
     0.02100095     0.01118754     0.01241231     0.01234306
     0.02085582     0.01110977     0.01236447     0.01228752
     0.02085838     0.01111070     0.01240236     0.01231737
     0.02060336     0.01097444     0.01228514     0.01219343
     0.02035606     0.01084232     0.01217022     0.01207214
     0.02027602     0.01079932     0.01215336     0.01204844
     0.02011384     0.01071258     0.01208554     0.01197449
     0.02004021     0.01067303     0.01206927     0.01195190
     0.02005999     0.01068324     0.01210791     0.01198393
     0.01986463     0.01057888     0.01201524     0.01188626
     0.01993112     0.01061400     0.01207962     0.01194422
     0.01975645     0.01052070     0.01199660     0.01185666
     0.01959913     0.01043665     0.01192265     0.01177838
     0.01939110     0.01032562     0.01181644     0.01166853
     0.01926799     0.01025983     0.01176067     0.01160876
     0.01908193     0.01016053     0.01166524     0.01151013
     0.01893246     0.01008072     0.01159099     0.01143266
     0.01875725     0.00998723     0.01149987     0.01133880
     0.01860892     0.00990806     0.01142416     0.01126038
     0.01849623     0.00984788     0.01136937     0.01120281
     0.01833300     0.00976079     0.01128260     0.01111393
     0.01821893     0.00969990     0.01122521     0.01105420
     0.01809808     0.00963540     0.01116284     0.01098975
     0.01803263     0.00960041     0.01113391     0.01095841
     0.01792438     0.00954264     0.01107787     0.01090054
     0.01777890     0.00946506     0.01099814     0.01081952
     0.01766464     0.00940410     0.01093706     0.01075701
     0.01767425     0.00940910     0.01095212     0.01076953
     0.01755754     0.00934686     0.01088841     0.01070470
     0.01748380     0.00930750     0.01085080     0.01066568
     0.01745338     0.00929120     0.01083962     0.01065274
     0.01743731     0.00928255     0.01083694     0.01064826
     0.01733166     0.00922622     0.01077817     0.01058876
     0.01721187     0.00916237     0.01071015     0.01052030
     0.01709810     0.00910172     0.01064547     0.01045521
     0.01704883     0.00907542     0.01062057     0.01042929
     0.01698034     0.00903889     0.01058337     0.01039137
     0.01691219     0.00900254     0.01054605     0.01035341
     0.01683787     0.00896292     0.01050457     0.01031146
     0.01678416     0.00893427     0.01047567     0.01028191
     0.01669482     0.00888665     0.01042425     0.01023033
     0.01662382     0.00884881     0.01038402     0.01018981
     0.01655068     0.00880982     0.01034219     0.01014778
     0.01650129     0.00878348     0.01031499     0.01012015
     0.01642017     0.00874026     0.01026773     0.01007291
     0.01633243     0.00869351     0.01021611     0.01002145
     0.01632044     0.00868708     0.01021169     0.01001632
     0.01624719     0.00864806     0.01016877     0.00997348
     0.01618905     0.00861707     0.01013512     0.00993978
     0.01613324     0.00858733     0.01010278     0.00990740
     0.01612055     0.00858054     0.01009728     0.00990138
     0.01624408     0.00864626     0.01017700     0.00997896
     0.01618125     0.00861279     0.01013985     0.00994196
     0.01610718     0.00857334     0.01009552     0.00989797
     0.01606058     0.00854851     0.01006829     0.00987077
     0.01600155     0.00851706     0.01003314     0.00983584
     0.01599935     0.00851543     0.01003293     0.01184033
     0.01592400     0.00847492     0.00998643     0.01195193
     0.01586569     0.00844370     0.00995055     0.01192428
     0.01584836     0.00843439     0.00994034     0.01191361
     0.01584933     0.00843487     0.00994159     0.01191514
     0.01582831     0.00842366     0.00992899     0.01189985
     0.01580771     0.00841268     0.00991662     0.01188481
     0.01578803     0.00840219     0.00990479     0.01187041
     0.01574720     0.00838045     0.00987964     0.01184008
     0.01573351     0.00837316     0.00987149     0.01183015
     0.01579708     0.00840698     0.00991178     0.01187827
     0.01604690     0.00853992     0.01006892     0.01206643
     0.01607407     0.00855437     0.01008633     0.01208716
     0.01608548     0.00856043     0.01009383     0.01209602
     0.01602860     0.00853016     0.01005845     0.01205351
     0.01599133     0.00851031     0.01003535     0.01202572
     0.01597986     0.00850421     0.01002842     0.01201733
     0.01595721     0.00849214     0.01001446     0.01200051
     0.01588815     0.00845539     0.00997136     0.01194879
     0.01584450     0.00843216     0.00994418     0.01191615
     0.01579049     0.00840341     0.00991049     0.01187571
     0.01574555     0.00837949     0.00988248     0.01184209
     0.01571665     0.00836410     0.00986452     0.01182051
     0.01571638     0.00836395     0.00986451     0.01182045
     0.01584968     0.00843489     0.00994834     0.01192085
     0.01585197     0.00843611     0.00994993     0.01192271
     0.01579890     0.00840786     0.00991675     0.01188292
     0.01575175     0.00838277     0.00988729     0.01184758
     0.01576815     0.00839149     0.00989771     0.01186002
     0.01571110     0.00836113     0.00986201     0.01181722
     0.01565198     0.00832967     0.00982501     0.01177286
     0.01562604     0.00831586     0.00980883     0.01175344
     0.01567299     0.00834084     0.00983839     0.01178884
     0.01577604     0.00839568     0.00990317     0.01186643
     0.01577833     0.00839689     0.00990469     0.01186823
     0.01579018     0.00840320     0.00991222     0.01187723
     0.01580700     0.00841215     0.00992285     0.01188995
     0.01577197     0.00839351     0.00990093     0.01186367
     0.01590319     0.00846334     0.00998337     0.01196244
     0.01592483     0.00847485     0.00999702     0.01197877
     0.01587126     0.00844634     0.00996345     0.01193853
     0.01586074     0.00844075     0.00995691     0.01193068
     0.01595691     0.00849193     0.01001733     0.01200307
     0.01600272     0.00851630     0.01004614     0.01203757
     0.01597926     0.00850381     0.01003145     0.01201997
     0.01510777     0.00817243     0.00997331     0.00982908
     0.01382422     0.00759373     0.00989561     0.00874764
     0.01266804     0.00701496     0.00982807     0.00810229
     0.01176492     0.00653425     0.00978117     0.00769717
     0.01108236     0.00615907     0.00976114     0.00744211
     0.01052597     0.00584868     0.00973059     0.00725672
     0.01007743     0.00559706     0.00970512     0.00712363
     0.00969598     0.00538276     0.00966906     0.00701398
     0.00940381     0.00521835     0.00966151     0.00694567
     0.00914329     0.00507182     0.00963690     0.00687926
     0.00893296     0.00495341     0.00962368     0.00683116
     0.00883618     0.00489818     0.00969983     0.00685369
     0.00869167     0.00481668     0.00969597     0.00682513
     0.00855253     0.00473833     0.00967317     0.00678775
     0.00848666     0.00470074     0.00971261     0.00679757
     0.00838910     0.00464573     0.00969836     0.00677266
     0.00830269     0.00459702     0.00968165     0.00674846
     0.00824010     0.00456161     0.00967974     0.00673657
     0.00818304     0.00452936     0.00967337     0.00672322
     0.00812620     0.00449732     0.00965787     0.00670493
     0.00806883     0.00446506     0.00963363     0.00668177
     0.00802147     0.00443841     0.00961445     0.00666313
     0.00797554     0.00441261     0.00959112     0.00664246
     0.00794674     0.00439634     0.00958346     0.00663336
     0.00791868     0.00438053     0.00957252     0.00662258
     0.00788050     0.00435916     0.00954577     0.00660138
     0.00786609     0.00435097     0.00954478     0.00659843
     0.00783875     0.00433565     0.00952553     0.00658322
     0.00785086     0.00434218     0.00955209     0.00659997
     0.00785899     0.00434654     0.00957204     0.00661241
     0.00784995     0.00434141     0.00956954     0.00660955
     0.00783961     0.00433559     0.00956413     0.00660488
     0.00782331     0.00432648     0.00955032     0.00659455
     0.00780284     0.00431508     0.00953044     0.00658018
     0.00779626     0.00431137     0.00952672     0.00657707
     0.00778174     0.00430328     0.00951261     0.00656688
     0.00775977     0.00429108     0.00948881     0.00655009
     0.00774171     0.00428105     0.00946929     0.00653631
     0.00774871     0.00428488     0.00948002     0.00654347
     0.00772929     0.00427411     0.00945807     0.00652812
     0.00772854     0.00427366     0.00945868     0.00652837
     0.00771302     0.00426506     0.00944096     0.00651601
     0.00770063     0.00425819     0.00942686     0.00650618
     0.00769019     0.00425240     0.00941498     0.00649789
     0.00767796     0.00424562     0.00940075     0.00648801
     0.00767059     0.00424153     0.00939235     0.00648215
     0.00765784     0.00423447     0.00937725     0.00647169
     0.00764669     0.00422829     0.00936403     0.00646254
     0.00762947     0.00421876     0.00934329     0.00644821
     0.00761379     0.00421008     0.00932439     0.00643515
     0.00759652     0.00420053     0.00930349     0.00642071
     0.00758962     0.00419671     0.00929525     0.00641501
     0.00758393     0.00419356     0.00928845     0.00641032
     0.00756869     0.00418512     0.00926991     0.00639752
     0.00755396     0.00417698     0.00925199     0.00638515
     0.00755482     0.00417745     0.00925313     0.00638595
     0.00753714     0.00416767     0.00923156     0.00637106
     0.00752320     0.00415996     0.00921455     0.00635932
     0.00752774     0.00416247     0.00922015     0.00636319
     0.00751865     0.00415744     0.00920906     0.00635554
     0.00750660     0.00415078     0.00919433     0.00634538
     0.00750107     0.00414772     0.00918759     0.00634073
     0.00748599     0.00413938     0.00916914     0.00632800
     0.00747394     0.00413272     0.00915440     0.00631784
     0.00746316     0.00412675     0.00914121     0.00630874
     0.00745981     0.00412490     0.00913712     0.00630592
     0.00744557     0.00411703     0.00911968     0.00629389
     0.00743592     0.00411169     0.00910787     0.00628574
     0.00742564     0.00410600     0.00909528     0.00627705
     0.00741800     0.00410178     0.00908593     0.00627060
     0.00741807     0.00410182     0.00908602     0.00627066
     0.00741287     0.00409894     0.00907965     0.00626627
     0.00740615     0.00409523     0.00907142     0.00626060
     0.00744578     0.00411714     0.00911996     0.00629410
     0.00743645     0.00411198     0.00910853     0.00628621
     0.00744202     0.00411506     0.00911535     0.00629092
     0.00742776     0.00410717     0.00909789     0.00627887
     0.00741816     0.00410187     0.00908613     0.00627076
     0.00741417     0.00409966     0.00908124     0.00626738
