            NaN            NaN            NaN            NaN
            NaN            NaN            NaN            NaN
            NaN            NaN            NaN            NaN
            NaN            NaN            NaN            NaN
            NaN            NaN            NaN            NaN
            NaN            NaN            NaN            NaN
     0.02993729     0.00894913     0.00242422     0.00821760
     0.02540842     0.00759532     0.00205899     0.00697446
     0.02892909     0.00864775     0.00240187     0.00794086
     0.03119579     0.00932534     0.00265905     0.00856305
     0.03146043     0.00940444     0.00275000     0.00863569
     0.03068329     0.00917213     0.00274636     0.00842238
     0.03256325     0.00973411     0.00298012     0.00893841
     0.03109100     0.00929401     0.00290534     0.00853429
     0.03071274     0.00918094     0.00292676     0.00843046
     0.03213955     0.00960745     0.00311968     0.00882211
     0.03276014     0.00979297     0.00323557     0.00899246
     0.03236744     0.00967558     0.00324949     0.00888467
     0.03270596     0.00977677     0.00333451     0.00897759
     0.03158207     0.00944081     0.00326716     0.00866909
     0.03066938     0.00916798     0.00321669     0.00841856
     0.03006537     0.00898742     0.00319461     0.00825276
     0.02920970     0.00873163     0.00314209     0.00801788
     0.02893399     0.00864922     0.00314886     0.00794220
     0.02836868     0.00848023     0.00312153     0.00778703
     0.02742417     0.00819789     0.00304923     0.00752777
     0.02675391     0.00799753     0.00300423     0.00734378
     0.02618750     0.00782821     0.00296827     0.00718831
     0.02643963     0.00790358     0.00302354     0.00725752
     0.02574537     0.00769604     0.00296899     0.00706695
     0.02508848     0.00749968     0.00291638     0.00688663
     0.02475711     0.00740062     0.00289967     0.00679567
     0.02424160     0.00724652     0.00285969     0.00665417
     0.02374588     0.00709834     0.00282029     0.00651810
     0.02321387     0.00693931     0.00277491     0.00637207
     0.02292939     0.00685427     0.00275769     0.00629398
     0.02271264     0.00678947     0.00274749     0.00623448
     0.02241721     0.00670116     0.00272668     0.00615339
     0.02224813     0.00665062     0.00272024     0.00610698
     0.02200430     0.00657773     0.00270375     0.00604005
     0.02166176     0.00647533     0.00267416     0.00594602
     0.02134500     0.00638064     0.00264679     0.00585907
     0.02099818     0.00627697     0.00261478     0.00576387
     0.02085621     0.00623453     0.00260750     0.00572490
     0.02114675     0.00632138     0.00265386     0.00580465
     0.02100095     0.00627780     0.00264506     0.00576463
     0.02085582     0.00623442     0.00263575     0.00572480
     0.02085838     0.00623518     0.00264460     0.00572550
     0.02060336     0.00615895     0.00262029     0.00565550
     0.02035606     0.00608502     0.00259637     0.00558761
     0.02027602     0.00606110     0.00259330     0.00556564
     0.02011384     0.00601262     0.00257929     0.00552113
     0.02004021     0.00599060     0.00257623     0.00550091
     0.02005999     0.00599652     0.00258484     0.00550634
     0.01986463     0.00593812     0.00256537     0.00545272
     0.01993112     0.00595799     0.00257940     0.00547097
     0.01975645     0.00590578     0.00256192     0.00542303
     0.01959913     0.00585875     0.00254635     0.00537984
     0.01939110     0.00579657     0.00252386     0.00532274
     0.01926799     0.00575977     0.00251212     0.00528895
     0.01908193     0.00570415     0.00249188     0.00523787
     0.01893246     0.00565947     0.00247616     0.00519684
     0.01875725     0.00560709     0.00245681     0.00514875
     0.01860892     0.00556275     0.00244074     0.00510803
     0.01849623     0.00552906     0.00242913     0.00507710
     0.01833300     0.00548027     0.00241067     0.00503230
     0.01821893     0.00544617     0.00239848     0.00500099
     0.01809808     0.00541005     0.00238522     0.00496781
     0.01803263     0.00539048     0.00237910     0.00494985
     0.01792438     0.00535812     0.00236718     0.00492013
     0.01777890     0.00531463     0.00235018     0.00488020
     0.01766464     0.00528048     0.00233717     0.00484883
     0.01767425     0.00528335     0.00234043     0.00485147
     0.01755754     0.00524846     0.00232685     0.00481944
     0.01748380     0.00522642     0.00231884     0.00479920
     0.01745338     0.00521733     0.00231648     0.00479085
     0.01743731     0.00521252     0.00231594     0.00478644
     0.01733166     0.00518094     0.00230340     0.00475744
     0.01721187     0.00514513     0.00228888     0.00472455
     0.01709810     0.00511112     0.00227508     0.00469332
     0.01704883     0.00509639     0.00226977     0.00467980
     0.01698034     0.00507592     0.00226184     0.00466100
     0.01691219     0.00505555     0.00225388     0.00464229
     0.01683787     0.00503333     0.00224503     0.00462189
     0.01678416     0.00501728     0.00223886     0.00460715
     0.01669482     0.00499057     0.00222788     0.00458263
     0.01662382     0.00496935     0.00221929     0.00456314
     0.01655068     0.00494748     0.00221036     0.00454306
     0.01650129     0.00493272     0.00220456     0.00452950
     0.01642017     0.00490847     0.00219446     0.00450724
     0.01633243     0.00488224     0.00218344     0.00448315
     0.01632044     0.00487866     0.00218250     0.00447986
     0.01624719     0.00485676     0.00217333     0.00445975
     0.01618905     0.00483938     0.00216615     0.00444379
     0.01613324     0.00482270     0.00215924     0.00442848
     0.01612055     0.00481890     0.00215807     0.00442499
     0.01624408     0.00485583     0.00217511     0.00445890
     0.01618125     0.00483705     0.00216718     0.00444165
     0.01610718     0.00481491     0.00215771     0.00442132
     0.01606058     0.00480098     0.00215189     0.00440853
     0.01600155     0.00478333     0.00214438     0.00439233
     0.01599935     0.00478268     0.00214602     0.00439172
     0.01592400     0.00476015     0.00213611     0.00437104
     0.01586569     0.00474272     0.00212839     0.00435504
     0.01584836     0.00473754     0.00212617     0.00435028
     0.01584933     0.00473783     0.00212640     0.00435055
     0.01582831     0.00473154     0.00212367     0.00434477
     0.01580771     0.00472539     0.00212100     0.00433912
     0.01578803     0.00471951     0.00211845     0.00433372
     0.01574720     0.00470730     0.00211305     0.00432251
     0.01573351     0.00470321     0.00211129     0.00431875
     0.01579708     0.00472221     0.00211989     0.00433620
     0.01604690     0.00479689     0.00215348     0.00440477
     0.01607407     0.00480501     0.00215720     0.00441223
     0.01608548     0.00480842     0.00215879     0.00441537
     0.01602860     0.00479142     0.00215121     0.00439975
     0.01599133     0.00478028     0.00214626     0.00438952
     0.01597986     0.00477685     0.00214477     0.00438637
     0.01595721     0.00477008     0.00214178     0.00438016
     0.01588815     0.00474943     0.00213256     0.00436120
     0.01584450     0.00473639     0.00212674     0.00434922
     0.01579049     0.00472024     0.00211953     0.00433439
     0.01574555     0.00470681     0.00211353     0.00432206
     0.01571665     0.00469817     0.00210969     0.00431412
     0.01571638     0.00469809     0.00210969     0.00431405
     0.01584968     0.00473793     0.00212761     0.00435064
     0.01585197     0.00473862     0.00212795     0.00435127
     0.01579890     0.00472275     0.00212085     0.00433670
     0.01575175     0.00470866     0.00211455     0.00432376
     0.01576815     0.00471356     0.00211677     0.00432826
     0.01571110     0.00469651     0.00210914     0.00431260
     0.01565198     0.00467884     0.00210122     0.00429637
     0.01562604     0.00467108     0.00209776     0.00428925
     0.01567299     0.00468512     0.00210408     0.00430214
     0.01577604     0.00471592     0.00211793     0.00433043
     0.01577833     0.00471660     0.00211826     0.00433105
     0.01579018     0.00472015     0.00211987     0.00433431
     0.01580700     0.00472518     0.00212214     0.00433892
     0.01577197     0.00471470     0.00211745     0.00432931
     0.01590319     0.00475393     0.00213508     0.00436533
     0.01592483     0.00476040     0.00213800     0.00437127
     0.01587126     0.00474438     0.00213082     0.00435656
     0.01586074     0.00474124     0.00212942     0.00435368
     0.01595691     0.00476999     0.00214234     0.00438007
     0.01600272     0.00478368     0.00214850     0.00439265
     0.01597926     0.00477667     0.00214536     0.00438621
     0.01510777     0.00451615     0.00159124     0.00414699
     0.01382422     0.00413246     0.00156931     0.00379466
     0.01266804     0.00378685     0.00156276     0.00347730
     0.01176492     0.00351688     0.00155374     0.00322940
     0.01108236     0.00331284     0.00154881     0.00304204
     0.01052597     0.00314652     0.00154283     0.00288931
     0.01007743     0.00301244     0.00153800     0.00276619
     0.00969598     0.00289841     0.00153165     0.00266149
     0.00940381     0.00281107     0.00152989     0.00258129
     0.00914329     0.00273320     0.00152546     0.00250978
     0.00893296     0.00267032     0.00152288     0.00245204
     0.00883618     0.00264139     0.00153447     0.00242548
     0.00869167     0.00259819     0.00153345     0.00238581
     0.00855253     0.00255660     0.00152947     0.00234762
     0.00848666     0.00253691     0.00153538     0.00232954
     0.00838910     0.00250775     0.00153283     0.00230276
     0.00830269     0.00248192     0.00152993     0.00227904
     0.00824010     0.00246321     0.00152941     0.00226186
     0.00818304     0.00244615     0.00152821     0.00224619
     0.00812620     0.00242916     0.00152560     0.00223059
     0.00806883     0.00241201     0.00152163     0.00221484
     0.00802147     0.00239785     0.00151848     0.00220184
     0.00797554     0.00238412     0.00151470     0.00218924
     0.00794674     0.00237551     0.00151342     0.00218133
     0.00791868     0.00236712     0.00151162     0.00217363
     0.00788050     0.00235571     0.00150735     0.00216315
     0.00786609     0.00235141     0.00150715     0.00215919
     0.00783875     0.00234323     0.00150408     0.00215169
     0.00785086     0.00234685     0.00150826     0.00215501
     0.00785899     0.00234928     0.00151139     0.00215725
     0.00784995     0.00234658     0.00151099     0.00215476
     0.00783961     0.00234349     0.00151013     0.00215193
     0.00782331     0.00233862     0.00150794     0.00214745
     0.00780284     0.00233250     0.00150481     0.00214183
     0.00779626     0.00233053     0.00150422     0.00214003
     0.00778174     0.00232619     0.00150200     0.00213604
     0.00775977     0.00231962     0.00149825     0.00213001
     0.00774171     0.00231422     0.00149518     0.00212505
     0.00774871     0.00231632     0.00149688     0.00212697
     0.00772929     0.00231051     0.00149342     0.00212164
     0.00772854     0.00231029     0.00149353     0.00212144
     0.00771302     0.00230565     0.00149074     0.00211718
     0.00770063     0.00230194     0.00148852     0.00211378
     0.00769019     0.00229882     0.00148665     0.00211091
     0.00767796     0.00229517     0.00148441     0.00210755
     0.00767059     0.00229296     0.00148309     0.00210553
     0.00765784     0.00228915     0.00148072     0.00210203
     0.00764669     0.00228582     0.00147864     0.00209897
     0.00762947     0.00228067     0.00147537     0.00209424
     0.00761379     0.00227598     0.00147239     0.00208994
     0.00759652     0.00227082     0.00146910     0.00208520
     0.00758962     0.00226876     0.00146780     0.00208331
     0.00758393     0.00226706     0.00146673     0.00208174
     0.00756869     0.00226250     0.00146381     0.00207756
     0.00755396     0.00225810     0.00146098     0.00207352
     0.00755482     0.00225836     0.00146117     0.00207375
     0.00753714     0.00225307     0.00145777     0.00206890
     0.00752320     0.00224891     0.00145508     0.00206507
     0.00752774     0.00225026     0.00145597     0.00206632
     0.00751865     0.00224754     0.00145422     0.00206382
     0.00750660     0.00224394     0.00145190     0.00206051
     0.00750107     0.00224229     0.00145084     0.00205900
     0.00748599     0.00223778     0.00144792     0.00205486
     0.00747394     0.00223418     0.00144560     0.00205155
     0.00746316     0.00223096     0.00144352     0.00204859
     0.00745981     0.00222996     0.00144287     0.00204767
     0.00744557     0.00222570     0.00144012     0.00204376
     0.00743592     0.00222282     0.00143826     0.00204112
     0.00742564     0.00221974     0.00143627     0.00203829
     0.00741800     0.00221746     0.00143479     0.00203620
     0.00741807     0.00221748     0.00143481     0.00203621
     0.00741287     0.00221592     0.00143380     0.00203479
     0.00740615     0.00221392     0.00143250     0.00203294
     0.00744578     0.00222576     0.00144017     0.00204382
     0.00743645     0.00222297     0.00143836     0.00204126
     0.00744202     0.00222464     0.00143944     0.00204279
     0.00742776     0.00222037     0.00143668     0.00203887
     0.00741816     0.00221751     0.00143483     0.00203624
     0.00741417     0.00221631     0.00143406     0.00203514
