            NaN            NaN            NaN            NaN
            NaN            NaN            NaN            NaN
            NaN            NaN            NaN            NaN
            NaN            NaN            NaN            NaN
            NaN            NaN            NaN            NaN
            NaN            NaN            NaN            NaN
     7.36028957     0.03666185     0.19221238     0.06040029
     7.36335059     0.03772918     0.18772811     0.05727403
     7.35685199     0.04697868     0.17242699     0.04900561
     7.36831305     0.05262954     0.15954556     0.04621291
     7.38926500     0.05205588     0.16882931     0.03793035
     7.38111287     0.05415553     0.16449817     0.03582869
     7.41133399     0.04507021     0.17200811     0.02466095
     7.42117857     0.04491754     0.17182694     0.04001480
     7.44073965     0.04370804     0.17001869     0.05774601
     7.45052368     0.04601322     0.18334331     0.07055187
     7.45561787     0.04538281     0.17097005     0.05762310
     7.46991506     0.04288910     0.17258753     0.03621550
     7.48908432     0.04563489     0.16301086     0.03264770
     7.49692375     0.04729621     0.15709558     0.03273874
     7.50742029     0.04292635     0.15588470     0.02544906
     7.50995697     0.04266572     0.14864467     0.02232728
     7.52092087     0.04243706     0.15370936     0.01701970
     7.54388149     0.03928256     0.15070035     0.01025317
     7.55798896     0.04100328     0.14900083    -0.00289085
     7.56630400     0.04098358     0.14874164     0.00020069
     7.56722105     0.04156524     0.15061381     0.00512350
     7.57022457     0.04541158     0.15172433     0.00647964
     7.58677315     0.05070508     0.15717511     0.00883173
     7.59551792     0.04962734     0.15730280     0.00375433
     7.60485908     0.04872311     0.15892265     0.00195326
     7.61248374     0.04505751     0.15606031    -0.00367492
     7.62620493     0.04407282     0.15602476     0.00239981
     7.63574539     0.04543363     0.15749389    -0.00321082
     7.64534292     0.04550434     0.15737160    -0.00037688
     7.65336902     0.04726192     0.16215771     0.00213522
     7.65185582     0.04538923     0.16237799     0.00049134
     7.66226333     0.04573716     0.16071615     0.01275403
     7.66271271     0.04438505     0.16175701     0.02386297
     7.67699631     0.04414838     0.15811962     0.02932387
     7.68120044     0.04301459     0.15684003     0.02879239
     7.68412167     0.04355014     0.15845350     0.02911357
     7.69510139     0.04334524     0.15869221     0.03255638
     7.69912720     0.04670140     0.15600891     0.02688651
     7.69770256     0.05081068     0.16029832     0.04244564
     7.71549927     0.05232439     0.15972565     0.04025930
     7.72944793     0.05027942     0.15996377     0.02940167
     7.73299711     0.04621386     0.15847570     0.01962364
     7.74257893     0.04677847     0.15624391     0.01560945
     7.75473733     0.04552045     0.15540158     0.01453505
     7.76026096     0.04938762     0.15294464     0.01780877
     7.76984468     0.05053921     0.15674503     0.02226889
     7.78131520     0.04751056     0.15976192     0.01455320
     7.78198526     0.04979950     0.15453602     0.01951447
     7.79063328     0.04993330     0.15518223     0.01081431
     7.79291612     0.05259266     0.15124742     0.02491615
     7.80475347     0.05250735     0.15311360     0.01857596
     7.81958552     0.05313316     0.15419877     0.01712644
     7.82806300     0.05292577     0.15538274     0.01843238
     7.83753706     0.05167012     0.15170702     0.01456309
     7.84496306     0.05076161     0.15118376     0.01794103
     7.85487389     0.05235755     0.14934203     0.01485105
     7.86546504     0.05319494     0.14997443     0.01492220
     7.87039335     0.05294831     0.14792873     0.01238482
     7.88333018     0.05402487     0.15052845     0.01379419
     7.89409744     0.05414957     0.15012798     0.01153196
     7.90653559     0.05384730     0.14864812     0.01857026
     7.91496633     0.05537741     0.15018012     0.01336779
     7.93199118     0.05560760     0.14916844     0.01622716
     7.94038136     0.05526070     0.14740859     0.00792902
     7.95058917     0.05494184     0.14671164     0.00841887
     7.95494791     0.05510298     0.14856753     0.01082916
     7.97315035     0.05518466     0.15211761     0.01029506
     7.98253442     0.05558603     0.15045967     0.01532399
     7.99683765     0.05497952     0.14979529     0.00844545
     8.01373649     0.05539307     0.14739196     0.01163694
     8.03100441     0.05615666     0.14948339     0.01695266
     8.03755644     0.05741186     0.15011379     0.02114074
     8.04603270     0.05647993     0.14990460     0.02242858
     8.05502076     0.05548715     0.15060231     0.02094275
     8.06727465     0.05588836     0.14926454     0.01041817
     8.07089852     0.05469989     0.14730979     0.01363696
     8.07819710     0.05316460     0.14853557     0.02123402
     8.08678336     0.05336847     0.15005416     0.02985850
     8.10193738     0.05253214     0.14841359     0.02958852
     8.11483563     0.05260383     0.14852152     0.02805820
     8.12345966     0.05311641     0.14635749     0.03488614
     8.12870747     0.05158865     0.14771884     0.03650731
     8.14203988     0.05146626     0.15074911     0.03835968
     8.14760241     0.05176602     0.15109623     0.04404243
     8.15676127     0.05161571     0.15301628     0.04440562
     8.15725373     0.05025585     0.15150379     0.04946336
     8.16672308     0.05183443     0.15234324     0.05236566
     8.17748172     0.05298480     0.15499665     0.05379070
     8.19032282     0.05364311     0.15548933     0.04735612
     8.19273537     0.05582880     0.15616403     0.05376656
     8.21392820     0.05470731     0.15945891     0.04482121
     8.21795369     0.05561043     0.16095356     0.04422284
     8.22744245     0.05655144     0.16207931     0.04077006
     8.23117032     0.05554942     0.15992679     0.03791929
     8.24448243     0.05469262     0.16061003     0.03656089
     8.26099777     0.05619390     0.16174137     0.02637728
     8.26902386     0.05697755     0.16239667     0.03136671
     8.28195320     0.05686257     0.16126014     0.03612044
     8.29689975     0.05614378     0.16034867     0.05409933
     8.30650891     0.05818961     0.16369975     0.07208353
     8.30680565     0.05724595     0.16343622     0.07253951
     8.31493202     0.05612311     0.16659504     0.09077121
     8.31745737     0.05752288     0.16563870     0.10665294
     8.32289744     0.05555371     0.16700589     0.10643511
     8.32271265     0.05630207     0.16736640     0.11105084
     8.33175587     0.05902413     0.17307412     0.12127524
     8.34565597     0.06560374     0.16958781     0.10350809
     8.35981611     0.06457292     0.16713596     0.07330785
     8.36521350     0.06135312     0.16518120     0.08683292
     8.37190579     0.06216132     0.16320019     0.08440877
     8.38256742     0.06067846     0.16296392     0.06668153
     8.38806918     0.06222014     0.16514833     0.04434774
     8.39614595     0.06417034     0.16623928     0.06477316
     8.40470081     0.06439451     0.16637343     0.06641962
     8.41118078     0.06325014     0.16757840     0.08094861
     8.42043665     0.06266500     0.16907294     0.07067938
     8.43197589     0.06354884     0.17060528     0.06115601
     8.43319146     0.06337278     0.17152478     0.05876550
     8.43422674     0.06127075     0.17259611     0.06614859
     8.45841730     0.06118211     0.17071457     0.08523852
     8.46769120     0.06416177     0.17371385     0.08786321
     8.47898152     0.06421651     0.17526157     0.08886800
     8.48362484     0.06438267     0.17698647     0.09239749
     8.48512740     0.06269916     0.17850808     0.11592810
     8.49492037     0.06330160     0.17871376     0.12247849
     8.50130605     0.06314037     0.17860620     0.12435382
     8.50988871     0.06419375     0.17981544     0.14682758
     8.51117785     0.06791122     0.18121862     0.13820185
     8.51740771     0.06550947     0.17674222     0.09664716
     8.52543369     0.06233874     0.17805866     0.11111300
     8.53827491     0.06432680     0.18235894     0.10911563
     8.53587633     0.06487447     0.18159315     0.10150728
     8.54603555     0.06426662     0.18432065     0.11083899
     8.54983993     0.06871773     0.18807558     0.07703500
     8.54899782     0.06872665     0.18511041     0.06152104
     8.55954186     0.06904677     0.18513327     0.06642815
     8.56128377     0.07003729     0.18523608     0.08526920
     8.57234760     0.07301229     0.18059535     0.04812759
     8.57693049     0.06969876     0.17679165     0.02908081
     8.58899536     0.07008563     0.17597512     0.05146976
     8.59228454     0.06858543     0.17326971     0.05355082
     8.60247703     0.06471992     0.17467518     0.05550533
     8.61459005     0.06286800     0.17743267     0.05674971
     8.62190962     0.06467983     0.17676460     0.05133513
     8.62515905     0.06944775     0.17753767     0.04677650
     8.63116787     0.07016730     0.17579042     0.04216259
     8.63900461     0.07045356     0.17216736     0.04145407
     8.64721782     0.07112092     0.17292701     0.04043482
     8.66145371     0.07006002     0.17039296     0.03674899
     8.66798277     0.06896776     0.17238986     0.03856314
     8.67647345     0.06961704     0.17178056     0.03283699
     8.68248565     0.07088194     0.17114587     0.01935766
     8.69146563     0.06869028     0.16739373     0.02157755
     8.69616058     0.06757098     0.16638336     0.02245184
     8.70136516     0.06580249     0.16663516     0.03266282
     8.70927390     0.06353763     0.16451742     0.03376849
     8.71550945     0.06208302     0.16235074     0.03591028
     8.73042759     0.06092998     0.16574877     0.03513137
     8.73621230     0.06096511     0.16153610     0.03303405
     8.74672007     0.05909980     0.16118297     0.03621815
     8.75227776     0.05946258     0.16069483     0.03836618
     8.76472401     0.05807826     0.16016637     0.03970358
     8.77567927     0.05704275     0.16135275     0.04011272
     8.78149063     0.05779546     0.15995879     0.04542128
     8.78839709     0.05723097     0.15908583     0.04014422
     8.79454313     0.05752907     0.15881975     0.04083187
     8.80676513     0.05620629     0.15776781     0.04651486
     8.81041504     0.05622788     0.15711414     0.04457472
     8.81248727     0.05869396     0.15652637     0.05177779
     8.81087671     0.06079354     0.15372735     0.05309086
     8.81319061     0.06203065     0.15264011     0.04874946
     8.82249877     0.06143436     0.15124332     0.04280776
     8.82570006     0.06043183     0.15133372     0.04014545
     8.83164416     0.06188480     0.15223462     0.04098753
     8.84171263     0.06398141     0.14898156     0.03899183
     8.85121829     0.06571249     0.15137021     0.03843224
     8.85789838     0.06636879     0.15052234     0.03740005
     8.86719546     0.06484073     0.14955936     0.03861861
     8.86468791     0.06411175     0.15006745     0.03652448
     8.86978700     0.06419918     0.14914329     0.03555243
     8.87274777     0.06237592     0.14774654     0.03131245
     8.88464681     0.06151016     0.14861774     0.03339071
     8.89129180     0.06192561     0.15031892     0.02955943
     8.90112829     0.05975871     0.15207120     0.02940921
     8.90436120     0.05958451     0.15021994     0.03043028
     8.91374562     0.05710199     0.15162405     0.02871126
     8.91625989     0.05668224     0.15208348     0.02901603
     8.92081283     0.05847151     0.15116292     0.02840516
     8.93010680     0.05766174     0.15028595     0.02664908
     8.93794635     0.05629586     0.15132311     0.02556459
     8.94464897     0.05604568     0.15142523     0.02780865
     8.95934200     0.05581545     0.15308028     0.02990558
     8.96268750     0.05445444     0.15528802     0.02787103
     8.97386830     0.05544970     0.15467943     0.02907197
     8.98400661     0.05467429     0.15582861     0.02688392
     8.99625498     0.05287872     0.15824646     0.02273809
     9.00519841     0.05252252     0.15786802     0.02111458
     9.01120017     0.05122833     0.15897354     0.02044622
     9.02531118     0.05091528     0.16306763     0.01751753
     9.03010364     0.04951208     0.16142112     0.01543144
     9.04137644     0.05044798     0.16351293     0.01573751
     9.05650639     0.04944916     0.16479809     0.01660932
     9.06339169     0.04866965     0.16585400     0.01497152
     9.06887961     0.04855745     0.16506468     0.01817811
     9.08156936     0.04787335     0.16625206     0.02017863
     9.09657337     0.04659344     0.16697631     0.02262365
     9.10263008     0.04693468     0.16734340     0.02506863
     9.11426662     0.04624728     0.16990953     0.02599609
     9.11767886     0.04715207     0.16996983     0.02768310
     9.12212865     0.04518363     0.16987868     0.02633163
     9.12463974     0.04632226     0.16696788     0.02886411
     9.12634852     0.04705747     0.16516026     0.02855222
     9.13147506     0.04773070     0.16523200     0.02402306
     9.14526989     0.05178167     0.16312104     0.01635811
     9.15793526     0.05024334     0.16367404     0.01715145
     9.16108198     0.05188271     0.16394960     0.02308600
     9.16960882     0.05129865     0.16236215     0.02424990
     9.17335801     0.05269316     0.16282872     0.02386190
     9.17698226     0.05180525     0.16093802     0.02746579
