     7.31162931     0.04050613     0.16342511     0.05503905
     7.32334622     0.04050613     0.16351791     0.05503905
     7.33037283     0.04050613     0.16383610     0.05503905
     7.33338258     0.04050613     0.16423560     0.05503905
     7.33847138     0.04050613     0.16407203     0.05503905
     7.34625860     0.04050613     0.16370528     0.05503905
     7.35154073     0.04073362     0.16321039     0.05423475
     7.35990005     0.04034301     0.16246691     0.05216077
     7.37164383     0.04088345     0.16165470     0.04944333
     7.39023498     0.04234205     0.16113607     0.04651038
     7.40357677     0.04352634     0.16102695     0.04162540
     7.40310349     0.04256717     0.16059474     0.04095849
     7.41646938     0.04302614     0.16026254     0.03941290
     7.42539980     0.04382229     0.15963539     0.04953899
     7.44120842     0.04509418     0.15895169     0.05587384
     7.44611392     0.04659972     0.15831086     0.05446896
     7.45622457     0.04510089     0.15693116     0.04286286
     7.46695207     0.04524339     0.15608710     0.03125676
     7.48725142     0.04600591     0.15508767     0.02818945
     7.49653017     0.04545429     0.15461062     0.02512215
     7.50377640     0.04378534     0.15448774     0.01902243
     7.51173003     0.04273161     0.15444092     0.01486208
     7.51903208     0.04358078     0.15479553     0.00880784
     7.53704846     0.04389443     0.15489249     0.00284929
     7.55085200     0.04470950     0.15523392    -0.00107096
     7.55976555     0.04466337     0.15574517     0.00204454
     7.56531228     0.04474693     0.15630054     0.00512876
     7.57469171     0.04638949     0.15668495     0.00598320
     7.58876136     0.04918920     0.15694242     0.00499118
     7.59616661     0.04879360     0.15691071     0.00148367
     7.60240628     0.04842628     0.15688408    -0.00051598
     7.60923773     0.04715955     0.15678793    -0.00208833
     7.62131520     0.04763737     0.15687659    -0.00010023
     7.63068717     0.04847427     0.15697753    -0.00072524
     7.64028863     0.04886805     0.15699257     0.00242205
     7.64609268     0.04951761     0.15701241     0.00586355
     7.64618236     0.04819897     0.15673512     0.01026377
     7.65546760     0.04820996     0.15638881     0.01906805
     7.65650589     0.04734602     0.15616178     0.02538749
     7.66922095     0.04723835     0.15582394     0.02793470
     7.67492142     0.04639464     0.15575372     0.02858389
     7.67909695     0.04642782     0.15574061     0.02994965
     7.69068823     0.04671915     0.15559430     0.03178338
     7.70121388     0.04740462     0.15538909     0.03247903
     7.70390671     0.04874109     0.15528731     0.03663155
     7.71832954     0.04980570     0.15482487     0.03078898
     7.72751331     0.04903131     0.15444121     0.02260862
     7.73156108     0.04713500     0.15407993     0.01750481
     7.74147596     0.04727095     0.15376298     0.01623321
     7.75410376     0.04730043     0.15359417     0.01691640
     7.76387816     0.04834859     0.15343902     0.01918482
     7.77052302     0.04911435     0.15342407     0.01948329
     7.77917775     0.04837100     0.15318661     0.01694741
     7.78561769     0.04793736     0.15271247     0.01936806
     7.79535300     0.04793331     0.15253079     0.01841351
     7.80287378     0.04814324     0.15226370     0.02331315
     7.81342376     0.04880066     0.15221325     0.01980617
     7.82586744     0.04957248     0.15203486     0.01877546
     7.83298259     0.04935680     0.15180257     0.01851152
     7.84275401     0.04851538     0.15148856     0.01726784
     7.85129858     0.04815141     0.15141676     0.01806280
     7.86275483     0.04864650     0.15134617     0.01679514
     7.87314561     0.04895839     0.15139745     0.01649953
     7.88089762     0.04865043     0.15141265     0.01592386
     7.89222476     0.04968684     0.15153589     0.01631591
     7.90263060     0.04994554     0.15150213     0.01619880
     7.91555275     0.05020614     0.15150308     0.01779449
     7.92428553     0.05100766     0.15159243     0.01525243
     7.93915928     0.05151534     0.15158431     0.01452680
     7.94829996     0.05113200     0.15168219     0.01151097
     7.95887868     0.05112616     0.15190995     0.01241058
     7.96432693     0.05148443     0.15219380     0.01363822
     7.97850373     0.05273723     0.15234411     0.01368003
     7.98861083     0.05302260     0.15229244     0.01507805
     8.00168942     0.05361410     0.15235215     0.01349595
     8.01753893     0.05472207     0.15247601     0.01635033
     8.03204251     0.05598258     0.15280216     0.01920051
     8.03894271     0.05622473     0.15303303     0.02077520
     8.04666013     0.05584759     0.15324340     0.02009666
     8.05475357     0.05560882     0.15349226     0.01809842
     8.06572761     0.05557542     0.15371273     0.01597231
     8.07033360     0.05459527     0.15408206     0.02049588
     8.07691971     0.05434494     0.15460968     0.02583661
     8.08445378     0.05483141     0.15507924     0.02974252
     8.09771349     0.05516517     0.15548779     0.03018150
     8.10909032     0.05559440     0.15606956     0.03166956
     8.11805793     0.05557362     0.15670907     0.03582908
     8.12296666     0.05528485     0.15756154     0.03778483
     8.13338707     0.05600363     0.15836935     0.04017054
     8.13927350     0.05599839     0.15904864     0.04363577
     8.14665294     0.05594227     0.15975287     0.04526283
     8.15065559     0.05505838     0.16039408     0.04823188
     8.16098724     0.05616857     0.16112538     0.04904903
     8.17100787     0.05730741     0.16183957     0.04802785
     8.18404175     0.05810429     0.16242108     0.04524014
     8.18858216     0.05894398     0.16299869     0.04533170
     8.20456105     0.05997514     0.16355916     0.03982176
     8.20998031     0.06019791     0.16397317     0.03827653
     8.21864400     0.06053590     0.16429057     0.03564002
     8.22420073     0.05995701     0.16456952     0.03370975
     8.23619548     0.06073581     0.16499827     0.03215370
     8.25076981     0.06228605     0.16541000     0.02534655
     8.25877936     0.06293168     0.16580114     0.03118428
     8.27015319     0.06356161     0.16617835     0.03891079
     8.28355894     0.06419273     0.16669172     0.05536865
     8.29137859     0.06512660     0.16731838     0.06942808
     8.29291859     0.06425108     0.16778583     0.07457228
     8.29939360     0.06416539     0.16829033     0.09065038
     8.30332474     0.06400125     0.16860410     0.10279549
     8.30902135     0.06330746     0.16901397     0.10398912
     8.31366267     0.06360147     0.16932230     0.10903778
     8.32436810     0.06577507     0.16954503     0.11165632
     8.33956088     0.06805428     0.16932328     0.09380401
     8.35052475     0.06755469     0.16939126     0.07370663
     8.35634638     0.06604651     0.16970213     0.08167345
     8.36398673     0.06602168     0.17014746     0.07567989
     8.37453894     0.06585139     0.17077394     0.05965239
     8.38177639     0.06656467     0.17144373     0.04844895
     8.39018888     0.06740379     0.17197933     0.06416081
     8.39810100     0.06750445     0.17248331     0.06736940
     8.40392564     0.06725781     0.17303068     0.07493612
     8.41224375     0.06749567     0.17352933     0.06540616
     8.42221692     0.06799896     0.17395914     0.05858933
     8.42453210     0.06736287     0.17433644     0.05977125
     8.42654384     0.06693321     0.17466185     0.06910074
     8.44797206     0.06863121     0.17489975     0.08281719
     8.45672725     0.07029047     0.17531490     0.08540706
     8.46608305     0.07074153     0.17556750     0.08787887
     8.47013637     0.07057191     0.17575052     0.09558797
     8.47225987     0.06989889     0.17583448     0.11423996
     8.48139831     0.07038453     0.17578540     0.12023106
     8.48857544     0.07044606     0.17572992     0.12525666
     8.49823389     0.07104352     0.17566018     0.13780339
     8.50103018     0.07148982     0.17547074     0.12445351
     8.50727859     0.07008093     0.17518471     0.09715696
     8.51409884     0.06968012     0.17520723     0.10620331
     8.52473991     0.07098839     0.17511433     0.10294549
     8.52591529     0.07051155     0.17473261     0.09806432
     8.53599774     0.07103521     0.17433536     0.09720390
     8.54142587     0.07216550     0.17367713     0.07096112
     8.54444777     0.07125859     0.17270119     0.06211972
     8.55466113     0.07149872     0.17182134     0.06722506
     8.55950030     0.07134892     0.17087453     0.07319801
     8.57099541     0.07159100     0.16980380     0.04405802
     8.57652049     0.06985780     0.16903630     0.03429503
     8.58604240     0.06992291     0.16846049     0.04779740
     8.59005280     0.06856790     0.16795494     0.04747424
     8.59680040     0.06768455     0.16760267     0.04646303
     8.60713476     0.06770791     0.16713876     0.04476838
     8.61791821     0.06827710     0.16642737     0.04227901
     8.62524568     0.06932205     0.16566081     0.04016269
     8.63310545     0.06906747     0.16475303     0.03817815
     8.64236902     0.06886721     0.16388948     0.03677009
     8.65021962     0.06898726     0.16321672     0.03498043
     8.66345001     0.06850934     0.16245086     0.03289749
     8.67026145     0.06800301     0.16182747     0.03144296
     8.67960255     0.06802260     0.16098580     0.02898785
     8.68499005     0.06789960     0.16012069     0.02748535
     8.69325650     0.06655143     0.15928575     0.02971228
     8.69695304     0.06558702     0.15867275     0.03205579
     8.70114645     0.06441317     0.15811174     0.03491535
     8.70833571     0.06319348     0.15749268     0.03552512
     8.71383795     0.06257496     0.15698888     0.03608579
     8.72656517     0.06256547     0.15662250     0.03618229
     8.73203274     0.06227945     0.15599252     0.03682682
     8.74163408     0.06181894     0.15565417     0.03829358
     8.74611133     0.06208057     0.15531602     0.03937329
     8.75661277     0.06195089     0.15501819     0.04011220
     8.76642326     0.06199714     0.15476270     0.04085689
     8.77238338     0.06231890     0.15440580     0.04188015
     8.77850040     0.06231419     0.15412692     0.04148432
     8.78318761     0.06256787     0.15391065     0.04271606
     8.79511962     0.06221468     0.15373197     0.04417578
     8.80050752     0.06221158     0.15360295     0.04443953
     8.80556268     0.06286788     0.15347717     0.04534684
     8.80706578     0.06304066     0.15333308     0.04399774
     8.81025511     0.06302781     0.15334745     0.04147156
     8.81978537     0.06247160     0.15344515     0.03936553
     8.82477442     0.06197638     0.15365091     0.03851028
     8.83248988     0.06276866     0.15382630     0.03816924
     8.84384160     0.06375746     0.15391543     0.03731274
     8.85308217     0.06446238     0.15424599     0.03665940
     8.85953250     0.06405778     0.15443231     0.03594269
     8.86955404     0.06263816     0.15471214     0.03526649
     8.86883823     0.06135140     0.15506103     0.03401708
     8.87461166     0.06051992     0.15537063     0.03287586
     8.87805122     0.05919455     0.15576851     0.03158258
     8.88964616     0.05878747     0.15629750     0.03118665
     8.89506869     0.05851820     0.15679777     0.03006727
     8.90437982     0.05721942     0.15724272     0.02981466
     8.90788104     0.05623755     0.15758514     0.02966346
     8.91747731     0.05480237     0.15809937     0.02903454
     8.92215605     0.05415547     0.15852607     0.02887020
     8.92752814     0.05428793     0.15890784     0.02842364
     8.93667857     0.05349044     0.15939110     0.02784139
     8.94459051     0.05266369     0.15998169     0.02764226
     8.95135917     0.05234840     0.16053260     0.02775942
     8.96533963     0.05213774     0.16111988     0.02714892
     8.96950055     0.05136405     0.16163172     0.02576372
     8.98041105     0.05160387     0.16199693     0.02455109
     8.98936541     0.05109650     0.16244849     0.02251386
     9.00047563     0.05035876     0.16287101     0.02058880
     9.00915846     0.04994074     0.16315400     0.01953387
     9.01473670     0.04939622     0.16349468     0.01866212
     9.02715413     0.04949545     0.16378446     0.01775275
     9.03257456     0.04897901     0.16381078     0.01766306
     9.04191059     0.04979808     0.16395237     0.01817864
     9.05536165     0.04973401     0.16398935     0.01883333
     9.06172899     0.04954420     0.16395200     0.01961323
     9.06652383     0.04969704     0.16383970     0.02122654
     9.07677663     0.05000603     0.16379703     0.02232163
     9.09016526     0.05010943     0.16370238     0.02331212
     9.09522428     0.05050292     0.16356007     0.02405535
     9.10552749     0.05060611     0.16340172     0.02427642
     9.10867446     0.05054580     0.16304891     0.02445193
     9.11420550     0.04947804     0.16267687     0.02409886
     9.11927456     0.04950750     0.16224844     0.02411421
     9.12353589     0.04965461     0.16196311     0.02312348
     9.13041561     0.05052253     0.16174856     0.02171924
     9.14265407     0.05253886     0.16148137     0.02120019
     9.15495441     0.05225943     0.16141262     0.02289697
     9.15873905     0.05268953     0.16128655     0.02504359
     9.16816450     0.05235038     0.16112619     0.02585019
     9.17226597     0.05252024     0.16105025     0.02653748
     9.17698226     0.05180525     0.16093802     0.02746579
