            NaN            NaN            NaN            NaN
            NaN            NaN            NaN            NaN
            NaN            NaN            NaN            NaN
            NaN            NaN            NaN            NaN
            NaN            NaN            NaN            NaN
            NaN            NaN            NaN            NaN
    -0.00247827     0.00074083    -0.00131801    -0.00068027
    -0.00362839     0.00108463    -0.00320454    -0.00099597
    -0.01122899     0.00335667    -0.01519339    -0.00308229
    -0.02546915     0.00761347    -0.01315985    -0.00699113
    -0.03515860     0.01050994    -0.00182976    -0.00965082
    -0.03736327     0.01116897    -0.00763053    -0.01025599
    -0.02703399     0.00808125     0.01648343    -0.00742066
    -0.00732887     0.00219081     0.01271291    -0.00201173
     0.01108255    -0.00331290     0.01459675     0.00304209
     0.01907352    -0.00570163     0.00760658     0.00523556
     0.02509243    -0.00750086     0.00081638     0.00688772
     0.02768034    -0.00827446     0.00455096     0.00759808
     0.02832778    -0.00846800    -0.00000870     0.00777580
     0.02238895    -0.00669271    -0.00547838     0.00614563
     0.02343521    -0.00700547     0.00283993     0.00643282
     0.02170263    -0.00648755    -0.00368049     0.00595724
     0.01704183    -0.00509430    -0.00080075     0.00467788
     0.02666481    -0.00797089     0.01001016     0.00731933
     0.03084094    -0.00921926     0.00317941     0.00846565
     0.03069080    -0.00917438     0.00035471     0.00842444
     0.02337855    -0.00698853    -0.00549748     0.00641727
     0.00423123    -0.00126484    -0.01407280     0.00116145
    -0.01730975     0.00517439    -0.01239012    -0.00475142
    -0.02455932     0.00734150    -0.00444459    -0.00674138
    -0.02313948     0.00691707     0.00143375    -0.00635165
    -0.01113134     0.00332748     0.00763187    -0.00305549
     0.00333357    -0.00099650     0.01056348     0.00091504
     0.00965231    -0.00288536     0.00420658     0.00264950
     0.01330948    -0.00397859     0.00271884     0.00365337
     0.01055518    -0.00315525    -0.00097540     0.00289733
     0.00778718    -0.00232782    -0.00300579     0.00213753
     0.00522247    -0.00156115    -0.00151186     0.00143354
     0.00364969    -0.00109100    -0.00178194     0.00100182
     0.00567049    -0.00169508     0.00178872     0.00155652
     0.00711746    -0.00212762     0.00019548     0.00195370
     0.00190293    -0.00056884    -0.00408811     0.00052234
     0.00061111    -0.00018268    -0.00010484     0.00016775
    -0.01388360     0.00415021    -0.01184015    -0.00381096
    -0.03975836     0.01188494    -0.01878007    -0.01091343
    -0.05176287     0.01547344    -0.00696628    -0.01420859
    -0.04351523     0.01300798     0.00618612    -0.01194466
    -0.02481101     0.00741674     0.01105865    -0.00681047
    -0.01372313     0.00410224     0.00619493    -0.00376691
    -0.00008423     0.00002518     0.00941180    -0.00002312
    -0.00603676     0.00180456    -0.00607284    -0.00165705
    -0.01232318     0.00368376    -0.00322270    -0.00338264
    -0.00184820     0.00055248     0.00868393    -0.00050732
    -0.00746566     0.00223170    -0.00705156    -0.00204928
    -0.01426608     0.00426455    -0.00432703    -0.00391595
    -0.02951222     0.00882207    -0.01278376    -0.00810092
    -0.03558617     0.01063775    -0.00319563    -0.00976819
    -0.03187162     0.00952736     0.00318657    -0.00874856
    -0.02405640     0.00719116     0.00487437    -0.00660333
    -0.01333106     0.00398504     0.00612142    -0.00365929
    -0.00347016     0.00103733     0.00605097    -0.00095254
    -0.00262919     0.00078594    -0.00011951    -0.00072170
    -0.00342984     0.00102528    -0.00018216    -0.00094147
    -0.00585825     0.00175120    -0.00272097    -0.00160805
    -0.00703338     0.00210248     0.00041447    -0.00193062
    -0.00486314     0.00145373     0.00160902    -0.00133490
     0.00170451    -0.00050953     0.00468744     0.00046788
     0.00052787    -0.00015780    -0.00078097     0.00014490
     0.00556212    -0.00166268     0.00463591     0.00152677
     0.00899244    -0.00268810     0.00190176     0.00246837
     0.01217473    -0.00363938     0.00245883     0.00334189
     0.01042399    -0.00311604    -0.00128132     0.00286132
     0.01644395    -0.00491558     0.00677803     0.00451376
     0.02046078    -0.00611633     0.00254290     0.00561636
     0.02628875    -0.00785848     0.00516674     0.00721610
     0.03300501    -0.00986616     0.00569223     0.00905967
     0.04024539    -0.01203053     0.00721694     0.01104711
     0.03746616    -0.01119973    -0.00165079     0.01028423
     0.03531860    -0.01055776    -0.00054931     0.00969474
     0.03501374    -0.01046663     0.00091299     0.00961106
     0.03191515    -0.00954037    -0.00115990     0.00876051
     0.02765318    -0.00826635    -0.00327730     0.00759063
     0.02756320    -0.00823945     0.00092714     0.00756593
     0.02643364    -0.00790179     0.00012624     0.00725587
     0.03141522    -0.00939093     0.00474172     0.00862328
     0.03557457    -0.01063428     0.00403161     0.00976500
     0.03396814    -0.01015407    -0.00103536     0.00932405
     0.03298153    -0.00985914     0.00004844     0.00905323
     0.03499832    -0.01046202     0.00355607     0.00960682
     0.03204599    -0.00957949    -0.00183689     0.00879643
     0.02867253    -0.00857106    -0.00098071     0.00787043
     0.02345927    -0.00701266    -0.00437974     0.00643943
     0.01261692    -0.00377157    -0.00652490     0.00346327
     0.00393098    -0.00117508    -0.00452144     0.00107903
    -0.00019032     0.00005689    -0.00178210    -0.00005224
    -0.01339537     0.00400427    -0.00995146    -0.00367695
    -0.00704450     0.00210581     0.00738722    -0.00193367
    -0.00560229     0.00167469     0.00009651    -0.00153779
    -0.00744305     0.00222495    -0.00103044    -0.00204307
    -0.00867042     0.00259184    -0.00206795    -0.00237998
    -0.00254223     0.00075995     0.00512556    -0.00069783
     0.00357153    -0.00106763     0.00531062     0.00098036
     0.00540964    -0.00161710     0.00113554     0.00148491
     0.00971860    -0.00290517     0.00349412     0.00266770
     0.01996265    -0.00596742     0.00799216     0.00547963
     0.02032249    -0.00607499     0.00112118     0.00557840
     0.01607435    -0.00480509    -0.00376765     0.00441231
     0.01619658    -0.00484163     0.00140956     0.00444586
     0.00598113    -0.00178793    -0.00794581     0.00164178
     0.00323206    -0.00096616    -0.00136999     0.00088718
    -0.00775805     0.00231911    -0.00870915    -0.00212954
    -0.02232517     0.00667365    -0.00856790    -0.00612812
    -0.04910947     0.01468026    -0.01898512    -0.01348025
    -0.05452981     0.01630056    -0.00350652    -0.01496810
    -0.04272220     0.01277092     0.00652201    -0.01172698
    -0.03690619     0.01103234     0.00202258    -0.01013052
    -0.02411212     0.00720782     0.00831877    -0.00661863
    -0.02135008     0.00638216     0.00089829    -0.00586047
    -0.02469555     0.00738222    -0.00270232    -0.00677878
    -0.02507001     0.00749416    -0.00060135    -0.00688156
    -0.01943748     0.00581043     0.00348070    -0.00533547
    -0.01087325     0.00325033     0.00582823    -0.00298464
    -0.00457609     0.00136793     0.00458435    -0.00125611
    -0.00458906     0.00137180    -0.00119735    -0.00125967
    -0.00283114     0.00084631     0.00046936    -0.00077713
     0.01078240    -0.00322317     0.01134086     0.00295970
     0.01111450    -0.00332245     0.00052009     0.00305086
     0.01309898    -0.00391567     0.00238093     0.00359559
     0.01097506    -0.00328077    -0.00147827     0.00301259
     0.01010640    -0.00302110    -0.00082502     0.00277415
     0.00740283    -0.00221292    -0.00137112     0.00203203
     0.00434075    -0.00129758    -0.00219315     0.00119151
    -0.00094951     0.00028384    -0.00317276    -0.00026063
    -0.02283695     0.00682663    -0.01600321    -0.00626860
    -0.03061191     0.00915079    -0.00630669    -0.00840278
    -0.02100159     0.00627799     0.00679135    -0.00576481
    -0.01460271     0.00436518     0.00515158    -0.00400835
    -0.01922333     0.00574642    -0.00561139    -0.00527669
    -0.01754635     0.00524512     0.00197841    -0.00481637
    -0.03322693     0.00993250    -0.01150744    -0.00912059
    -0.04909322     0.01467540    -0.01319140    -0.01347579
    -0.05533256     0.01654052    -0.00437946    -0.01518845
    -0.06182697     0.01848189    -0.00646439    -0.01697113
    -0.07217850     0.02157627    -0.00906009    -0.01981256
    -0.06527259     0.01951189     0.00243823    -0.01791693
    -0.05400156     0.01614265     0.00666193    -0.01482310
    -0.03964694     0.01185163     0.00709247    -0.01088284
    -0.02950863     0.00882099     0.00790290    -0.00809994
    -0.02000995     0.00598156     0.00753184    -0.00549261
    -0.01053412     0.00314896     0.00471906    -0.00289155
    -0.00517465     0.00154685     0.00106448    -0.00142041
    -0.00366837     0.00109658    -0.00001869    -0.00100694
    -0.00319321     0.00095454    -0.00049287    -0.00087652
    -0.00360342     0.00107717    -0.00036432    -0.00098912
    -0.00300401     0.00089799     0.00086488    -0.00082458
    -0.00133567     0.00039927     0.00129628    -0.00036663
    -0.00075625     0.00022606     0.00018084    -0.00020758
    -0.00261255     0.00078097    -0.00167712    -0.00071713
    -0.00235483     0.00070393    -0.00005162    -0.00064639
    -0.00174208     0.00052076    -0.00003661    -0.00047819
     0.00036884    -0.00011026     0.00112689     0.00010124
     0.00301890    -0.00090244     0.00157959     0.00082867
     0.00513055    -0.00153367     0.00100918     0.00140830
     0.00741641    -0.00221698     0.00270598     0.00203576
     0.00825190    -0.00246674    -0.00010182     0.00226510
     0.00946483    -0.00282932     0.00113657     0.00259804
     0.00901234    -0.00269405    -0.00051321     0.00247383
     0.00947139    -0.00283127     0.00079851     0.00259984
     0.01060013    -0.00316869     0.00130299     0.00290967
     0.01020667    -0.00305107    -0.00061762     0.00280167
     0.00802811    -0.00239984    -0.00134241     0.00220367
     0.00535077    -0.00159950    -0.00183447     0.00146875
     0.00552457    -0.00165146     0.00035717     0.00151646
     0.00417536    -0.00124814    -0.00122784     0.00114611
     0.00026683    -0.00007976    -0.00328735     0.00007324
    -0.00636551     0.00190284    -0.00554819    -0.00174729
    -0.01362691     0.00407348    -0.00535081    -0.00374050
    -0.01734257     0.00518420    -0.00253230    -0.00476043
    -0.01809806     0.00541004    -0.00109011    -0.00496781
    -0.01866826     0.00558049    -0.00080996    -0.00512432
    -0.01949073     0.00582635    -0.00111191    -0.00535009
    -0.01968749     0.00588517    -0.00008319    -0.00540409
    -0.01867238     0.00558172     0.00009036    -0.00512545
    -0.01487376     0.00444620     0.00212501    -0.00408276
    -0.01263521     0.00377704     0.00040369    -0.00346829
    -0.01168140     0.00349191     0.00003709    -0.00320647
    -0.01026277     0.00306784     0.00024176    -0.00281707
    -0.00717281     0.00214416     0.00221239    -0.00196889
    -0.00538460     0.00160961     0.00116165    -0.00147804
    -0.00136479     0.00040797     0.00290692    -0.00037463
     0.00083350    -0.00024916     0.00070119     0.00022879
     0.00371388    -0.00111019     0.00223773     0.00101944
     0.00488931    -0.00146156     0.00037925     0.00134208
     0.00228537    -0.00068316    -0.00207059     0.00062732
     0.00069820    -0.00020871    -0.00094028     0.00019165
     0.00083465    -0.00024950     0.00025584     0.00022911
     0.00125703    -0.00037576     0.00011987     0.00034505
     0.00290870    -0.00086950     0.00178632     0.00079842
     0.00454890    -0.00135980     0.00103335     0.00124864
     0.00470390    -0.00140613     0.00027710     0.00129119
     0.00523809    -0.00156582     0.00078346     0.00143782
     0.00729492    -0.00218067     0.00217646     0.00200241
     0.00871339    -0.00260469     0.00106913     0.00239177
     0.00954023    -0.00285185     0.00066253     0.00261873
     0.01024002    -0.00306104     0.00166991     0.00281082
     0.01097866    -0.00328184     0.00021563     0.00301357
     0.00978886    -0.00292618    -0.00011411     0.00268698
     0.01086971    -0.00324927     0.00159748     0.00298367
     0.01149201    -0.00343530     0.00063667     0.00315449
     0.01084169    -0.00324090    -0.00063743     0.00297598
     0.01076754    -0.00321873     0.00062363     0.00295562
     0.01284883    -0.00384089     0.00214737     0.00352693
     0.01311602    -0.00392076     0.00016209     0.00360027
     0.01331258    -0.00397952     0.00093706     0.00365422
     0.01130824    -0.00338036    -0.00154653     0.00310404
     0.00958405    -0.00286495    -0.00116865     0.00263076
     0.00556696    -0.00166413    -0.00336252     0.00152810
    -0.00014552     0.00004350    -0.00436443    -0.00003994
    -0.00599456     0.00179195    -0.00392644    -0.00164547
    -0.01302509     0.00389358    -0.00436039    -0.00357531
    -0.01339076     0.00400289     0.00003797    -0.00367568
    -0.01342048     0.00401178    -0.00081156    -0.00368384
    -0.01208082     0.00361131     0.00045957    -0.00331611
    -0.01239281     0.00370457    -0.00075802    -0.00340175
    -0.01134116     0.00339020    -0.00020207    -0.00311308
