     0.01651241     0.00493604     0.00386978     0.00453256
     0.01602968     0.00479174     0.00230193     0.00440005
     0.01554609     0.00464718     0.00227931     0.00426731
     0.01508450     0.00450920     0.00227630     0.00414060
     0.01464725     0.00437849     0.00227385     0.00402058
     0.01425983     0.00426268     0.00227047     0.00391424
     0.01409533     0.00421351     0.00194749     0.00386908
     0.01395698     0.00417215     0.00189479     0.00383111
     0.01382080     0.00413144     0.00188596     0.00379372
     0.01368853     0.00409190     0.00188543     0.00375742
     0.01356192     0.00405405     0.00188533     0.00372266
     0.01344122     0.00401797     0.00188516     0.00368953
     0.01332618     0.00398359     0.00188499     0.00365796
     0.01321650     0.00395080     0.00188487     0.00362785
     0.01311188     0.00391952     0.00188482     0.00359913
     0.01301224     0.00388974     0.00188502     0.00357178
     0.01291811     0.00386160     0.00188601     0.00354594
     0.01282619     0.00383412     0.00188587     0.00352071
     0.01274018     0.00380841     0.00188595     0.00349710
     0.01265596     0.00378324     0.00188574     0.00347398
     0.01257649     0.00375948     0.00188480     0.00345217
     0.01250083     0.00373687     0.00188453     0.00343140
     0.01242866     0.00371529     0.00188447     0.00341159
     0.01235979     0.00369470     0.00188445     0.00339269
     0.01229408     0.00367506     0.00188443     0.00337465
     0.01223138     0.00365632     0.00188442     0.00335744
     0.01217156     0.00363844     0.00188440     0.00334102
     0.01211451     0.00362138     0.00188439     0.00332536
     0.01206010     0.00360512     0.00188439     0.00331042
     0.01200822     0.00358961     0.00188438     0.00329618
     0.01195876     0.00357482     0.00188437     0.00328261
     0.01191161     0.00356073     0.00188436     0.00326966
     0.01186666     0.00354729     0.00188436     0.00325733
     0.01182383     0.00353449     0.00188435     0.00324557
     0.01178301     0.00352229     0.00188435     0.00323436
     0.01174411     0.00351066     0.00188434     0.00322369
     0.01170706     0.00349958     0.00188434     0.00321352
     0.01167176     0.00348903     0.00188433     0.00320383
     0.01163813     0.00347898     0.00188433     0.00319460
     0.01160610     0.00346940     0.00188433     0.00318580
     0.01157559     0.00346028     0.00188432     0.00317743
     0.01154653     0.00345160     0.00188432     0.00316945
     0.01151885     0.00344332     0.00188431     0.00316185
     0.01149249     0.00343544     0.00188431     0.00315462
     0.01146738     0.00342793     0.00188431     0.00314772
     0.01144345     0.00342078     0.00188430     0.00314116
     0.01142067     0.00341397     0.00188430     0.00313490
     0.01139895     0.00340748     0.00188429     0.00312894
     0.01137826     0.00340130     0.00188429     0.00312326
     0.01135854     0.00339540     0.00188429     0.00311785
     0.01133975     0.00338978     0.00188428     0.00311269
     0.01132182     0.00338442     0.00188428     0.00310777
     0.01130472     0.00337931     0.00188427     0.00310308
     0.01128841     0.00337444     0.00188427     0.00309860
     0.01127283     0.00336978     0.00188426     0.00309432
     0.01125796     0.00336533     0.00188426     0.00309024
     0.01124374     0.00336108     0.00188425     0.00308634
     0.01123015     0.00335702     0.00188424     0.00308261
     0.01121715     0.00335314     0.00188424     0.00307904
     0.01120470     0.00334941     0.00188423     0.00307562
     0.01119277     0.00334585     0.00188422     0.00307235
     0.01118133     0.00334243     0.00188422     0.00306921
     0.01117035     0.00333914     0.00188421     0.00306619
     0.01115979     0.00333599     0.00188420     0.00306329
     0.01114963     0.00333295     0.00188419     0.00306050
     0.01113984     0.00333002     0.00188418     0.00305782
     0.01113039     0.00332720     0.00188417     0.00305522
     0.01112125     0.00332447     0.00188416     0.00305272
     0.01111241     0.00332183     0.00188415     0.00305029
     0.01110384     0.00331926     0.00188414     0.00304794
     0.01109550     0.00331677     0.00188413     0.00304565
     0.01108739     0.00331434     0.00188411     0.00304342
     0.01107947     0.00331198     0.00188410     0.00304125
     0.01107172     0.00330966     0.00188409     0.00303912
     0.01106413     0.00330739     0.00188407     0.00303704
     0.01105666     0.00330516     0.00188406     0.00303499
     0.01104930     0.00330296     0.00188404     0.00303297
     0.01104203     0.00330079     0.00188402     0.00303097
     0.01103483     0.00329863     0.00188400     0.00302899
     0.01102767     0.00329649     0.00188398     0.00302703
     0.01102053     0.00329436     0.00188396     0.00302507
     0.01101339     0.00329223     0.00188394     0.00302311
     0.01100624     0.00329009     0.00188392     0.00302115
     0.01099905     0.00328794     0.00188389     0.00301917
     0.01099180     0.00328577     0.00188387     0.00301718
     0.01098447     0.00328358     0.00188384     0.00301517
     0.01097703     0.00328136     0.00188381     0.00301313
     0.01096947     0.00327909     0.00188378     0.00301105
     0.01096176     0.00327679     0.00188375     0.00300893
     0.01095387     0.00327443     0.00188372     0.00300677
     0.01094580     0.00327202     0.00188368     0.00300455
     0.01093750     0.00326954     0.00188364     0.00300228
     0.01092895     0.00326698     0.00188360     0.00299993
     0.01092013     0.00326435     0.00188356     0.00299751
     0.01091100     0.00326162     0.00188351     0.00299500
     0.01090153     0.00325879     0.00188347     0.00299240
     0.01089167     0.00325584     0.00188341     0.00298970
     0.01088137     0.00325276     0.00188336     0.00298687
     0.01087054     0.00324952     0.00188330     0.00298390
     0.01085904     0.00324608     0.00188329     0.00298074
     0.01084677     0.00324242     0.00188354     0.00297737
     0.01083440     0.00323872     0.00188504     0.00297398
     0.01082163     0.00323490     0.00188502     0.00297047
     0.01080817     0.00323088     0.00188494     0.00296678
     0.01079397     0.00322663     0.00188486     0.00296288
     0.01077899     0.00322216     0.00188477     0.00295877
     0.01076321     0.00321744     0.00188468     0.00295443
     0.01074657     0.00321246     0.00188459     0.00294987
     0.01072903     0.00320722     0.00188449     0.00294505
     0.01071054     0.00320169     0.00188438     0.00293998
     0.01069104     0.00319586     0.00188427     0.00293462
     0.01067045     0.00318971     0.00188415     0.00292897
     0.01064873     0.00318322     0.00188402     0.00292301
     0.01062580     0.00317636     0.00188389     0.00291672
     0.01060158     0.00316912     0.00188375     0.00291007
     0.01057601     0.00316148     0.00188361     0.00290305
     0.01054899     0.00315340     0.00188346     0.00289563
     0.01052044     0.00314487     0.00188329     0.00288780
     0.01049028     0.00313585     0.00188312     0.00287952
     0.01045838     0.00312632     0.00188294     0.00287076
     0.01042467     0.00311624     0.00188275     0.00286151
     0.01038902     0.00310558     0.00188255     0.00285172
     0.01035131     0.00309431     0.00188234     0.00284137
     0.01031141     0.00308238     0.00188212     0.00283042
     0.01026920     0.00306977     0.00188189     0.00281883
     0.01022453     0.00305641     0.00188164     0.00280657
     0.01017724     0.00304228     0.00188138     0.00279359
     0.01012717     0.00302731     0.00188111     0.00277985
     0.01007414     0.00301146     0.00188082     0.00276529
     0.01001796     0.00299466     0.00188052     0.00274987
     0.00995843     0.00297687     0.00188021     0.00273353
     0.00989533     0.00295800     0.00187987     0.00271621
     0.00982842     0.00293800     0.00187952     0.00269784
     0.00975744     0.00291679     0.00187915     0.00267836
     0.00968213     0.00289427     0.00187877     0.00265769
     0.00960218     0.00287037     0.00187836     0.00263574
     0.00951727     0.00284499     0.00187793     0.00261243
     0.00942703     0.00281802     0.00187748     0.00258766
     0.00933108     0.00278933     0.00187701     0.00256133
     0.00922895     0.00275880     0.00187650     0.00253329
     0.00912002     0.00272624     0.00187596     0.00250339
     0.00900322     0.00269133     0.00187534     0.00247133
     0.00887626     0.00265338     0.00187451     0.00243648
     0.00873432     0.00261094     0.00187317     0.00239752
     0.00858367     0.00256591     0.00187259     0.00235616
     0.00857083     0.00256207     0.00170672     0.00235264
     0.00833976     0.00249300     0.00134264     0.00228921
     0.00803948     0.00240324     0.00132789     0.00220679
     0.00776462     0.00232107     0.00132637     0.00213134
     0.00753013     0.00225098     0.00132313     0.00206697
     0.00733038     0.00219126     0.00132061     0.00201214
     0.00715848     0.00213988     0.00131891     0.00196496
     0.00700950     0.00209535     0.00131771     0.00192407
     0.00688004     0.00205664     0.00131679     0.00188853
     0.00676753     0.00202301     0.00131604     0.00185764
     0.00666988     0.00199382     0.00131541     0.00183084
     0.00658529     0.00196854     0.00131488     0.00180762
     0.00651213     0.00194667     0.00131442     0.00178754
     0.00644896     0.00192778     0.00131403     0.00177020
     0.00639450     0.00191150     0.00131370     0.00175525
     0.00634763     0.00189749     0.00131341     0.00174238
     0.00630733     0.00188544     0.00131317     0.00173132
     0.00627272     0.00187510     0.00131296     0.00172182
     0.00624303     0.00186622     0.00131278     0.00171367
     0.00621759     0.00185862     0.00131262     0.00170669
     0.00619581     0.00185211     0.00131249     0.00170071
     0.00617717     0.00184654     0.00131238     0.00169560
     0.00616125     0.00184178     0.00131228     0.00169122
     0.00614765     0.00183771     0.00131220     0.00168749
     0.00613604     0.00183424     0.00131213     0.00168431
     0.00612615     0.00183128     0.00131207     0.00168159
     0.00611772     0.00182877     0.00131202     0.00167928
     0.00611056     0.00182662     0.00131197     0.00167731
     0.00610447     0.00182480     0.00131194     0.00167564
     0.00609930     0.00182326     0.00131191     0.00167422
     0.00609494     0.00182196     0.00131188     0.00167302
     0.00609125     0.00182085     0.00131186     0.00167201
     0.00608816     0.00181993     0.00131184     0.00167116
     0.00608557     0.00181916     0.00131183     0.00167045
     0.00608343     0.00181851     0.00131182     0.00166986
     0.00608167     0.00181799     0.00131181     0.00166938
     0.00608026     0.00181757     0.00131180     0.00166899
     0.00607914     0.00181723     0.00131180     0.00166869
     0.00607830     0.00181698     0.00131180     0.00166846
     0.00607771     0.00181681     0.00131180     0.00166830
     0.00607736     0.00181670     0.00131180     0.00166820
     0.00607723     0.00181666     0.00131181     0.00166816
     0.00607733     0.00181669     0.00131182     0.00166819
     0.00607764     0.00181679     0.00131183     0.00166828
     0.00607819     0.00181695     0.00131185     0.00166843
     0.00607898     0.00181719     0.00131187     0.00166864
     0.00608004     0.00181750     0.00131189     0.00166893
     0.00608139     0.00181790     0.00131192     0.00166930
     0.00608306     0.00181840     0.00131196     0.00166976
     0.00608510     0.00181902     0.00131200     0.00167032
     0.00608756     0.00181975     0.00131205     0.00167100
     0.00609051     0.00182063     0.00131211     0.00167181
     0.00609402     0.00182168     0.00131217     0.00167277
     0.00609817     0.00182292     0.00131225     0.00167391
     0.00610308     0.00182439     0.00131235     0.00167526
     0.00610887     0.00182612     0.00131246     0.00167685
     0.00611569     0.00182816     0.00131259     0.00167872
     0.00612371     0.00183056     0.00131275     0.00168092
     0.00613313     0.00183337     0.00131293     0.00168351
     0.00614419     0.00183668     0.00131314     0.00168654
     0.00615716     0.00184056     0.00131339     0.00169010
     0.00617237     0.00184510     0.00131368     0.00169428
     0.00619019     0.00185043     0.00131402     0.00169917
     0.00621105     0.00185667     0.00131442     0.00170490
     0.00623546     0.00186396     0.00131489     0.00171160
     0.00626400     0.00187249     0.00131545     0.00171943
     0.00629733     0.00188246     0.00131610     0.00172858
     0.00633623     0.00189408     0.00131685     0.00173926
     0.00638158     0.00190764     0.00131775     0.00175171
     0.00643440     0.00192343     0.00131879     0.00176620
     0.00649585     0.00194180     0.00132002     0.00178307
     0.00656728     0.00196315     0.00132147     0.00180268
     0.00665029     0.00198797     0.00132320     0.00182546
     0.00674683     0.00201682     0.00132529     0.00185196
     0.00685924     0.00205043     0.00132786     0.00188282
     0.00698997     0.00208951     0.00133097     0.00191870
     0.00713940     0.00213418     0.00133445     0.00195972
     0.00729839     0.00218170     0.00133779     0.00200336
     0.00743163     0.00222153     0.00134711     0.00203994
     0.00748097     0.00223628     0.00143866     0.00205348
