    -0.01068391     0.00319373    -0.00645119    -0.00293267
    -0.01721762     0.00514685    -0.00433434    -0.00472613
    -0.02176303     0.00650561    -0.00316800    -0.00597382
    -0.00928818     0.00277651     0.00761781    -0.00254955
    -0.00029828     0.00008916     0.00558949    -0.00008188
     0.00746370    -0.00223112     0.00494648     0.00204874
     0.00627057    -0.00187446    -0.00064462     0.00172123
    -0.00017785     0.00005316    -0.00401543    -0.00004882
    -0.02602083     0.00777839    -0.01648725    -0.00714256
    -0.04739108     0.01416658    -0.01403741    -0.01300856
    -0.04947037     0.01478814    -0.00206568    -0.01357931
    -0.05935389     0.01774262    -0.00707622    -0.01629228
    -0.03216938     0.00961637     0.01641420    -0.00883030
    -0.01155010     0.00345266     0.01265055    -0.00317043
     0.01061378    -0.00317277     0.01395749     0.00291342
     0.02348328    -0.00701984     0.00837466     0.00644602
     0.02448573    -0.00731950     0.00100580     0.00672118
     0.03064333    -0.00916019     0.00430976     0.00841141
     0.03016068    -0.00901591     0.00017021     0.00827892
     0.02278253    -0.00681036    -0.00423576     0.00625366
     0.02707910    -0.00809474     0.00309610     0.00743305
     0.01992957    -0.00595753    -0.00413801     0.00547055
     0.01893062    -0.00565892    -0.00032628     0.00519634
     0.03349784    -0.01001348     0.00958735     0.00919495
     0.03797790    -0.01135271     0.00338031     0.01042470
     0.03722925    -0.01112891     0.00011496     0.01021920
     0.02528732    -0.00755912    -0.00703658     0.00694121
    -0.00023591     0.00007052    -0.01588600    -0.00006475
    -0.01929796     0.00576873    -0.01216281    -0.00529717
    -0.02520801     0.00753541    -0.00407092    -0.00691945
    -0.02068668     0.00618385     0.00249075    -0.00567837
    -0.00788533     0.00235716     0.00784286    -0.00216448
     0.00822330    -0.00245818     0.01015220     0.00225724
     0.01471053    -0.00439741     0.00426631     0.00403795
     0.01836377    -0.00548947     0.00255980     0.00504074
     0.01783152    -0.00533036    -0.00005301     0.00489464
     0.01346064    -0.00402378    -0.00250986     0.00369486
     0.01201820    -0.00359259    -0.00071009     0.00329892
     0.00985651    -0.00294640    -0.00119138     0.00270555
     0.01344585    -0.00401936     0.00244331     0.00369080
     0.01339648    -0.00400460     0.00017829     0.00367725
     0.00692765    -0.00207088    -0.00391728     0.00190160
     0.00502427    -0.00150190    -0.00110603     0.00137913
    -0.01597028     0.00477398    -0.01331342    -0.00438374
    -0.04596251     0.01373954    -0.01938032    -0.01261643
    -0.05459314     0.01631949    -0.00622230    -0.01498548
    -0.04158061     0.01242966     0.00744858    -0.01141362
    -0.02337498     0.00698747     0.01096413    -0.00641629
    -0.01262016     0.00377253     0.00649550    -0.00346416
     0.00054934    -0.00016421     0.00820355     0.00015079
    -0.00965396     0.00288585    -0.00649982    -0.00264995
    -0.01300152     0.00388653    -0.00228592    -0.00356884
     0.00028925    -0.00008646     0.00827495     0.00007940
    -0.01109809     0.00331754    -0.00725913    -0.00304636
    -0.01898580     0.00567541    -0.00520448    -0.00521148
    -0.03946988     0.01179870    -0.01336240    -0.01083424
    -0.04425646     0.01322955    -0.00366901    -0.01214813
    -0.03815354     0.01140521     0.00320241    -0.01047291
    -0.02897599     0.00866177     0.00525884    -0.00795373
    -0.01854801     0.00554454     0.00619964    -0.00509132
    -0.00980568     0.00293120     0.00528711    -0.00269160
    -0.01051013     0.00314178    -0.00060233    -0.00288496
    -0.01111041     0.00332123    -0.00054687    -0.00304974
    -0.01636252     0.00489124    -0.00352350    -0.00449141
    -0.01592796     0.00476133     0.00002191    -0.00437213
    -0.01339630     0.00400455     0.00136637    -0.00367720
    -0.00731265     0.00218596     0.00367158    -0.00200728
    -0.00879133     0.00262799    -0.00105730    -0.00241317
    -0.00160598     0.00048007     0.00444617    -0.00044083
     0.00107384    -0.00032100     0.00168432     0.00029476
     0.00388522    -0.00116141     0.00181005     0.00106647
     0.00104497    -0.00031237    -0.00175110     0.00028684
     0.01109057    -0.00331530     0.00642410     0.00304429
     0.01438437    -0.00429991     0.00227404     0.00394842
     0.02143698    -0.00640814     0.00472307     0.00588432
     0.02920257    -0.00872950     0.00528789     0.00801593
     0.03920729    -0.01172021     0.00683732     0.01076216
     0.03607989    -0.01078534    -0.00138319     0.00990371
     0.03469117    -0.01037021    -0.00032293     0.00952251
     0.03528093    -0.01054650     0.00091742     0.00968440
     0.03346219    -0.01000283    -0.00060969     0.00918516
     0.02821810    -0.00843522    -0.00282299     0.00774570
     0.02884059    -0.00862130     0.00083731     0.00791656
     0.02876322    -0.00859817     0.00040060     0.00789533
     0.03563911    -0.01065357     0.00483467     0.00978272
     0.04131988    -0.01235172     0.00417962     0.01134205
     0.03936987    -0.01176881    -0.00059921     0.01080679
     0.03872234    -0.01157524     0.00020119     0.01062905
     0.04365113    -0.01304860     0.00374805     0.01198197
     0.04037490    -0.01206924    -0.00140880     0.01108266
     0.03878086    -0.01159273    -0.00038689     0.01064511
     0.03005741    -0.00898504    -0.00495940     0.00825057
     0.01835276    -0.00548618    -0.00699711     0.00503772
     0.01040483    -0.00311031    -0.00478343     0.00285606
     0.00609075    -0.00182070    -0.00258949     0.00167187
    -0.00924216     0.00276275    -0.00968539    -0.00253692
     0.00232265    -0.00069431     0.00723266     0.00063755
     0.00237109    -0.00070879     0.00006714     0.00065085
     0.00135540    -0.00040517    -0.00061089     0.00037205
    -0.00170083     0.00050843    -0.00192833    -0.00046687
     0.00574472    -0.00171727     0.00472276     0.00157689
     0.01379949    -0.00412507     0.00522752     0.00378787
     0.01565414    -0.00467948     0.00139832     0.00429697
     0.02151861    -0.00643254     0.00398500     0.00590673
     0.03330346    -0.00995538     0.00785293     0.00914160
     0.03545281    -0.01059788     0.00189058     0.00973158
     0.02996141    -0.00895634    -0.00294969     0.00822422
     0.03173500    -0.00948652     0.00159876     0.00871106
     0.02011376    -0.00601259    -0.00691774     0.00552110
     0.01710815    -0.00511413    -0.00160339     0.00469608
     0.00129193    -0.00038619    -0.00982179     0.00035463
    -0.01493740     0.00446523    -0.01033205    -0.00410022
    -0.04301438     0.01285826    -0.01814253    -0.01180719
    -0.04523845     0.01352310    -0.00208975    -0.01241768
    -0.03385508     0.01012028     0.00655534    -0.00929301
    -0.02898713     0.00866510     0.00257694    -0.00795679
    -0.01608364     0.00480787     0.00777852    -0.00441486
    -0.01505729     0.00450107     0.00040375    -0.00413313
    -0.01873848     0.00560148    -0.00258303    -0.00514360
    -0.01847020     0.00552128    -0.00012122    -0.00506996
    -0.01218234     0.00364166     0.00372268    -0.00334398
    -0.00268035     0.00080124     0.00587098    -0.00073574
     0.00518288    -0.00154931     0.00497391     0.00142267
     0.00407030    -0.00121673    -0.00062882     0.00111727
     0.00485176    -0.00145033     0.00056198     0.00133178
     0.02122764    -0.00634556     0.01052139     0.00582686
     0.02207845    -0.00659990     0.00087389     0.00606040
     0.02599745    -0.00777140     0.00284426     0.00713614
     0.02446353    -0.00731286    -0.00057285     0.00671509
     0.02297393    -0.00686758    -0.00056851     0.00630620
     0.02092489    -0.00625506    -0.00094860     0.00574375
     0.01707136    -0.00510313    -0.00213160     0.00468598
     0.01070531    -0.00320013    -0.00379438     0.00293854
    -0.01268928     0.00379320    -0.01475571    -0.00348313
    -0.02048279     0.00612291    -0.00516922    -0.00562240
    -0.00966674     0.00288967     0.00657968    -0.00265346
    -0.00106771     0.00031917     0.00533425    -0.00029308
    -0.00926229     0.00276877    -0.00524374    -0.00254244
    -0.00750854     0.00224452     0.00097416    -0.00206105
    -0.02481287     0.00741729    -0.01115507    -0.00681098
    -0.04454317     0.01331526    -0.01297249    -0.01222683
    -0.05045183     0.01508153    -0.00446390    -0.01384872
    -0.06004350     0.01794876    -0.00690536    -0.01648157
    -0.07082631     0.02117206    -0.00781480    -0.01944139
    -0.06486259     0.01938933     0.00269909    -0.01780439
    -0.05104860     0.01525992     0.00779960    -0.01401253
    -0.03741520     0.01118450     0.00789992    -0.01027024
    -0.02383200     0.00712408     0.00808060    -0.00654174
    -0.01255466     0.00375296     0.00682167    -0.00344618
    -0.00654271     0.00195581     0.00363898    -0.00179593
    -0.00526128     0.00157275     0.00071532    -0.00144419
    -0.00560595     0.00167578    -0.00030194    -0.00153880
    -0.00655762     0.00196026    -0.00069450    -0.00180003
    -0.00660522     0.00197449    -0.00013267    -0.00181309
    -0.00500031     0.00149474     0.00092068    -0.00137255
    -0.00361435     0.00108043     0.00080605    -0.00099212
    -0.00388535     0.00116145    -0.00022926    -0.00106651
    -0.00511695     0.00152961    -0.00084622    -0.00140457
    -0.00414570     0.00123927     0.00053970    -0.00113797
    -0.00253454     0.00075765     0.00096303    -0.00069572
     0.00058755    -0.00017564     0.00195195     0.00016128
     0.00395709    -0.00118289     0.00215850     0.00108620
     0.00680205    -0.00203333     0.00187645     0.00186712
     0.01127883    -0.00337157     0.00296172     0.00309597
     0.01243146    -0.00371613     0.00091120     0.00341236
     0.01455082    -0.00434967     0.00154582     0.00399411
     0.01517877    -0.00453738     0.00062756     0.00416648
     0.01758263    -0.00525596     0.00177016     0.00482632
     0.01985614    -0.00593558     0.00172452     0.00545039
     0.01931392    -0.00577350    -0.00003608     0.00530155
     0.01792480    -0.00535825    -0.00058476     0.00492025
     0.01670629    -0.00499400    -0.00049760     0.00458577
     0.01717008    -0.00513264     0.00055648     0.00471308
     0.01408288    -0.00420979    -0.00170136     0.00386566
     0.00719142    -0.00214973    -0.00417615     0.00197400
    -0.00255458     0.00076364    -0.00610449    -0.00070122
    -0.01069141     0.00319598    -0.00523010    -0.00293473
    -0.01462917     0.00437309    -0.00267858    -0.00401562
    -0.01717242     0.00513334    -0.00185050    -0.00471372
    -0.01951398     0.00583330    -0.00176152    -0.00535647
    -0.02161970     0.00646276    -0.00164763    -0.00593448
    -0.02155137     0.00644233    -0.00029371    -0.00591572
    -0.02030650     0.00607021     0.00045783    -0.00557401
    -0.01723234     0.00515125     0.00164411    -0.00473017
    -0.01678553     0.00501769     0.00001616    -0.00460753
    -0.01650606     0.00493414    -0.00008361    -0.00453081
    -0.01556622     0.00465320     0.00034198    -0.00427283
    -0.01217216     0.00363862     0.00192212    -0.00334118
    -0.00916149     0.00273864     0.00173052    -0.00251477
    -0.00461632     0.00137995     0.00275630    -0.00126715
    -0.00268634     0.00080302     0.00115906    -0.00073738
    -0.00001781     0.00000532     0.00166027    -0.00000489
    -0.00100685     0.00030098    -0.00063116    -0.00027637
    -0.00442994     0.00132424    -0.00219920    -0.00121599
    -0.00587357     0.00175578    -0.00098996    -0.00161226
    -0.00580951     0.00173663    -0.00005077    -0.00159468
    -0.00545317     0.00163011     0.00013666    -0.00149686
    -0.00308893     0.00092337     0.00142300    -0.00084789
    -0.00226415     0.00067682     0.00047791    -0.00062150
    -0.00183885     0.00054968     0.00023597    -0.00050475
    -0.00012071     0.00003608     0.00106726    -0.00003313
     0.00307427    -0.00091899     0.00203610     0.00084387
     0.00475334    -0.00142091     0.00111900     0.00130476
     0.00600370    -0.00179468     0.00087172     0.00164798
     0.00839707    -0.00251013     0.00162033     0.00230495
     0.00850774    -0.00254321     0.00020160     0.00233532
     0.00925471    -0.00276650     0.00060920     0.00254036
     0.01201445    -0.00359147     0.00190474     0.00329789
     0.01315471    -0.00393233     0.00091478     0.00361089
     0.01319747    -0.00394511     0.00023251     0.00362263
     0.01556027    -0.00465142     0.00171305     0.00427120
     0.01925694    -0.00575646     0.00260076     0.00528591
     0.02052182    -0.00613457     0.00110727     0.00563311
     0.02205171    -0.00659190     0.00129604     0.00605306
     0.02031264    -0.00607204    -0.00076527     0.00557570
     0.01750720    -0.00523341    -0.00147260     0.00480562
     0.01093214    -0.00326794    -0.00392090     0.00300081
     0.00266711    -0.00079728    -0.00510146     0.00073211
    -0.00493511     0.00147525    -0.00480763    -0.00135466
    -0.01040927     0.00311163    -0.00356880    -0.00285728
    -0.01040991     0.00311183    -0.00016281    -0.00285746
    -0.01107755     0.00331141    -0.00058828    -0.00304072
    -0.01063650     0.00317956     0.00010851    -0.00291965
    -0.01130077     0.00337813    -0.00058966    -0.00310199
    -0.01134116     0.00339020    -0.00020207    -0.00311308
