
Information criteria:    
AIC         22.2654 
BIC         28.0158 

Residuals:
     0.032    0.012   -0.013   -0.017    0.051    0.056    0.022    0.019   -0.026   -0.028    0.058    0.072
    -0.013    0.052   -0.031    0.109   -0.066   -0.030   -0.012   -0.005    0.026    0.051   -0.022    0.009
    -0.000   -0.070   -0.032    0.009    0.085   -0.025    0.040   -0.052    0.031    0.033   -0.017   -0.016
    -0.060    0.053    0.079    0.007   -0.068   -0.030   -0.006   -0.030   -0.010   -0.047   -0.045   -0.019
    -0.118    0.032    0.014    0.048    0.042    0.067   -0.030   -0.013   -0.011    0.010   -0.000    0.040
    -0.001   -0.043    0.025    0.007    0.049    0.057   -0.026    0.006   -0.008   -0.019    0.029   -0.000
     0.003   -0.024   -0.006    0.008    0.036   -0.010   -0.003   -0.017   -0.031    0.002   -0.017   -0.006
    -0.021    0.011   -0.004    0.008    0.032   -0.003    0.024   -0.013   -0.022   -0.008   -0.038   -0.032
    -0.044   -0.046   -0.039    0.012    0.029    0.027    0.048   -0.071   -0.004   -0.019   -0.040    0.029
     0.010    0.031    0.015    0.038   -0.036    0.022    0.021   -0.006    0.000    0.020    0.019   -0.004
    -0.016   -0.094    0.084    0.016   -0.013    0.016   -0.033   -0.009    0.030   -0.027   -0.015

Sample autocorrelations and partial autocorrelations:
Order     Autcor         SE    Q-stats       DF P-values     Parcor         SE 
1         0.0168     0.0874     0.0376        0     1.00     0.0168     0.0874 
2         0.0257     0.0874     0.1266        0     1.00     0.0254     0.0874 
3        -0.1267     0.0875     2.3107        1     0.13    -0.1276     0.0874 
4        -0.1107     0.0888     3.9931        2     0.14    -0.1087     0.0874 
5         0.0672     0.0899     4.6170        3     0.20     0.0790     0.0874 
6         0.0681     0.0903     5.2636        4     0.26     0.0590     0.0874 
7        -0.0565     0.0907     5.7115        5     0.34    -0.0943     0.0874 
8        -0.0244     0.0909     5.7956        6     0.45    -0.0226     0.0874 
9         0.1159     0.0910     7.7136        7     0.36     0.1636     0.0874 
10       -0.0630     0.0921     8.2858        8     0.41    -0.0803     0.0874 
11        0.0071     0.0924     8.2930        9     0.50    -0.0436     0.0874 
12       -0.0491     0.0924     8.6458       10     0.57    -0.0003     0.0874 
13        0.0097     0.0926     8.6598       11     0.65     0.0475     0.0874 
14        0.0320     0.0926     8.8123       12     0.72    -0.0162     0.0874 
15        0.0558     0.0927     9.2797       13     0.75     0.0302     0.0874 
16       -0.1466     0.0930    12.5359       14     0.56    -0.1247     0.0874 
17        0.0420     0.0947    12.8059       15     0.62     0.0627     0.0874 
18        0.0053     0.0949    12.8101       16     0.69     0.0112     0.0874 
19       -0.1028     0.0949    14.4532       17     0.63    -0.1439     0.0874 
20       -0.0989     0.0957    15.9894       18     0.59    -0.1403     0.0874 
21       -0.0281     0.0965    16.1148       19     0.65     0.0514     0.0874 
22       -0.0287     0.0966    16.2466       20     0.70    -0.0376     0.0874 
23        0.2168     0.0966    23.8282       21     0.30     0.1362     0.0874 
24        0.0084     0.1003    23.8396       22     0.36    -0.0240     0.0874 
25       -0.0377     0.1003    24.0731       23     0.40     0.0223     0.0874 
26        0.0502     0.1004    24.4912       24     0.43     0.0743     0.0874 
27       -0.0252     0.1006    24.5973       25     0.49     0.0064     0.0874 
28       -0.0530     0.1006    25.0717       26     0.51    -0.1094     0.0874 
29       -0.0379     0.1008    25.3175       27     0.56    -0.0225     0.0874 
30       -0.0823     0.1009    26.4869       28     0.55    -0.0468     0.0874 
31       -0.0545     0.1015    27.0049       29     0.57    -0.0677     0.0874 
32        0.1303     0.1017    29.9948       30     0.47     0.0269     0.0874 
33       -0.1287     0.1029    32.9390       31     0.37    -0.1043     0.0874 
34       -0.0000     0.1042    32.9390       32     0.42     0.0002     0.0874 
35       -0.0740     0.1042    33.9319       33     0.42    -0.0716     0.0874 
36       -0.0360     0.1046    34.1700       34     0.46    -0.0710     0.0874 
_________
When DF is positive, P-values should be greater than 0.05
(at the 5 per cent level) for model adequacy

Residual diagnostics:             
Sample size         131 
                
Median             -0.0028 
Mean                0.0007 
Std of mean         0.0032 
T-value of mean     0.2268 

                           P-values 
Normality (BS)      1.9016     0.39 
Skewness            0.0267     0.90 
Kurtosis            3.5878     0.17 

                            P-value 
Durbin-Watson       1.9595     0.82 
                   
Standard error         0.0367 
Sigma square           0.0013 
Residual variance      0.0013 
Residual std. dev.     0.0367 

Approximate test of runs on residuals:               
Number of runs       56 
Number of (+)        66 
Number of (-)        65 
              
T-value            -1.8413 

Heteroscedasticity test:
         DF       stat  P-value 
H        44     0.5771     0.07 

Sample autocorrelations of squared residuals:
Order     Autcor         SE    Q-stats       DF P-values     Parcor         SE 
1         0.1176     0.0874     1.8542        1     0.17     0.1176     0.0874 
2         0.0043     0.0886     1.8567        2     0.40    -0.0097     0.0874 
3         0.0175     0.0886     1.8985        3     0.59     0.0184     0.0874 
4        -0.0158     0.0886     1.9327        4     0.75    -0.0203     0.0874 
5         0.1065     0.0886     3.5004        5     0.62     0.1125     0.0874 
6        -0.0147     0.0896     3.5305        6     0.74    -0.0425     0.0874 
7        -0.0638     0.0896     4.1032        7     0.77    -0.0565     0.0874 
8         0.0244     0.0900     4.1876        8     0.84     0.0353     0.0874 
9        -0.0807     0.0900     5.1179        9     0.82    -0.0849     0.0874 
10        0.2232     0.0906    12.2921       10     0.27     0.2425     0.0874 
11        0.0673     0.0947    12.9493       11     0.30     0.0052     0.0874 
12        0.0746     0.0950    13.7631       12     0.32     0.0948     0.0874 
13        0.0861     0.0955    14.8578       13     0.32     0.0450     0.0874 
14       -0.0875     0.0961    15.9984       14     0.31    -0.0904     0.0874 
15        0.0826     0.0967    17.0229       15     0.32     0.0713     0.0874 
16        0.0183     0.0972    17.0734       16     0.38    -0.0239     0.0874 
17        0.0940     0.0972    18.4249       17     0.36     0.1461     0.0874 
18        0.0182     0.0979    18.4758       18     0.42    -0.0589     0.0874 
19       -0.0407     0.0980    18.7330       19     0.47     0.0500     0.0874 
20        0.1052     0.0981    20.4688       20     0.43     0.0483     0.0874 
21        0.0050     0.0989    20.4727       21     0.49    -0.0435     0.0874 
22       -0.0251     0.0989    20.5731       22     0.55    -0.0328     0.0874 
23        0.1673     0.0990    25.0871       23     0.35     0.1266     0.0874 
24       -0.0326     0.1011    25.2604       24     0.39    -0.0094     0.0874 
25        0.0888     0.1012    26.5552       25     0.38     0.0504     0.0874 
26       -0.0377     0.1018    26.7915       26     0.42    -0.0407     0.0874 
27        0.0398     0.1019    27.0573       27     0.46     0.0342     0.0874 
28       -0.0165     0.1020    27.1032       28     0.51    -0.1041     0.0874 
29       -0.0918     0.1020    28.5421       29     0.49    -0.0576     0.0874 
30       -0.0673     0.1027    29.3224       30     0.50    -0.1063     0.0874 
31       -0.0477     0.1030    29.7192       31     0.53    -0.0166     0.0874 
32        0.0233     0.1032    29.8145       32     0.58     0.0690     0.0874 
33        0.2048     0.1032    37.2713       33     0.28     0.1406     0.0874 
34       -0.0548     0.1063    37.8114       34     0.30    -0.0693     0.0874 
35       -0.0432     0.1065    38.1502       35     0.33    -0.1012     0.0874 
36       -0.0231     0.1066    38.2485       36     0.37    -0.0325     0.0874 
_________
When DF is positive, P-values should be greater than 0.05
(at the 5 per cent level) for model adequacy
