   1.0190400e+02
   1.0172800e+02
   1.2044800e+02
   1.0333500e+02
   1.1198700e+02
   1.1170800e+02
   1.0698900e+02
   8.5871000e+01
   1.1171200e+02
   1.0501200e+02
   1.0594400e+02
   9.8842000e+01
   1.0258200e+02
   1.0286400e+02
   1.1646800e+02
   9.8977000e+01
   1.0636500e+02
   1.0799600e+02
   1.0416300e+02
   8.6999000e+01
   1.0353300e+02
   1.0994100e+02
   1.0372600e+02
   9.6988000e+01
   1.0121300e+02
   9.6975000e+01
   9.8957000e+01
   1.0416700e+02
   1.0510100e+02
   9.9677000e+01
   1.0625600e+02
   8.2671000e+01
   1.0372000e+02
   1.0556600e+02
   9.8265000e+01
   1.0455300e+02
   9.9359000e+01
   9.6640000e+01
   1.0945900e+02
   1.0227400e+02
   1.0461500e+02
   1.0680700e+02
   1.0963900e+02
   7.9347000e+01
   1.0620600e+02
   1.0836600e+02
   1.0090100e+02
   1.0896500e+02
   9.7742000e+01
   9.8602000e+01
   1.1222100e+02
   1.0264100e+02
   1.0836600e+02
   1.1327800e+02
   1.1865600e+02
   8.2881000e+01
   1.0718700e+02
   1.0496400e+02
   1.0476100e+02
   1.1310900e+02
   9.6586000e+01
   1.0239900e+02
   1.0587800e+02
   1.0530100e+02
   1.1474700e+02
   1.0845900e+02
   1.0679400e+02
   8.5293000e+01
   1.0962700e+02
   1.0846700e+02
   1.1199700e+02
   1.0980100e+02
   1.0830000e+02
   1.0805800e+02
   1.2434300e+02
   1.0531400e+02
   1.2397700e+02
   1.1708300e+02
   1.1500700e+02
   9.2082000e+01
   1.2235300e+02
   1.1568500e+02
   1.2208500e+02
   1.1270600e+02
