 -3.4299836465621625e-003
  6.9189340613348416e-003
  1.0901256320965114e-002
  9.2390123451894235e-003
  4.2497055066575418e-003
 -1.9361260165856073e-003
 -7.7258744707917335e-003
 -1.1405881437202010e-002
 -1.0980568036007068e-002
 -5.1729240860724883e-003
  5.2267717762396410e-003
  1.7199727559036850e-002
  2.7185727556842836e-002
  3.3315959726299589e-002
  3.5877765342424671e-002
  3.5259026115545863e-002
  2.9571935401631180e-002
  1.5160224823756821e-002
 -9.4812952554705933e-003
 -3.9805844274773891e-002
 -6.5669904849559577e-002
 -7.6859780182006898e-002
 -6.9603418443989901e-002
 -4.8815495035851759e-002
 -2.4480127322840117e-002
 -5.4366344990617425e-003
  4.6290986003783971e-003
  6.8870287694812746e-003
  4.4669915323175147e-003
  2.7477029166036050e-005
 -4.7642864626151783e-003
 -8.6331226578107365e-003
 -1.0375001007949688e-002
 -9.1764681846733219e-003
 -4.9015907174931291e-003
  2.1510607313991051e-003
  1.1574933807519774e-002
  2.2505720863232923e-002
  3.2757937645649909e-002
  3.8716555586625415e-002
  3.6982232352428777e-002
  2.7021873604618937e-002
  1.2587374229525345e-002
  1.6395513141751134e-004
 -4.9956639215222899e-003
 -2.5376086669203820e-003
  2.4947715708116842e-003
  3.0465271609604154e-003
 -4.9404468204033540e-003
 -1.9612081935815592e-002
 -3.4585003393407615e-002
 -4.3367905435973568e-002
 -4.3151394036942500e-002
 -3.5206148779250809e-002
 -2.2440517823639990e-002
 -7.0559551013432845e-003
  9.5535040428045351e-003
  2.5336556173274107e-002
  3.6961426324557144e-002
  4.1359041340536862e-002
  3.8184244385910594e-002
  3.0640560159941602e-002
  2.3432164324262754e-002
  1.9279178430101615e-002
  1.6927665732784924e-002
  1.2486520826772545e-002
  3.0995780690609509e-003
 -1.0179274053785051e-002
 -2.2892391818650236e-002
 -3.0667260704815638e-002
 -3.2531760061814671e-002
 -3.1098592375867640e-002
 -2.9709803179078634e-002
 -2.9462447585877693e-002
 -2.8831135459746398e-002
 -2.5801577204369347e-002
 -2.0073837957820459e-002
 -1.3218655617756661e-002
 -6.9444679375630231e-003
 -1.3969301500201649e-003
  4.8408878838846177e-003
  1.3104966861994301e-002
  2.2984665606829366e-002
  3.2336985695344884e-002
  3.9106307196387045e-002
  4.3121526780010591e-002
  4.5750821984252378e-002
  4.7434203764180338e-002
  4.5724184611725546e-002
  3.6484716796674074e-002
  1.7791598665878653e-002
 -7.0223273816757597e-003
 -3.0331194941187835e-002
 -4.4645418255712686e-002
 -4.6790362609081773e-002
 -3.8684342086900879e-002
 -2.4984268339937388e-002
 -1.0353696052580730e-002
  1.6487245160104018e-003
  8.5166675921603523e-003
  9.0428758761335794e-003
  4.0374822292219663e-003
 -3.7359050950555922e-003
 -1.1106163007919433e-002
 -1.6367942983179874e-002
 -1.9652549014505489e-002
 -2.1498108943987647e-002
 -2.1314894583622387e-002
 -1.7547537708967692e-002
 -9.4433577859810245e-003
  1.3887928321979115e-003
  1.1224839309968990e-002
  1.6216168021009916e-002
  1.4713319137901823e-002
  8.3651836494627770e-003
  1.2254302930939957e-003
 -2.6540473491671358e-003
 -1.4923512718924394e-003
  3.8371890499741710e-003
  1.1465106518378983e-002
  2.0296825426804912e-002
  2.9786583114927108e-002
  3.8016383092139935e-002
  4.0861668936967944e-002
  3.4363746826052151e-002
  1.8776664880009460e-002
  6.5964389387707144e-005
 -1.3615744965822102e-002
 -1.8023591055297758e-002
 -1.5997856897930963e-002
 -1.4574700040603010e-002
 -1.8536485775605238e-002
 -2.6279152946004566e-002
 -3.1628744793526099e-002
 -2.9664822700896286e-002
 -2.1099943317601129e-002
 -1.1430702120752378e-002
 -6.0240516764041505e-003
 -5.8164474131678807e-003
 -7.3278658405246770e-003
 -6.4485695466820550e-003
 -2.0896121354913640e-003
  3.6032732888059953e-003
  8.0820448342287139e-003
  1.0993072778486069e-002
  1.3975646560959887e-002
  1.8326650771531009e-002
  2.3324858861476384e-002
  2.6916222503950635e-002
  2.7660341662602464e-002
  2.5586350865136033e-002
  2.1185929190062652e-002
  1.4123672626484410e-002
  3.5198560061056872e-003
 -1.0368515229412893e-002
 -2.5032028253963411e-002
 -3.6560916358221396e-002
 -4.1750600931518098e-002
 -3.9583710677355471e-002
 -3.1135719263045911e-002
 -1.8599188092300975e-002
 -4.5632941559017315e-003
  8.2479886031358585e-003
  1.7391835517600054e-002
  2.1538671237082654e-002
  2.1104421726367558e-002
  1.7937875979860810e-002
