   60.6000000000000     
   51.3000000000000     
   48.7000000000000     
   51.3000000000000     
   56.8000000000000     
   56.6000000000000     
   53.4000000000000     
   51.8000000000000     
   50.0000000000000     
   44.0000000000000     
   46.6000000000000     
   54.9000000000000     
   60.7000000000000     
   63.6000000000000     
   57.9000000000000     
   53.5000000000000     
   50.7000000000000     
   49.5000000000000     
   48.8000000000000     
   52.7000000000000     
   57.5000000000000     
   54.3000000000000     
   51.7000000000000     
   47.6000000000000     
   47.7000000000000     
   49.9000000000000     
   52.1000000000000     
   54.1000000000000     
   55.3000000000000     
   56.9000000000000     
   61.5000000000000     
   60.2000000000000     
   56.4000000000000     
   56.7000000000000     
   52.9000000000000     
   52.2000000000000     
   52.7000000000000     
   54.2000000000000     
   52.6000000000000     
   52.8000000000000     
   50.4000000000000     
   54.0000000000000     
   61.4000000000000     
   61.3000000000000     
   53.8000000000000     
   54.0000000000000     
   49.8000000000000     
   50.0000000000000     
   53.0000000000000     
   58.4000000000000     
   62.5000000000000     
   62.7000000000000     
   59.3000000000000     
   55.9000000000000     
   52.0000000000000     
   51.1000000000000     
   53.1000000000000     
   54.3000000000000     
   54.3000000000000     
   56.2000000000000     
   55.1000000000000     
   53.9000000000000     
   53.7000000000000     
   54.7000000000000     
   56.4000000000000     
   58.1000000000000     
   58.9000000000000     
   57.0000000000000     
   56.0000000000000     
   54.1000000000000     
   53.7000000000000     
   53.5000000000000     
   56.3000000000000     
   57.3000000000000     
   53.7000000000000     
   55.0000000000000     
   59.2000000000000     
   62.9000000000000     
   64.6000000000000     
   57.3000000000000     
   50.7000000000000     
   49.0000000000000     
   46.7000000000000     
   47.0000000000000     
   48.6000000000000     
   50.3000000000000     
   53.1000000000000     
   58.1000000000000     
   59.0000000000000     
   59.8000000000000     
   59.4000000000000     
   55.3000000000000     
   52.0000000000000     
   49.2000000000000     
   49.0000000000000     
   51.6000000000000     
   56.4000000000000     
   60.2000000000000     
   60.2000000000000     
   53.1000000000000     
   48.3000000000000     
   43.8000000000000     
   46.9000000000000     
   52.8000000000000     
   55.4000000000000     
   56.7000000000000     
   59.6000000000000     
   56.0000000000000     
   50.8000000000000     
   52.3000000000000     
   55.3000000000000     
   55.2000000000000     
   53.9000000000000     
   54.6000000000000     
   54.9000000000000     
   59.0000000000000     
   63.5000000000000     
   66.5000000000000     
   61.5000000000000     
   54.6000000000000     
   50.3000000000000     
   50.0000000000000     
   48.6000000000000     
   48.4000000000000     
   50.8000000000000     
   51.8000000000000     
   52.2000000000000     
   52.1000000000000     
   54.9000000000000     
   57.0000000000000     
   59.6000000000000     
   58.4000000000000     
   54.5000000000000     
   47.0000000000000     
   45.3000000000000     
   48.0000000000000     
   50.5000000000000     
   54.4000000000000     
   56.3000000000000     
   54.0000000000000     
   52.5000000000000     
   55.7000000000000     
   62.3000000000000     
   63.7000000000000     
   58.0000000000000     
   50.6000000000000     
   43.8000000000000     
   44.1000000000000     
   51.7000000000000     
   58.4000000000000     
   58.9000000000000     
   54.5000000000000     
   50.9000000000000     
   52.7000000000000     
   54.4000000000000     
   54.3000000000000     
   55.5000000000000     
   57.5000000000000     
   55.6000000000000     
   53.0000000000000     
   52.9000000000000     
   55.4000000000000     
