   36.5000000000000     
   36.4000000000000     
   41.0000000000000     
   49.1000000000000     
   46.0000000000000     
   44.5000000000000     
   46.8000000000000     
   50.5000000000000     
   52.2000000000000     
   54.6000000000000     
   51.9000000000000     
   52.7000000000000     
   54.9000000000000     
   54.1000000000000     
   49.3000000000000     
   55.7000000000000     
   58.5000000000000     
   58.8000000000000     
   61.7000000000000     
   58.9000000000000     
   63.0000000000000     
   63.3000000000000     
   63.5000000000000     
   62.9000000000000     
   66.9000000000000     
   68.6000000000000     
   64.0000000000000     
   67.4000000000000     
   65.2000000000000     
   67.7000000000000     
   68.0000000000000     
   68.2000000000000     
   69.4000000000000     
   70.7000000000000     
   73.3000000000000     
   78.6000000000000     
   76.4000000000000     
   78.2000000000000     
   83.3000000000000     
   79.7000000000000     
   83.5000000000000     
   84.0000000000000     
   85.5000000000000     
   83.9000000000000     
   86.8000000000000     
   84.6000000000000     
   90.6000000000000     
   94.9000000000000     
   91.9000000000000     
   90.1000000000000     
   98.4000000000000     
   92.5000000000000     
   96.8000000000000     
   98.2000000000000     
   101.800000000000     
   103.800000000000     
   105.400000000000     
   106.500000000000     
   108.700000000000     
   108.500000000000     
   110.700000000000     
   112.500000000000     
   112.500000000000     
   113.100000000000     
   116.700000000000     
   115.500000000000     
   117.300000000000     
   118.900000000000     
   120.800000000000     
   122.600000000000     
   124.800000000000     
   126.800000000000     
   127.000000000000     
   129.900000000000     
   129.900000000000     
   132.100000000000     
   132.600000000000     
   136.400000000000     
   136.400000000000     
   134.800000000000     
   140.900000000000     
   143.800000000000     
   146.500000000000     
   149.400000000000     
   145.600000000000     
   148.400000000000     
   150.700000000000     
   147.600000000000     
   148.800000000000     
   148.600000000000     
   148.600000000000     
   150.600000000000     
   154.400000000000     
   153.700000000000     
   157.600000000000     
   159.400000000000     
   158.400000000000     
   160.200000000000     
   159.800000000000     
   161.000000000000     
   162.600000000000     
   165.500000000000     
   167.200000000000     
   168.000000000000     
   164.800000000000     
   167.700000000000     
   164.900000000000     
   169.200000000000     
   169.900000000000     
   168.800000000000     
   171.100000000000     
   175.500000000000     
   172.000000000000     
   172.900000000000     
   178.400000000000     
   178.700000000000     
   177.800000000000     
   179.000000000000     
   182.000000000000     
   182.400000000000     
   187.900000000000     
   190.900000000000     
   194.500000000000     
   192.500000000000     
   194.300000000000     
   196.200000000000     
   197.700000000000     
   195.200000000000     
   195.900000000000     
   197.700000000000     
   196.700000000000     
   197.500000000000     
   198.000000000000     
   201.700000000000     
   202.500000000000     
   205.800000000000     
   205.500000000000     
   205.800000000000     
   202.800000000000     
   206.200000000000     
   206.800000000000     
   205.800000000000     
   208.400000000000     
   208.700000000000     
   207.700000000000     
   210.100000000000     
   214.700000000000     
