   69.1000000000000     
   67.8000000000000     
   60.0000000000000     
   60.7000000000000     
   60.1000000000000     
   57.9000000000000     
   56.1000000000000     
   58.9000000000000     
   64.7000000000000     
   59.7000000000000     
   57.1000000000000     
   55.0000000000000     
   58.5000000000000     
   60.1000000000000     
   59.4000000000000     
   61.6000000000000     
   62.3000000000000     
   64.6000000000000     
   68.3000000000000     
   64.8000000000000     
   60.7000000000000     
   62.6000000000000     
   59.8000000000000     
   59.3000000000000     
   57.6000000000000     
   59.6000000000000     
   58.8000000000000     
   58.1000000000000     
   57.7000000000000     
   62.2000000000000     
   68.7000000000000     
   65.0000000000000     
   57.3000000000000     
   60.0000000000000     
   59.3000000000000     
   59.1000000000000     
   58.4000000000000     
   63.2000000000000     
   68.6000000000000     
   65.2000000000000     
   62.9000000000000     
   61.0000000000000     
   58.6000000000000     
   58.0000000000000     
   59.3000000000000     
   59.6000000000000     
   59.4000000000000     
   61.3000000000000     
   61.0000000000000     
   60.2000000000000     
   60.0000000000000     
   61.7000000000000     
   63.6000000000000     
   63.3000000000000     
   63.6000000000000     
   61.6000000000000     
   61.2000000000000     
   59.8000000000000     
   59.9000000000000     
   59.5000000000000     
   61.8000000000000     
   62.6000000000000     
   58.1000000000000     
   61.0000000000000     
   65.6000000000000     
   68.4000000000000     
   66.8000000000000     
   58.2000000000000     
   56.3000000000000     
   57.5000000000000     
   54.9000000000000     
   54.0000000000000     
   54.1000000000000     
   58.2000000000000     
   62.0000000000000     
   65.3000000000000     
   65.2000000000000     
   65.4000000000000     
   65.2000000000000     
   61.8000000000000     
   59.2000000000000     
   55.9000000000000     
   56.8000000000000     
   58.9000000000000     
   62.2000000000000     
   65.2000000000000     
   64.2000000000000     
   57.8000000000000     
   55.9000000000000     
   54.0000000000000     
   57.7000000000000     
   61.3000000000000     
   60.6000000000000     
   62.3000000000000     
   65.7000000000000     
   63.2000000000000     
   57.7000000000000     
   59.9000000000000     
   63.8000000000000     
   62.4000000000000     
   57.9000000000000     
   60.1000000000000     
   62.7000000000000     
   65.4000000000000     
   67.3000000000000     
   69.0000000000000     
   63.7000000000000     
   57.9000000000000     
   57.1000000000000     
   57.7000000000000     
   54.9000000000000     
   53.0000000000000     
   57.3000000000000     
   59.8000000000000     
   60.0000000000000     
   58.8000000000000     
   62.9000000000000     
   65.3000000000000     
   66.2000000000000     
   63.7000000000000     
   59.9000000000000     
   54.3000000000000     
   54.4000000000000     
   58.0000000000000     
   58.4000000000000     
   60.6000000000000     
   61.7000000000000     
   61.4000000000000     
   60.7000000000000     
   64.0000000000000     
   69.9000000000000     
   67.8000000000000     
   59.9000000000000     
   55.5000000000000     
   53.1000000000000     
   55.1000000000000     
   60.0000000000000     
   63.1000000000000     
   62.1000000000000     
   59.0000000000000     
   59.5000000000000     
   63.4000000000000     
   62.4000000000000     
   59.3000000000000     
   60.8000000000000     
   64.6000000000000     
   62.7000000000000     
   58.2000000000000     
