Series:bjsaleso (starting year is 1012)
Number of observations:  138
    183.50   185.50   186.90   189.10   192.50   192.50
    191.80   190.80   191.50   195.20   195.70   197.10
    200.70   201.80   202.50   205.80   204.80   205.80
    203.70   204.30   202.80   201.40   202.10   202.60
    200.90   199.80   199.70   197.00   197.30   197.90
    198.70   198.70   199.70   200.70   204.90   206.90
    204.20   202.70   202.00   200.70   199.00   197.90
    197.80   196.10   194.30   195.90   196.60   195.60
    194.10   193.40   195.10   194.90   195.30   193.50
    194.30   195.00   193.00   192.70   192.10   193.40
    192.00   191.70   190.80   190.80   190.80   192.60
    193.90   194.80   194.50   196.80   197.30   199.50
    200.80   202.70   204.20   208.70   210.40   215.20
    217.70   219.10   222.60   225.80   227.30   228.00
    228.30   229.70   229.60   229.80   231.40   231.00
    231.90   232.50   233.50   231.00   229.60   230.80
    232.40   232.70   235.00   235.70   237.00   238.20
    238.00   239.40   242.40   242.00   243.30   242.40
    243.60   242.80   241.80   241.00   240.90   239.40
    239.70   239.90   239.40   239.30   239.60   240.90
    239.80   239.70   239.20   239.50   238.80   239.50
    239.00   239.60   239.30   239.50   241.60   243.10
    244.90   245.30   244.80   243.80   244.20   244.70


Identified model is: ( 0 , 1 , 1 )     with mean 

Initial parameter values:
     -0.4369


No outliers detected (C =  3.0 , Method is Hannan-Rissanen):

Arima Estimation (Levenberg-Marquardt):
Number of iterations:     2
Number of function evaluations:     5
Parameter     Estimate   Std. Error      T-ratio        Lag 
ma1            -0.4852       0.0884      -5.4894          1 

Residual standard error:     0.2353

Root          Real p.     Imag. p.      Modulus  Argument    Period 
rmaroot1       0.4852       0.0000       0.4852    0.0000       Inf 


Correlations of the estimates:
Parameter          ma1 
ma1             1.0000 

Parameter     Estimate   Std. Error    T-ratio 
mean           0.04665      0.01142       4.09 
inp1_3         4.72341      0.07241      65.23 
inp1_4         3.46494      0.07215      48.03 
inp1_5         2.35862      0.07191      32.80 
inp1_6         1.78505      0.07221      24.72 
inp1_7         1.23667      0.07311      16.92 
inp1_8         1.07030      0.07327      14.61 
inp1_9         0.74436      0.07217      10.31 
inp1_10        0.49535      0.07183       6.90 
inp1_11        0.42750      0.07249       5.90 
inp1_12        0.29197      0.07252       4.03 


Correlations of the regression estimates:
Parameter         mean       inp1_3       inp1_4       inp1_5       inp1_6       inp1_7 
mean            1.0000      -0.1100      -0.1076      -0.1066      -0.1042      -0.1025 
inp1_3         -0.1100       1.0000      -0.0020      -0.0465      -0.0243      -0.1302 
inp1_4         -0.1076      -0.0020       1.0000       0.0071      -0.0508      -0.0300 
inp1_5         -0.1066      -0.0465       0.0071       1.0000       0.0085      -0.0469 
inp1_6         -0.1042      -0.0243      -0.0508       0.0085       1.0000       0.0242 
inp1_7         -0.1025      -0.1302      -0.0300      -0.0469       0.0242       1.0000 
inp1_8         -0.1072       0.0236      -0.1300      -0.0349      -0.0407       0.0302 
inp1_9         -0.1226      -0.0520       0.0230      -0.1320      -0.0337      -0.0548 
inp1_10        -0.1207       0.0272      -0.0386       0.0133      -0.1389      -0.0408 
inp1_11        -0.1086      -0.0742       0.0353      -0.0369       0.0046      -0.1411 
inp1_12        -0.1085       0.0485      -0.0770       0.0382      -0.0420      -0.0037 
Parameter       inp1_8       inp1_9      inp1_10      inp1_11      inp1_12 
mean           -0.1072      -0.1226      -0.1207      -0.1086      -0.1085 
inp1_3          0.0236      -0.0520       0.0272      -0.0742       0.0485 
inp1_4         -0.1300       0.0230      -0.0386       0.0353      -0.0770 
inp1_5         -0.0349      -0.1320       0.0133      -0.0369       0.0382 
inp1_6         -0.0407      -0.0337      -0.1389       0.0046      -0.0420 
inp1_7          0.0302      -0.0548      -0.0408      -0.1411      -0.0037 
inp1_8          1.0000       0.0286      -0.0633      -0.0515      -0.1407 
inp1_9          0.0286       1.0000       0.0408      -0.0558      -0.0488 
inp1_10        -0.0633       0.0408       1.0000       0.0431      -0.0488 
inp1_11        -0.0515      -0.0558       0.0431       1.0000       0.0449 
inp1_12        -0.1407      -0.0488      -0.0488       0.0449       1.0000 


Information criteria:    
AIC        541.0723 
BIC        576.1121 

Residuals:
     0.203    0.171   -0.017    0.169   -0.048   -0.022    0.089    0.362   -0.043   -0.216    0.374    0.121
     0.170    0.524   -0.420    0.312    0.227   -0.123   -0.200   -0.360   -0.166    0.132    0.371    0.283
    -0.204   -0.416   -0.077   -0.024   -0.350   -0.348   -0.108    0.200   -0.121    0.255   -0.222   -0.099
    -0.150   -0.089   -0.455    0.169   -0.143   -0.075    0.087    0.098   -0.085    0.305   -0.247    0.069
    -0.384    0.178   -0.073   -0.581   -0.235    0.120   -0.396   -0.285   -0.254    0.351    0.213    0.163
    -0.243   -0.063   -0.376    0.434    0.248    0.125   -0.141   -0.493    0.319    0.068    0.245    0.075
    -0.446   -0.013    0.193    0.047    0.089    0.226    0.007    0.432   -0.004   -0.416    0.022    0.059
     0.007   -0.003    0.013    0.083    0.040    0.171    0.157   -0.222   -0.109   -0.338    0.396    0.130
    -0.022    0.405   -0.303    0.038   -0.007    0.162    0.188    0.021    0.315   -0.261   -0.230   -0.277
     0.089   -0.177   -0.135   -0.142   -0.354    0.027    0.108   -0.002    0.159   -0.047   -0.119    0.239
    -0.381    0.195    0.106    0.137    0.027   -0.240

Sample autocorrelations and partial autocorrelations:
Order     Autcor         SE    Q-stats       DF P-values     Parcor         SE 
1        -0.0005     0.0891     0.0000        0     1.00    -0.0005     0.0891 
2        -0.0243     0.0891     0.0766        1     0.78    -0.0243     0.0891 
3        -0.0759     0.0891     0.8327        2     0.66    -0.0760     0.0891 
4        -0.1000     0.0897     2.1539        3     0.54    -0.1014     0.0891 
5         0.1502     0.0905     5.1626        4     0.27     0.1478     0.0891 
6         0.0969     0.0925     6.4243        5     0.27     0.0902     0.0891 
7        -0.0381     0.0933     6.6210        6     0.36    -0.0490     0.0891 
8        -0.0059     0.0934     6.6258        7     0.47     0.0080     0.0891 
9        -0.0659     0.0934     7.2249        8     0.51    -0.0246     0.0891 
10        0.1531     0.0938    10.4853        9     0.31     0.1505     0.0891 
11        0.0673     0.0958    11.1208       10     0.35     0.0338     0.0891 
12        0.0037     0.0961    11.1227       11     0.43     0.0028     0.0891 
13       -0.0709     0.0961    11.8412       12     0.46    -0.0563     0.0891 
14        0.0510     0.0965    12.2158       13     0.51     0.1067     0.0891 
15       -0.0255     0.0968    12.3103       14     0.58    -0.0507     0.0891 
16        0.0401     0.0968    12.5465       15     0.64    -0.0131     0.0891 
17       -0.1170     0.0969    14.5707       16     0.56    -0.1329     0.0891 
18        0.0033     0.0981    14.5724       17     0.63     0.0384     0.0891 
19        0.0236     0.0981    14.6566       18     0.69     0.0238     0.0891 
20        0.1151     0.0981    16.6717       19     0.61     0.0871     0.0891 
_________
When DF is positive, P-values should be greater than 0.05
(at the 5 per cent level) for model adequacy

Residual diagnostics:             
Sample size         126 
                
Median              0.0068 
Mean               -0.0086 
Std of mean         0.0209 
T-value of mean    -0.4128 

                           P-values 
Normality (BS)      2.4441     0.29 
Skewness           -0.1657     0.45 
Kurtosis            2.4036     0.17 

                            P-value 
Durbin-Watson       1.9867     0.94 
                   
Standard error         0.2353 
Sigma square           0.0554 
Residual variance      0.0548 
Residual std. dev.     0.2342 

Approximate test of runs on residuals:               
Number of runs       60 
Number of (+)        63 
Number of (-)        63 
              
T-value            -0.7156 

Heteroscedasticity test:
         DF       stat  P-value 
H        42     0.6552     0.17 

Sample autocorrelations of squared residuals:
Order     Autcor         SE    Q-stats       DF P-values     Parcor         SE 
1        -0.0062     0.0891     0.0050        1     0.94    -0.0062     0.0891 
2        -0.1071     0.0891     1.4965        2     0.47    -0.1071     0.0891 
3         0.1492     0.0901     4.4161        3     0.22     0.1495     0.0891 
4         0.0032     0.0920     4.4175        4     0.35    -0.0089     0.0891 
5         0.0453     0.0920     4.6907        5     0.45     0.0799     0.0891 
6         0.0552     0.0922     5.1008        6     0.53     0.0322     0.0891 
7        -0.0269     0.0925     5.1988        7     0.64    -0.0134     0.0891 
8        -0.1125     0.0925     6.9292        8     0.54    -0.1261     0.0891 
9         0.0988     0.0936     8.2753        9     0.51     0.0877     0.0891 
10       -0.0116     0.0945     8.2939       10     0.60    -0.0407     0.0891 
11       -0.0833     0.0945     9.2666       11     0.60    -0.0327     0.0891 
12        0.0823     0.0950    10.2252       12     0.60     0.0549     0.0891 
13        0.0537     0.0956    10.6371       13     0.64     0.0684     0.0891 
14       -0.0379     0.0958    10.8444       14     0.70    -0.0144     0.0891 
15        0.0614     0.0960    11.3925       15     0.72     0.0527     0.0891 
16        0.1343     0.0963    14.0381       16     0.60     0.1179     0.0891 
17       -0.0864     0.0978    15.1420       17     0.59    -0.0650     0.0891 
18       -0.0188     0.0984    15.1950       18     0.65    -0.0367     0.0891 
19       -0.0168     0.0984    15.2373       19     0.71    -0.0804     0.0891 
20       -0.1959     0.0984    21.0787       20     0.39    -0.1783     0.0891 
_________
When DF is positive, P-values should be greater than 0.05
(at the 5 per cent level) for model adequacy

Second Round of the Program:

Arima Estimation (Levenberg-Marquardt):
Number of iterations:     2
Number of function evaluations:    13

Outliers detected (C =  3.0 , Method is Hannan-Rissanen):
 Order  Obs. number  Type  Year  Period
  out1            5    LS  1004       1


Arima Estimation (Levenberg-Marquardt):
Number of iterations:     1
Number of function evaluations:     7
Parameter     Estimate   Std. Error      T-ratio        Lag 
ma1            -0.6148       0.0697      -8.8153          1 
omg13           4.7109       0.0626      75.2431          1 
omg14           0.0270       0.0870       0.3107          1 
omg15          -0.1736       0.0862      -2.0149          1 
del11          -0.7350       0.0065    -113.2108          1 

Residual standard error:     0.2121

Root           Real p.     Imag. p.      Modulus  Argument    Period 
rmaroot1        0.6148       0.0000       0.6148    0.0000       Inf 
omgroot11      -0.1949       0.0000       0.1949   -0.0000       Inf 
omgroot12       0.1891       0.0000       0.1891    0.0000       Inf 
delroot11       0.7350       0.0000       0.7350    0.0000       Inf 


Correlations of the estimates:
Parameter          ma1        omg13        omg14        omg15        del11 
ma1             1.0000       0.0685      -0.0784      -0.1594      -0.1895 
omg13           0.0685       1.0000      -0.6135      -0.0789      -0.0723 
omg14          -0.0784      -0.6135       1.0000      -0.1684       0.3741 
omg15          -0.1594      -0.0789      -0.1684       1.0000       0.6891 
del11          -0.1895      -0.0723       0.3741       0.6891       1.0000 

Parameter     Estimate   Std. Error    T-ratio 
mean           0.03297      0.00684       4.82 
out1          -9.10361      0.17090     -53.27 


Correlations of the regression estimates:
Parameter         mean         out1 
mean            1.0000      -0.1468 
out1           -0.1468       1.0000 


Information criteria:    
AIC        563.7417 
BIC        581.7654 

Residuals:
     0.002   -0.002   -0.070    0.105    0.066    0.132   -0.158   -0.396    0.070    0.195    0.211   -0.077
    -0.096    0.078   -0.159   -0.040   -0.174   -0.186    0.345    0.099    0.167    0.129    0.024   -0.182
     0.016   -0.042    0.123    0.178    0.325    0.077   -0.216    0.293   -0.010    0.169    0.358   -0.394
     0.245    0.407   -0.043   -0.088   -0.201   -0.216    0.079    0.400    0.424   -0.079   -0.123    0.035
     0.120   -0.222   -0.288   -0.121    0.168   -0.295    0.016   -0.247   -0.034   -0.088   -0.007   -0.331
     0.259   -0.034    0.097    0.246    0.194   -0.082    0.461   -0.096    0.234   -0.353    0.191   -0.049
    -0.487   -0.236    0.035   -0.327   -0.273   -0.232    0.248    0.277    0.284   -0.072   -0.020   -0.284
     0.310    0.201    0.059   -0.127   -0.596    0.265   -0.078    0.230    0.038   -0.464   -0.229    0.083
    -0.191   -0.129    0.042   -0.152    0.153   -0.153   -0.482   -0.097   -0.020   -0.040    0.042   -0.082
     0.049   -0.018    0.138    0.082   -0.057    0.014   -0.257    0.368    0.168   -0.069    0.428   -0.289
     0.054    0.001    0.205    0.056    0.024    0.260   -0.155   -0.327   -0.264    0.089   -0.094   -0.083
    -0.027   -0.248    0.016    0.211    0.050    0.211   -0.077   -0.040    0.230   -0.282    0.166    0.174
     0.217    0.146   -0.115

Sample autocorrelations and partial autocorrelations:
Order     Autcor         SE    Q-stats       DF P-values     Parcor         SE 
1         0.0228     0.0825     0.0780        0     1.00     0.0228     0.0825 
2        -0.0178     0.0825     0.1260        0     1.00    -0.0184     0.0825 
3        -0.0504     0.0825     0.5130        0     1.00    -0.0497     0.0825 
4        -0.0846     0.0828     1.6101        0     1.00    -0.0830     0.0825 
5         0.1383     0.0833     4.5594        0     1.00     0.1414     0.0825 
6         0.0784     0.0849     5.5132        1     0.02     0.0682     0.0825 
7        -0.0745     0.0854     6.3813        2     0.04    -0.0851     0.0825 
8        -0.0126     0.0858     6.4064        3     0.09    -0.0017     0.0825 
9        -0.1083     0.0858     8.2669        4     0.08    -0.0810     0.0825 
10        0.0602     0.0868     8.8471        5     0.12     0.0534     0.0825 
11       -0.0571     0.0870     9.3716        6     0.15    -0.0996     0.0825 
12       -0.0768     0.0873    10.3288        7     0.17    -0.0691     0.0825 
13       -0.1343     0.0878    13.2754        8     0.10    -0.1369     0.0825 
14        0.0246     0.0891    13.3746        9     0.15     0.0577     0.0825 
15       -0.0100     0.0892    13.3912       10     0.20    -0.0390     0.0825 
16        0.0623     0.0892    14.0401       11     0.23     0.0409     0.0825 
17       -0.0844     0.0895    15.2407       12     0.23    -0.0793     0.0825 
18        0.0909     0.0900    16.6436       13     0.22     0.1428     0.0825 
19        0.0812     0.0907    17.7711       14     0.22     0.0879     0.0825 
20       -0.0076     0.0911    17.7809       15     0.27    -0.0462     0.0825 
_________
When DF is positive, P-values should be greater than 0.05
(at the 5 per cent level) for model adequacy

Residual diagnostics:             
Sample size         147 
                
Median              0.0013 
Mean               -0.0001 
Std of mean         0.0173 
T-value of mean    -0.0036 

                           P-values 
Normality (BS)      1.0834     0.58 
Skewness           -0.1711     0.40 
Kurtosis            2.7556     0.55 

                            P-value 
Durbin-Watson       1.9523     0.77 
                   
Standard error         0.2121 
Sigma square           0.0450 
Residual variance      0.0438 
Residual std. dev.     0.2092 

Approximate test of runs on residuals:               
Number of runs       76 
Number of (+)        74 
Number of (-)        73 
              
T-value             0.2489 

Heteroscedasticity test:
         DF       stat  P-value 
H        49     0.8423     0.55 

Sample autocorrelations of squared residuals:
Order     Autcor         SE    Q-stats       DF P-values     Parcor         SE 
1         0.0206     0.0825     0.0638        1     0.80     0.0206     0.0825 
2        -0.1296     0.0825     2.5998        2     0.27    -0.1301     0.0825 
3         0.1074     0.0839     4.3559        3     0.23     0.1151     0.0825 
4        -0.0070     0.0848     4.3633        4     0.36    -0.0316     0.0825 
5         0.0014     0.0848     4.3636        5     0.50     0.0331     0.0825 
6         0.0688     0.0848     5.0981        6     0.53     0.0514     0.0825 
7        -0.0102     0.0852     5.1146        7     0.65    -0.0066     0.0825 
8         0.0025     0.0852     5.1156        8     0.75     0.0163     0.0825 
9         0.2030     0.0852    11.6555        9     0.23     0.1936     0.0825 
10       -0.0192     0.0884    11.7144       10     0.30    -0.0306     0.0825 
11       -0.0803     0.0885    12.7519       11     0.31    -0.0310     0.0825 
12       -0.0542     0.0890    13.2292       12     0.35    -0.1077     0.0825 
13        0.1337     0.0892    16.1527       13     0.24     0.1489     0.0825 
14        0.0191     0.0905    16.2126       14     0.30    -0.0125     0.0825 
15       -0.0939     0.0906    17.6752       15     0.28    -0.0699     0.0825 
16        0.1951     0.0912    24.0369       16     0.09     0.1945     0.0825 
17       -0.0456     0.0940    24.3878       17     0.11    -0.0895     0.0825 
18       -0.0859     0.0942    25.6399       18     0.11    -0.0553     0.0825 
19        0.0066     0.0947    25.6473       19     0.14    -0.0490     0.0825 
20       -0.1281     0.0947    28.4753       20     0.10    -0.1155     0.0825 
_________
When DF is positive, P-values should be greater than 0.05
(at the 5 per cent level) for model adequacy
Elapsed time:     0.41

