Series:bjsgairls
Number of observations:  144
 Year       Jan      Feb      Mar      Apr      May      Jun      Jul      Aug      Sep      Oct      Nov      Dec
 1949    112.00   118.00   132.00   129.00   121.00   135.00   148.00   148.00   136.00   119.00   104.00   118.00
 1950    115.00   126.00   141.00   135.00   125.00   149.00   170.00   170.00   158.00   133.00   114.00   140.00
 1951    145.00   150.00   178.00   163.00   172.00   178.00   199.00   199.00   184.00   162.00   146.00   166.00
 1952    171.00   180.00   193.00   181.00   183.00   218.00   230.00   242.00   209.00   191.00   172.00   194.00
 1953    196.00   196.00   236.00   235.00   229.00   243.00   264.00   272.00   237.00   211.00   180.00   201.00
 1954    204.00   188.00   235.00   227.00   234.00   264.00   302.00   293.00   259.00   229.00   203.00   229.00
 1955    242.00   233.00   267.00   269.00   270.00   315.00   364.00   347.00   312.00   274.00   237.00   278.00
 1956    284.00   277.00   317.00   313.00   318.00   374.00   413.00   405.00   355.00   306.00   271.00   306.00
 1957    315.00   301.00   356.00   348.00   355.00   422.00   465.00   467.00   404.00   347.00   305.00   336.00
 1958    340.00   318.00   362.00   348.00   363.00   435.00   491.00   505.00   404.00   359.00   310.00   337.00
 1959    360.00   342.00   406.00   396.00   420.00   472.00   548.00   559.00   463.00   407.00   362.00   405.00
 1960    417.00   391.00   419.00   461.00   472.00   535.00   622.00   606.00   508.00   461.00   390.00   432.00

Logs of the series:
Number of observations:  144
 Year       Jan      Feb      Mar      Apr      May      Jun      Jul      Aug      Sep      Oct      Nov      Dec
 1949      4.72     4.77     4.88     4.86     4.80     4.91     5.00     5.00     4.91     4.78     4.64     4.77
 1950      4.74     4.84     4.95     4.91     4.83     5.00     5.14     5.14     5.06     4.89     4.74     4.94
 1951      4.98     5.01     5.18     5.09     5.15     5.18     5.29     5.29     5.21     5.09     4.98     5.11
 1952      5.14     5.19     5.26     5.20     5.21     5.38     5.44     5.49     5.34     5.25     5.15     5.27
 1953      5.28     5.28     5.46     5.46     5.43     5.49     5.58     5.61     5.47     5.35     5.19     5.30
 1954      5.32     5.24     5.46     5.42     5.46     5.58     5.71     5.68     5.56     5.43     5.31     5.43
 1955      5.49     5.45     5.59     5.59     5.60     5.75     5.90     5.85     5.74     5.61     5.47     5.63
 1956      5.65     5.62     5.76     5.75     5.76     5.92     6.02     6.00     5.87     5.72     5.60     5.72
 1957      5.75     5.71     5.87     5.85     5.87     6.05     6.14     6.15     6.00     5.85     5.72     5.82
 1958      5.83     5.76     5.89     5.85     5.89     6.08     6.20     6.22     6.00     5.88     5.74     5.82
 1959      5.89     5.83     6.01     5.98     6.04     6.16     6.31     6.33     6.14     6.01     5.89     6.00
 1960      6.03     5.97     6.04     6.13     6.16     6.28     6.43     6.41     6.23     6.13     5.97     6.07


Identified model is: ( 0 , 1 , 1 )( 0 , 1 , 1 )_ 12  in logs

Initial parameter values:
     -0.3917     -0.5678

Arima Estimation (Levenberg-Marquardt):
Number of iterations:     1
Number of function evaluations:     4
Parameter     Estimate   Std. Error      T-ratio        Lag 
ma1            -0.3994       0.0905      -4.4128          1 
ma12           -0.5540       0.0742      -7.4688         12 

Residual standard error:     0.0370

Root          Real p.     Imag. p.      Modulus  Argument    Period 
rmaroot1       0.3994       0.0000       0.3994    0.0000       Inf 
smaroot1       0.5540       0.0000       0.5540    0.0000       Inf 


Correlations of the estimates:
Parameter          ma1         ma12 
ma1             1.0000      -0.1094 
ma12           -0.1094       1.0000 


Information criteria:    
AIC         22.2605 
BIC         28.0109 

Residuals:
     0.032    0.012   -0.013   -0.017    0.051    0.055    0.022    0.019   -0.026   -0.028    0.058    0.072
    -0.013    0.052   -0.031    0.109   -0.066   -0.030   -0.012   -0.005    0.025    0.051   -0.022    0.009
    -0.000   -0.070   -0.032    0.009    0.085   -0.025    0.040   -0.052    0.031    0.033   -0.017   -0.016
    -0.060    0.053    0.079    0.007   -0.068   -0.030   -0.006   -0.030   -0.010   -0.047   -0.045   -0.019
    -0.118    0.033    0.015    0.048    0.041    0.066   -0.030   -0.013   -0.011    0.010   -0.000    0.040
    -0.002   -0.043    0.026    0.007    0.049    0.057   -0.026    0.006   -0.008   -0.019    0.029   -0.000
     0.003   -0.024   -0.006    0.008    0.037   -0.010   -0.003   -0.017   -0.031    0.002   -0.017   -0.006
    -0.021    0.011   -0.004    0.008    0.033   -0.003    0.023   -0.013   -0.022   -0.008   -0.038   -0.032
    -0.044   -0.045   -0.039    0.012    0.029    0.027    0.048   -0.071   -0.004   -0.019   -0.040    0.029
     0.010    0.030    0.015    0.038   -0.036    0.022    0.021   -0.007    0.000    0.020    0.019   -0.004
    -0.016   -0.094    0.084    0.016   -0.013    0.016   -0.032   -0.009    0.030   -0.027   -0.015

Sample autocorrelations and partial autocorrelations:
Order     Autcor         SE    Q-stats       DF P-values     Parcor         SE 
1         0.0147     0.0874     0.0291        0     1.00     0.0147     0.0874 
2         0.0250     0.0874     0.1134        0     1.00     0.0248     0.0874 
3        -0.1268     0.0874     2.3008        1     0.13    -0.1276     0.0874 
4        -0.1117     0.0888     4.0128        2     0.13    -0.1102     0.0874 
5         0.0669     0.0899     4.6318        3     0.20     0.0781     0.0874 
6         0.0681     0.0903     5.2778        4     0.26     0.0591     0.0874 
7        -0.0571     0.0907     5.7353        5     0.33    -0.0948     0.0874 
8        -0.0253     0.0909     5.8262        6     0.44    -0.0242     0.0874 
9         0.1154     0.0910     7.7289        7     0.36     0.1631     0.0874 
10       -0.0631     0.0921     8.3025        8     0.40    -0.0796     0.0874 
11        0.0080     0.0924     8.3119        9     0.50    -0.0432     0.0874 
12       -0.0462     0.0924     8.6249       10     0.57     0.0021     0.0874 
13        0.0103     0.0926     8.6407       11     0.66     0.0482     0.0874 
14        0.0324     0.0926     8.7971       12     0.72    -0.0157     0.0874 
15        0.0555     0.0927     9.2601       13     0.75     0.0306     0.0874 
16       -0.1476     0.0930    12.5593       14     0.56    -0.1249     0.0874 
17        0.0421     0.0947    12.8303       15     0.62     0.0622     0.0874 
18        0.0054     0.0949    12.8348       16     0.68     0.0113     0.0874 
19       -0.1027     0.0949    14.4757       17     0.63    -0.1436     0.0874 
20       -0.0989     0.0957    16.0100       18     0.59    -0.1413     0.0874 
21       -0.0284     0.0965    16.1375       19     0.65     0.0498     0.0874 
22       -0.0290     0.0966    16.2717       20     0.70    -0.0375     0.0874 
23        0.2170     0.0966    23.8678       21     0.30     0.1359     0.0874 
24        0.0094     0.1003    23.8823       22     0.35    -0.0227     0.0874 
25       -0.0371     0.1003    24.1088       23     0.40     0.0227     0.0874 
26        0.0507     0.1004    24.5354       24     0.43     0.0747     0.0874 
27       -0.0254     0.1006    24.6434       25     0.48     0.0067     0.0874 
28       -0.0535     0.1006    25.1281       26     0.51    -0.1090     0.0874 
29       -0.0377     0.1009    25.3713       27     0.55    -0.0229     0.0874 
30       -0.0823     0.1010    26.5389       28     0.54    -0.0467     0.0874 
31       -0.0545     0.1015    27.0567       29     0.57    -0.0673     0.0874 
32        0.1303     0.1017    30.0433       30     0.46     0.0270     0.0874 
33       -0.1292     0.1030    33.0129       31     0.37    -0.1050     0.0874 
34        0.0005     0.1042    33.0130       32     0.42     0.0006     0.0874 
35       -0.0732     0.1042    33.9848       33     0.42    -0.0721     0.0874 
36       -0.0350     0.1046    34.2093       34     0.46    -0.0707     0.0874 
_________
When DF is positive, P-values should be greater than 0.05
(at the 5 per cent level) for model adequacy

Pierce Qs:
Order    Qs-stat      DF  P-value 
1         0.3130       0     1.00 
2         0.3275       1     0.57 
3         0.5521       2     0.76 


Stable seasonality F-test based on residuals:
        DFn     DFd       stat  P-value 
F        11     120     1.4282     0.34 


Residual diagnostics:             
Sample size         131 
                
Median             -0.0028 
Mean                0.0007 
Std of mean         0.0032 
T-value of mean     0.2248 

                           P-values 
Normality (BS)      1.8947     0.39 
Skewness            0.0252     0.91 
Kurtosis            3.5870     0.17 

                            P-value 
Durbin-Watson       1.9635     0.83 
                   
Standard error         0.0370 
Sigma square           0.0014 
Residual variance      0.0013 
Residual std. dev.     0.0367 

Approximate test of runs on residuals:               
Number of runs       56 
Number of (+)        66 
Number of (-)        65 
              
T-value            -1.8413 

Heteroscedasticity test:
         DF       stat  P-value 
H        44     0.5789     0.07 

Sample autocorrelations of squared residuals:
Order     Autcor         SE    Q-stats       DF P-values     Parcor         SE 
1         0.1191     0.0874     1.8999        1     0.17     0.1191     0.0874 
2         0.0036     0.0886     1.9016        2     0.39    -0.0107     0.0874 
3         0.0178     0.0886     1.9448        3     0.58     0.0189     0.0874 
4        -0.0168     0.0886     1.9837        4     0.74    -0.0215     0.0874 
5         0.1053     0.0887     3.5172        5     0.62     0.1118     0.0874 
6        -0.0151     0.0896     3.5489        6     0.74    -0.0431     0.0874 
7        -0.0645     0.0896     4.1328        7     0.76    -0.0566     0.0874 
8         0.0236     0.0900     4.2117        8     0.84     0.0346     0.0874 
9        -0.0807     0.0900     5.1415        9     0.82    -0.0847     0.0874 
10        0.2213     0.0906    12.1963       10     0.27     0.2412     0.0874 
11        0.0677     0.0946    12.8611       11     0.30     0.0050     0.0874 
12        0.0742     0.0950    13.6679       12     0.32     0.0949     0.0874 
13        0.0848     0.0954    14.7291       13     0.32     0.0430     0.0874 
14       -0.0875     0.0960    15.8679       14     0.32    -0.0896     0.0874 
15        0.0820     0.0966    16.8780       15     0.33     0.0715     0.0874 
16        0.0188     0.0971    16.9317       16     0.39    -0.0234     0.0874 
17        0.0938     0.0972    18.2755       17     0.37     0.1461     0.0874 
18        0.0193     0.0978    18.3328       18     0.43    -0.0574     0.0874 
19       -0.0400     0.0979    18.5812       19     0.48     0.0503     0.0874 
20        0.1048     0.0980    20.3035       20     0.44     0.0483     0.0874 
21        0.0052     0.0989    20.3077       21     0.50    -0.0429     0.0874 
22       -0.0247     0.0989    20.4053       22     0.56    -0.0322     0.0874 
23        0.1659     0.0989    24.8479       23     0.36     0.1257     0.0874 
24       -0.0329     0.1010    25.0236       24     0.40    -0.0099     0.0874 
25        0.0878     0.1011    26.2894       25     0.39     0.0509     0.0874 
26       -0.0375     0.1017    26.5230       26     0.43    -0.0411     0.0874 
27        0.0391     0.1018    26.7787       27     0.48     0.0344     0.0874 
28       -0.0163     0.1019    26.8236       28     0.53    -0.1040     0.0874 
29       -0.0922     0.1019    28.2766       29     0.50    -0.0579     0.0874 
30       -0.0675     0.1025    29.0619       30     0.51    -0.1057     0.0874 
31       -0.0485     0.1029    29.4722       31     0.54    -0.0179     0.0874 
32        0.0234     0.1031    29.5685       32     0.59     0.0693     0.0874 
33        0.2051     0.1031    37.0445       33     0.29     0.1410     0.0874 
34       -0.0541     0.1062    37.5703       34     0.31    -0.0692     0.0874 
35       -0.0431     0.1064    37.9080       35     0.34    -0.1008     0.0874 
36       -0.0230     0.1065    38.0050       36     0.38    -0.0325     0.0874 
_________
When DF is positive, P-values should be greater than 0.05
(at the 5 per cent level) for model adequacy
Elapsed time:     0.17

