Series:btozone
Number of observations:  216
 Year       Jan      Feb      Mar      Apr      May      Jun      Jul      Aug      Sep      Oct      Nov      Dec
 1955     2.700    2.000    3.600    5.000    6.500    6.100    5.900    5.000    6.400    7.400    8.200    3.900
 1956     4.100    4.500    5.500    3.800    4.800    5.600    6.300    5.900    8.700    5.300    5.700    5.700
 1957     3.000    3.400    4.900    4.500    4.000    5.700    6.300    7.100    8.000    5.200    5.000    4.700
 1958     3.700    3.100    2.500    4.000    4.100    4.600    4.400    4.200    5.100    4.600    4.400    4.000
 1959     2.900    2.400    4.700    5.100    4.000    7.500    7.700    6.300    5.300    5.700    4.800    2.700
 1960     1.700    2.000    3.400    4.000    4.300    5.000    5.500    5.000    5.400    3.800    2.400    2.000
 1961     2.200    2.500    2.600    3.300    2.900    4.300    4.200    4.200    3.900    3.900    2.500    2.200
 1962     2.400    1.900    2.100    4.500    3.300    3.400    4.100    5.700    4.800    5.000    2.800    2.900
 1963     1.700    3.200    2.700    3.000    3.400    3.800    5.000    4.800    4.900    3.500    2.500    2.400
 1964     1.600    2.300    2.500    3.100    3.500    4.500    5.700    5.000    4.600    4.800    2.100    1.400
 1965     2.100    2.900    2.700    4.200    3.900    4.100    4.600    5.800    4.400    6.100    3.500    1.900
 1966     1.800    1.900    3.700    4.400    3.800    5.600    5.700    5.100    5.600    4.800    2.500    1.500
 1967     1.800    2.500    2.600    1.800    3.700    3.700    4.900    5.100    3.700    5.400    3.000    1.800
 1968     2.100    2.600    2.800    3.200    3.500    3.500    4.900    4.200    4.700    3.700    3.200    1.800
 1969     2.000    1.700    2.800    3.200    4.400    3.400    3.900    5.500    3.800    3.200    2.300    2.200
 1970     1.300    2.300    2.700    3.300    3.700    3.000    3.800    4.700    4.600    2.900    1.700    1.300
 1971     1.800    2.000    2.200    3.000    2.400    3.500    3.500    3.300    2.700    2.500    1.600    1.200
 1972     1.500    2.000    3.100    3.000    3.500    3.400    4.000    3.800    3.100    2.100    1.600    1.300

Logs of the series:
Number of observations:  216
 Year       Jan      Feb      Mar      Apr      May      Jun      Jul      Aug      Sep      Oct      Nov      Dec
 1955     0.993    0.693    1.281    1.609    1.872    1.808    1.775    1.609    1.856    2.001    2.104    1.361
 1956     1.411    1.504    1.705    1.335    1.569    1.723    1.841    1.775    2.163    1.668    1.740    1.740
 1957     1.099    1.224    1.589    1.504    1.386    1.740    1.841    1.960    2.079    1.649    1.609    1.548
 1958     1.308    1.131    0.916    1.386    1.411    1.526    1.482    1.435    1.629    1.526    1.482    1.386
 1959     1.065    0.875    1.548    1.629    1.386    2.015    2.041    1.841    1.668    1.740    1.569    0.993
 1960     0.531    0.693    1.224    1.386    1.459    1.609    1.705    1.609    1.686    1.335    0.875    0.693
 1961     0.788    0.916    0.956    1.194    1.065    1.459    1.435    1.435    1.361    1.361    0.916    0.788
 1962     0.875    0.642    0.742    1.504    1.194    1.224    1.411    1.740    1.569    1.609    1.030    1.065
 1963     0.531    1.163    0.993    1.099    1.224    1.335    1.609    1.569    1.589    1.253    0.916    0.875
 1964     0.470    0.833    0.916    1.131    1.253    1.504    1.740    1.609    1.526    1.569    0.742    0.336
 1965     0.742    1.065    0.993    1.435    1.361    1.411    1.526    1.758    1.482    1.808    1.253    0.642
 1966     0.588    0.642    1.308    1.482    1.335    1.723    1.740    1.629    1.723    1.569    0.916    0.405
 1967     0.588    0.916    0.956    0.588    1.308    1.308    1.589    1.629    1.308    1.686    1.099    0.588
 1968     0.742    0.956    1.030    1.163    1.253    1.253    1.589    1.435    1.548    1.308    1.163    0.588
 1969     0.693    0.531    1.030    1.163    1.482    1.224    1.361    1.705    1.335    1.163    0.833    0.788
 1970     0.262    0.833    0.993    1.194    1.308    1.099    1.335    1.548    1.526    1.065    0.531    0.262
 1971     0.588    0.693    0.788    1.099    0.875    1.253    1.253    1.194    0.993    0.916    0.470    0.182
 1972     0.405    0.693    1.131    1.099    1.253    1.224    1.386    1.335    1.131    0.742    0.470    0.262

Estimation results:
Parameter        Estimate   Std. Error      T-ratio 
Sigma autor.       0.1813          NaN          NaN 
Sigma seaso.       0.0060       0.0094       3.5126 
Ar(1)             -0.2882       0.0718      -4.0043 
Parameter Sigma autor. is concentrated out of the likelihood

Correlations of the estimates:
Parameter    Sigma seaso.        Ar(1) 
Sigma seaso.       1.0000      -0.1595 
Ar(1)             -0.1595       1.0000 


Coefficient of determination R_S^2      0.5209
Prediction error variance               0.0435
Residual standard error                 0.2087

Regression parameters:
Parameter     Estimate   Std. Error    T-ratio 
level          1.55622      0.03276      47.51 
reg1          -0.33909      0.04279      -7.93 
reg2          -0.05517      0.01391      -3.97 
reg3          -0.14231      0.05605      -2.54 


Correlations of the regression estimates:
Parameter        level         reg1         reg2         reg3 
level           1.0000      -0.7616      -0.0017      -0.0035 
reg1           -0.7616       1.0000      -0.2366      -0.3318 
reg2           -0.0017      -0.2366       1.0000      -0.1321 
reg3           -0.0035      -0.3318      -0.1321       1.0000 


Information criteria:    
AIC        861.1812 
BIC        881.1193 

Residuals:
    -0.246   -0.142    0.012    0.078    0.124    0.214   -0.255   -0.164    0.392   -0.137    0.129    0.074
     0.033   -0.244    0.065    0.056    0.225    0.027   -0.131   -0.173    0.086    0.141   -0.036   -0.488
     0.052   -0.112   -0.160   -0.223   -0.239   -0.270   -0.134   -0.227   -0.096   -0.108   -0.244    0.210
     0.061   -0.194    0.267    0.183    0.025   -0.265    0.054   -0.140   -0.439   -0.169   -0.002    0.128
     0.117    0.202    0.050    0.154    0.115    0.099   -0.091   -0.397   -0.208    0.077    0.138   -0.181
    -0.017   -0.144   -0.009   -0.085   -0.018   -0.178   -0.005   -0.277   -0.111    0.101   -0.178   -0.272
     0.271   -0.069   -0.268   -0.049    0.229   -0.026    0.136   -0.167    0.112   -0.287    0.367   -0.076
    -0.231    0.066   -0.121    0.118   -0.031    0.046   -0.221   -0.146   -0.072   -0.224   -0.016   -0.066
    -0.136    0.042    0.044    0.149   -0.020   -0.049    0.110   -0.341   -0.511    0.166    0.119   -0.050
     0.138    0.053   -0.071   -0.061    0.156   -0.106    0.278    0.129   -0.231   -0.081   -0.245    0.335
     0.087    0.007    0.309    0.145    0.025    0.236    0.030    0.008   -0.160    0.109    0.210    0.023
    -0.485    0.314   -0.054    0.129    0.144   -0.125    0.290    0.121    0.015    0.183    0.176    0.072
     0.147    0.070    0.026    0.193    0.018    0.247   -0.075    0.228    0.037    0.114   -0.192    0.159
     0.144    0.261    0.063    0.019    0.395    0.019   -0.044   -0.089    0.297   -0.313    0.221    0.054
     0.156    0.074    0.064    0.120    0.229    0.307   -0.090   -0.301   -0.177    0.187   -0.015   -0.093
     0.092   -0.287    0.360    0.069   -0.049   -0.089   -0.032   -0.267   -0.205   -0.006    0.015    0.231
    -0.022    0.122    0.239    0.239    0.123    0.083   -0.147   -0.189   -0.081

Sample autocorrelations and partial autocorrelations:
Order     Autcor         SE    Q-stats       DF P-values     Parcor         SE 
1         0.0506     0.0705     0.5230        0     1.00     0.0506     0.0705 
2         0.0315     0.0707     0.7265        0     1.00     0.0290     0.0705 
3         0.0844     0.0708     2.1948        1     0.14     0.0817     0.0705 
4         0.0983     0.0713     4.1965        2     0.12     0.0903     0.0705 
5        -0.0011     0.0720     4.1968        3     0.24    -0.0142     0.0705 
6         0.0488     0.0720     4.6955        4     0.32     0.0385     0.0705 
7        -0.0036     0.0721     4.6982        5     0.45    -0.0224     0.0705 
8        -0.0388     0.0721     5.0160        6     0.54    -0.0483     0.0705 
9         0.0472     0.0722     5.4897        7     0.60     0.0472     0.0705 
10        0.0581     0.0724     6.2105        8     0.62     0.0511     0.0705 
11        0.1831     0.0726    13.4113        9     0.14     0.1916     0.0705 
12        0.0779     0.0749    14.7218       10     0.14     0.0654     0.0705 
13        0.1435     0.0753    19.1925       11     0.06     0.1232     0.0705 
14        0.1300     0.0766    22.8826       12     0.03     0.0950     0.0705 
15       -0.0535     0.0777    23.5115       13     0.04    -0.1204     0.0705 
16        0.0541     0.0779    24.1561       14     0.04     0.0215     0.0705 
17       -0.0189     0.0781    24.2356       15     0.06    -0.0791     0.0705 
18        0.0177     0.0781    24.3052       16     0.08     0.0185     0.0705 
19        0.0078     0.0781    24.3190       17     0.11     0.0355     0.0705 
20        0.0068     0.0781    24.3294       18     0.14    -0.0071     0.0705 
21       -0.0429     0.0781    24.7462       19     0.17    -0.0247     0.0705 
22        0.1432     0.0782    29.4183       20     0.08     0.1038     0.0705 
23        0.0592     0.0795    30.2220       21     0.09     0.0044     0.0705 
24        0.0551     0.0798    30.9211       22     0.10     0.0059     0.0705 
25        0.1001     0.0800    33.2453       23     0.08     0.0319     0.0705 
26        0.0097     0.0806    33.2674       24     0.10    -0.0264     0.0705 
27        0.0772     0.0806    34.6644       25     0.09     0.0529     0.0705 
28        0.0160     0.0809    34.7248       26     0.12     0.0044     0.0705 
29       -0.0141     0.0810    34.7717       27     0.14    -0.0191     0.0705 
30        0.1224     0.0810    38.3479       28     0.09     0.1440     0.0705 
31        0.0636     0.0819    39.3200       29     0.10     0.0590     0.0705 
32       -0.0763     0.0821    40.7247       30     0.09    -0.0893     0.0705 
33        0.1283     0.0825    44.7256       31     0.05     0.1014     0.0705 
34        0.0622     0.0835    45.6716       32     0.06    -0.0031     0.0705 
35       -0.0254     0.0837    45.8302       33     0.07    -0.0692     0.0705 
36        0.0743     0.0837    47.1953       34     0.07     0.0085     0.0705 
_________
When DF is positive, P-values should be greater than 0.05
(at the 5 per cent level) for model adequacy

Residual diagnostics:             
Sample size         201 
                
Median              0.0187 
Mean                0.0002 
Std of mean         0.0127 
T-value of mean     0.0177 

                           P-values 
Normality (BS)      2.7934     0.25 
Skewness           -0.2662     0.12 
Kurtosis            2.7764     0.52 

                            P-value 
Durbin-Watson       1.8885     0.43 
                   
Standard error         0.2087 
Sigma square           0.0435 
Residual variance      0.0325 
Residual std. dev.     0.1804 

Approximate test of runs on residuals:               
Number of runs       87 
Number of (+)       101 
Number of (-)       100 
              
T-value            -2.0503 

Heteroscedasticity test:
         DF       stat  P-value 
H        67     0.8995     0.67 

Sample autocorrelations of squared residuals:
Order     Autcor         SE    Q-stats       DF P-values     Parcor         SE 
1         0.0155     0.0705     0.0490        1     0.82     0.0155     0.0705 
2        -0.1216     0.0706     3.0790        2     0.21    -0.1218     0.0705 
3        -0.0523     0.0716     3.6432        3     0.30    -0.0491     0.0705 
4        -0.0811     0.0718     5.0066        4     0.29    -0.0962     0.0705 
5        -0.0599     0.0722     5.7534        5     0.33    -0.0726     0.0705 
6        -0.0115     0.0725     5.7813        6     0.45    -0.0373     0.0705 
7        -0.0683     0.0725     6.7636        7     0.45    -0.0983     0.0705 
8        -0.0377     0.0728     7.0637        8     0.53    -0.0629     0.0705 
9        -0.0718     0.0729     8.1591        9     0.52    -0.1163     0.0705 
10        0.0569     0.0733     8.8500       10     0.55     0.0208     0.0705 
11        0.0559     0.0735     9.5213       11     0.57     0.0031     0.0705 
12       -0.0678     0.0737    10.5129       12     0.57    -0.0965     0.0705 
13       -0.0217     0.0740    10.6148       13     0.64    -0.0431     0.0705 
14       -0.0181     0.0740    10.6865       14     0.71    -0.0601     0.0705 
15        0.1313     0.0740    14.4663       15     0.49     0.1159     0.0705 
16        0.0006     0.0752    14.4664       16     0.56    -0.0421     0.0705 
17       -0.0172     0.0752    14.5322       17     0.63    -0.0058     0.0705 
18        0.0164     0.0752    14.5919       18     0.69     0.0136     0.0705 
19       -0.0420     0.0752    14.9869       19     0.72    -0.0347     0.0705 
20       -0.1489     0.0754    19.9872       20     0.46    -0.1484     0.0705 
21        0.0786     0.0768    21.3873       21     0.44     0.0469     0.0705 
22        0.0697     0.0772    22.4936       22     0.43     0.0491     0.0705 
23       -0.0246     0.0775    22.6328       23     0.48    -0.0256     0.0705 
24       -0.0897     0.0776    24.4879       24     0.43    -0.0962     0.0705 
25       -0.1000     0.0781    26.8074       25     0.37    -0.1427     0.0705 
26       -0.0059     0.0787    26.8154       26     0.42    -0.0495     0.0705 
27       -0.0014     0.0787    26.8158       27     0.47    -0.0577     0.0705 
28        0.1910     0.0787    35.4227       28     0.16     0.1574     0.0705 
29        0.0025     0.0810    35.4242       29     0.19    -0.0561     0.0705 
30       -0.0238     0.0810    35.5598       30     0.22    -0.0049     0.0705 
31       -0.0733     0.0810    36.8486       31     0.22    -0.1066     0.0705 
32        0.1177     0.0813    40.1937       32     0.15     0.0913     0.0705 
33        0.0308     0.0822    40.4239       33     0.18     0.0011     0.0705 
34       -0.0344     0.0822    40.7126       34     0.20    -0.0122     0.0705 
35       -0.0112     0.0823    40.7437       35     0.23     0.0763     0.0705 
36       -0.0361     0.0823    41.0664       36     0.26    -0.0689     0.0705 
_________
When DF is positive, P-values should be greater than 0.05
(at the 5 per cent level) for model adequacy
