Series:EXPIMPSP
Number of observations:  155
 Year       Jan      Feb      Mar      Apr      May      Jun      Jul      Aug      Sep      Oct      Nov      Dec
 1976      0.61     0.54     0.52     0.41     0.37     0.48     0.54     0.43     0.47     0.47     0.52     0.62
 1977      0.66     0.57     0.62     0.52     0.54     0.48     0.58     0.50     0.50     0.62     0.58     0.74
 1978      0.63     0.67     0.78     0.79     0.65     0.61     0.66     0.73     0.62     0.64     0.75     0.91
 1979      0.78     0.75     0.85     0.75     0.72     0.85     0.65     0.73     0.56     0.56     0.70     0.78
 1980      0.61     0.63     0.66     0.54     0.65     0.60     0.55     0.63     0.43     0.64     0.56     0.81
 1981      0.56     0.57     0.57     0.54     0.59     0.66     0.82     0.66     0.61     0.47     0.76     0.80
 1982      0.60     0.78     0.67     0.57     0.68     0.54     0.76     0.57     0.65     0.70     0.63     0.68
 1983      0.52     0.56     0.76     0.51     0.74     0.73     0.71     0.65     0.80     0.75     0.74     0.68
 1984      0.76     0.80     0.90     0.85     0.80     0.91     0.68     0.80     0.84     0.76     0.75     0.87
 1985      0.74     0.78     0.84     0.72     0.83     0.74     0.95     0.77     0.75     0.87     0.89     0.83
 1986      0.80     0.87     0.81     0.86     0.79     0.73     0.78     0.72     0.68     0.70     0.77     0.82
 1987      0.79     0.68     0.68     0.66     0.77     0.71     0.68     0.64     0.68     0.57     0.74     0.76
 1988      0.69     0.73     0.69     0.65     0.70     0.65     0.71     0.54     0.68     0.60     0.70


Identified model is: ( 0 , 1 , 1 )( 1 , 0 , 0 )_ 12

Initial parameter values:
     -0.1901     -0.7708

Outliers detected (C =  3.0 , Method is Exact max. likelihood):
 Order  Obs. number  Type  Year  Period
  out1           70    AO  1981      10

Initial parameter values:
     -0.2268     -0.7620

Arima Estimation (Levenberg-Marquardt):
Number of iterations:     2
Number of function evaluations:     7
Parameter     Estimate   Std. Error      T-ratio        Lag 
phi12          -0.2947       0.0789      -3.7336         12 
ma1            -0.6967       0.0567     -12.2970          1 

Residual standard error:     0.0800

Root          Real p.     Imag. p.      Modulus  Argument    Period 
sarroot1       0.2947       0.0000       0.2947    0.0000       Inf 
rmaroot1       0.6967       0.0000       0.6967    0.0000       Inf 


Correlations of the estimates:
Parameter        phi12          ma1 
phi12           1.0000      -0.0722 
ma1            -0.0722       1.0000 

Parameter     Estimate   Std. Error    T-ratio 
out1          -0.24754      0.07064      -3.50 


Correlations of the regression estimates:
Parameter         out1 
out1            1.0000 


Information criteria:    
AIC        284.6011 
BIC        290.6750 

Residuals:
    -0.047   -0.126   -0.128    0.024    0.072   -0.059    0.003    0.002    0.051    0.126    0.104    0.004
     0.053   -0.024    0.016   -0.091    0.027   -0.035   -0.030    0.098    0.014    0.135   -0.023    0.052
     0.126    0.127   -0.051   -0.055   -0.022    0.077   -0.061   -0.057    0.079    0.177    0.022   -0.024
     0.051   -0.069   -0.042    0.112   -0.135   -0.027   -0.163   -0.112    0.024    0.046   -0.101   -0.038
    -0.026   -0.109    0.048   -0.060   -0.029    0.036   -0.124    0.121   -0.036    0.200   -0.059   -0.033
    -0.035   -0.019    0.005    0.083    0.238   -0.018   -0.003    0.089    0.077    0.029   -0.113    0.098
    -0.045   -0.117    0.011   -0.153    0.063   -0.093    0.023    0.030   -0.055    0.006   -0.098   -0.083
     0.174   -0.099    0.132    0.118    0.003   -0.002    0.120    0.017    0.029   -0.061    0.088    0.090
     0.103    0.101   -0.054    0.074   -0.167    0.020    0.015   -0.056   -0.051    0.107   -0.079   -0.033
     0.005   -0.103    0.061   -0.080    0.218   -0.062   -0.078    0.090    0.084   -0.034   -0.020    0.046
    -0.041    0.054   -0.060   -0.074   -0.063   -0.052   -0.073   -0.062    0.014    0.075    0.040   -0.103
    -0.060   -0.076    0.072    0.017   -0.033   -0.045    0.015   -0.100    0.077    0.063   -0.024    0.054
     0.001   -0.032   -0.004   -0.034    0.041   -0.131    0.041   -0.022    0.034

Sample autocorrelations and partial autocorrelations:
Order     Autcor         SE    Q-stats       DF P-values     Parcor         SE 
1        -0.0714     0.0808     0.7957        0     1.00    -0.0714     0.0808 
2         0.0940     0.0813     2.1823        0     1.00     0.0893     0.0808 
3         0.0424     0.0820     2.4668        1     0.12     0.0556     0.0808 
4        -0.0022     0.0821     2.4675        2     0.29    -0.0040     0.0808 
5         0.0764     0.0821     3.4030        3     0.33     0.0679     0.0808 
6        -0.0673     0.0826     4.1339        4     0.39    -0.0604     0.0808 
7         0.0486     0.0829     4.5176        5     0.48     0.0276     0.0808 
8        -0.0367     0.0831     4.7381        6     0.58    -0.0275     0.0808 
9        -0.0578     0.0832     5.2876        7     0.62    -0.0646     0.0808 
10       -0.0313     0.0835     5.4503        8     0.71    -0.0428     0.0808 
11        0.0282     0.0836     5.5835        9     0.78     0.0471     0.0808 
12       -0.0148     0.0836     5.6204       10     0.85    -0.0067     0.0808 
13       -0.0164     0.0836     5.6661       11     0.89    -0.0120     0.0808 
14       -0.0519     0.0837     6.1259       12     0.91    -0.0533     0.0808 
15       -0.0611     0.0839     6.7666       13     0.91    -0.0669     0.0808 
16       -0.0111     0.0842     6.7878       14     0.94    -0.0149     0.0808 
17       -0.1167     0.0842     9.1645       15     0.87    -0.1014     0.0808 
18       -0.0577     0.0852     9.7497       16     0.88    -0.0771     0.0808 
19       -0.0780     0.0855    10.8253       17     0.87    -0.0669     0.0808 
20       -0.0469     0.0859    11.2173       18     0.88    -0.0333     0.0808 
21       -0.0599     0.0861    11.8612       19     0.89    -0.0535     0.0808 
22       -0.0697     0.0864    12.7398       20     0.89    -0.0610     0.0808 
23        0.0443     0.0867    13.0985       21     0.91     0.0310     0.0808 
24        0.0415     0.0869    13.4156       22     0.92     0.0624     0.0808 
25        0.0245     0.0870    13.5264       23     0.94     0.0247     0.0808 
26        0.0556     0.0871    14.1028       24     0.94     0.0423     0.0808 
27       -0.0770     0.0873    15.2178       25     0.94    -0.1012     0.0808 
28        0.0396     0.0877    15.5159       26     0.95    -0.0061     0.0808 
29        0.0706     0.0879    16.4691       27     0.94     0.0749     0.0808 
30       -0.0645     0.0882    17.2701       28     0.94    -0.0733     0.0808 
31        0.1152     0.0885    19.8514       29     0.90     0.0686     0.0808 
32        0.0233     0.0895    19.9578       30     0.92     0.0512     0.0808 
33        0.0080     0.0895    19.9706       31     0.94    -0.0160     0.0808 
34        0.0027     0.0896    19.9721       32     0.95    -0.0293     0.0808 
35        0.0144     0.0896    20.0140       33     0.96    -0.0043     0.0808 
36       -0.0437     0.0896    20.4013       34     0.97    -0.1183     0.0808 
_________
When DF is positive, P-values should be greater than 0.05
(at the 5 per cent level) for model adequacy

Pierce Qs:
Order    Qs-stat      DF  P-value 
1         0.0369       0     1.00 
2         0.3539       1     0.55 
3         0.7413       2     0.69 


Stable seasonality F-test based on residuals:
        DFn     DFd       stat  P-value 
F        11     142     1.9054     0.09 


Residual diagnostics:             
Sample size         153 
                
Median             -0.0024 
Mean                0.0011 
Std of mean         0.0064 
T-value of mean     0.1773 

                           P-values 
Normality (BS)      3.3863     0.18 
Skewness            0.3572     0.07 
Kurtosis            2.8560     0.72 

                            P-value 
Durbin-Watson       2.1393     0.39 
                   
Standard error         0.0800 
Sigma square           0.0064 
Residual variance      0.0064 
Residual std. dev.     0.0797 

Approximate test of runs on residuals:               
Number of runs       84 
Number of (+)        77 
Number of (-)        76 
              
T-value             1.0550 

Heteroscedasticity test:
         DF       stat  P-value 
H        51     0.7409     0.29 

Sample autocorrelations of squared residuals:
Order     Autcor         SE    Q-stats       DF P-values     Parcor         SE 
1        -0.0324     0.0808     0.1635        1     0.69    -0.0324     0.0808 
2        -0.0537     0.0809     0.6167        2     0.73    -0.0548     0.0808 
3         0.0402     0.0812     0.8727        3     0.83     0.0368     0.0808 
4        -0.0825     0.0813     1.9557        4     0.74    -0.0833     0.0808 
5        -0.1759     0.0818     6.9156        5     0.23    -0.1791     0.0808 
6        -0.0011     0.0843     6.9158        6     0.33    -0.0258     0.0808 
7         0.1507     0.0843    10.6051        7     0.16     0.1426     0.0808 
8        -0.0948     0.0860    12.0754        8     0.15    -0.0841     0.0808 
9         0.1355     0.0867    15.1001        9     0.09     0.1192     0.0808 
10        0.0125     0.0881    15.1262       10     0.13    -0.0311     0.0808 
11        0.0192     0.0881    15.1880       11     0.17     0.0622     0.0808 
12        0.0489     0.0881    15.5901       12     0.21     0.0828     0.0808 
13        0.0081     0.0883    15.6012       13     0.27     0.0120     0.0808 
14       -0.0067     0.0883    15.6087       14     0.34     0.0168     0.0808 
15        0.1039     0.0883    17.4651       15     0.29     0.1482     0.0808 
16        0.0232     0.0891    17.5582       16     0.35     0.0088     0.0808 
17       -0.0571     0.0891    18.1277       17     0.38     0.0059     0.0808 
18        0.0882     0.0894    19.4941       18     0.36     0.0667     0.0808 
19       -0.0692     0.0899    20.3413       19     0.37    -0.0646     0.0808 
20        0.0076     0.0903    20.3515       20     0.44     0.0628     0.0808 
21        0.0243     0.0903    20.4575       21     0.49     0.0041     0.0808 
22        0.1253     0.0903    23.3006       22     0.38     0.1044     0.0808 
23       -0.0738     0.0915    24.2951       23     0.39    -0.0514     0.0808 
24        0.0384     0.0918    24.5664       24     0.43     0.0128     0.0808 
25        0.0288     0.0920    24.7197       25     0.48    -0.0094     0.0808 
26       -0.0546     0.0920    25.2774       26     0.50     0.0087     0.0808 
27        0.0369     0.0922    25.5335       27     0.54     0.0048     0.0808 
28        0.0309     0.0923    25.7149       28     0.59     0.0371     0.0808 
29       -0.0237     0.0924    25.8225       29     0.63    -0.0666     0.0808 
30        0.0571     0.0924    26.4503       30     0.65     0.0891     0.0808 
31        0.0948     0.0927    28.1970       31     0.61     0.0485     0.0808 
32       -0.0190     0.0933    28.2675       32     0.66     0.0207     0.0808 
33        0.0415     0.0933    28.6085       33     0.69     0.0363     0.0808 
34       -0.1261     0.0934    31.7762       34     0.58    -0.1645     0.0808 
35       -0.0819     0.0945    33.1253       35     0.56    -0.0533     0.0808 
36        0.0249     0.0950    33.2510       36     0.60     0.0306     0.0808 
_________
When DF is positive, P-values should be greater than 0.05
(at the 5 per cent level) for model adequacy
Elapsed time:     1.40

