Series:GDP
Number of observations:  167
 Year         I       II      III       IV
 1970     5.542    5.581    5.600    5.608
 1971     5.589    5.609    5.627    5.626
 1972     5.627    5.643    5.666    5.681
 1973     5.695    5.703    5.706    5.708
 1974     5.717    5.716    5.716    5.703
 1975     5.697    5.692    5.703    5.723
 1976     5.732    5.746    5.747    5.765
 1977     5.774    5.779    5.779    5.796
 1978     5.800    5.804    5.817    5.829
 1979     5.830    5.860    5.860    5.867
 1980     5.875    5.868    5.864    5.863
 1981     5.875    5.872    5.875    5.874
 1982     5.878    5.871    5.862    5.864
 1983     5.873    5.883    5.881    5.895
 1984     5.908    5.893    5.919    5.928
 1985     5.922    5.932    5.945    5.951
 1986     5.946    5.957    5.964    5.974
 1987     5.949    5.971    5.978    5.994
 1988     5.984    6.002    6.014    6.025
 1989     6.036    6.040    6.049    6.061
 1990     6.081    6.086    6.107    6.124
 1991     6.153    6.149    6.143    6.158
 1992     6.174    6.165    6.162    6.161
 1993     6.152    6.152    6.159    6.157
 1994     6.171    6.174    6.182    6.193
 1995     6.190    6.199    6.202    6.201
 1996     6.191    6.206    6.212    6.215
 1997     6.210    6.224    6.228    6.234
 1998     6.242    6.238    6.241    6.240
 1999     6.248    6.249    6.261    6.272
 2000     6.283    6.293    6.292    6.292
 2001     6.306    6.308    6.304    6.306
 2002     6.303    6.306    6.310    6.308
 2003     6.300    6.299    6.304    6.308
 2004     6.308    6.311    6.310    6.310
 2005     6.308    6.315    6.323    6.325
 2006     6.337    6.352    6.361    6.374
 2007     6.380    6.386    6.395    6.397
 2008     6.408    6.404    6.400    6.378
 2009     6.337    6.340    6.348    6.356
 2010     6.361    6.380    6.388    6.393
 2011     6.406    6.409    6.414

Estimation results:
Parameter        Estimate   Std. Error      T-ratio 
Sigma cycle        0.0250          NaN          NaN 
Sigma irreg.      -0.0002       0.8735       0.5109 
Sigma level        0.0000          NaN          NaN 
Sigma slope        0.0003       0.0055       2.2408 
Cycle rho          0.9281       0.0272      33.8218 
Cycle freq.        0.1439       0.0454       3.1180 
Parameter Sigma cycle  is concentrated out of the likelihood

Coefficient of determination R_D^2     -0.0026
Prediction error variance               0.0001
Residual standard error                 0.0101

Information criteria:    
AIC       -362.0358 
BIC       -349.6121 

Residuals:
    -0.037   -0.042   -0.089    0.025    0.010   -0.034   -0.023    0.017    0.029    0.004    0.000   -0.016
    -0.023   -0.021   -0.005   -0.026   -0.020   -0.050   -0.027   -0.023    0.017    0.032    0.001    0.013
    -0.023    0.023   -0.005   -0.012   -0.024    0.021   -0.014   -0.013    0.011    0.006   -0.020    0.054
    -0.026   -0.008   -0.002   -0.037   -0.027   -0.018    0.014   -0.023   -0.009   -0.018   -0.006   -0.031
    -0.039   -0.007    0.007    0.009   -0.024    0.016    0.012   -0.061    0.049   -0.001   -0.035    0.006
     0.012   -0.006   -0.033    0.012    0.001    0.007   -0.080    0.044    0.002    0.024   -0.039    0.031
     0.012    0.013    0.010   -0.006    0.008    0.014    0.036   -0.004    0.037    0.027    0.056   -0.029
    -0.028    0.027    0.029   -0.032   -0.017   -0.007   -0.028   -0.005    0.012   -0.012    0.026   -0.004
     0.007    0.014   -0.023    0.009   -0.010   -0.018   -0.037    0.023   -0.000   -0.009   -0.030    0.021
    -0.009   -0.001    0.000   -0.028   -0.008   -0.018    0.004   -0.014    0.012    0.009    0.008    0.007
    -0.022   -0.018    0.021   -0.014   -0.023   -0.008   -0.022   -0.004   -0.003   -0.017   -0.031   -0.011
     0.001   -0.002   -0.012   -0.004   -0.016   -0.012   -0.015    0.005    0.006   -0.008    0.015    0.022
     0.007    0.014   -0.000   -0.001    0.008   -0.007    0.015   -0.021   -0.018   -0.061   -0.103    0.013
     0.021    0.015    0.006    0.040    0.007   -0.001    0.021   -0.007    0.000

Sample autocorrelations and partial autocorrelations:
Order     Autcor         SE    Q-stats       DF P-values     Parcor         SE 
1         0.0789     0.0778     1.0470        0     1.00     0.0789     0.0778 
2         0.0492     0.0783     1.4562        0     1.00     0.0432     0.0778 
3         0.0643     0.0785     2.1592        0     1.00     0.0576     0.0778 
4         0.1649     0.0788     6.8108        0     1.00     0.1555     0.0778 
5        -0.0623     0.0809     7.4801        1     0.01    -0.0928     0.0778 
6        -0.0458     0.0812     7.8444        2     0.02    -0.0532     0.0778 
7         0.0044     0.0813     7.8477        3     0.05     0.0001     0.0778 
8        -0.0537     0.0814     8.3547        4     0.08    -0.0706     0.0778 
9         0.0140     0.0816     8.3890        5     0.14     0.0561     0.0778 
10       -0.0364     0.0816     8.6243        6     0.20    -0.0268     0.0778 
11        0.1070     0.0817    10.6748        7     0.15     0.1133     0.0778 
12       -0.0128     0.0825    10.7041        8     0.22    -0.0123     0.0778 
13        0.1010     0.0825    12.5534        9     0.18     0.0820     0.0778 
14        0.0569     0.0833    13.1448       10     0.22     0.0443     0.0778 
15        0.1391     0.0835    16.7002       11     0.12     0.0930     0.0778 
16       -0.0736     0.0849    17.7033       12     0.13    -0.0992     0.0778 
17        0.1072     0.0853    19.8410       13     0.10     0.0968     0.0778 
18        0.1225     0.0861    22.6557       14     0.07     0.0958     0.0778 
19       -0.0169     0.0872    22.7097       15     0.09    -0.0431     0.0778 
20       -0.2053     0.0872    30.7219       16     0.01    -0.1996     0.0778 
21        0.0977     0.0901    32.5498       17     0.01     0.1252     0.0778 
22        0.0953     0.0907    34.2994       18     0.01     0.0645     0.0778 
23        0.0022     0.0913    34.3004       19     0.02     0.0629     0.0778 
24        0.0026     0.0913    34.3018       20     0.02     0.0091     0.0778 
25        0.1146     0.0913    36.8880       21     0.02     0.0811     0.0778 
26        0.0237     0.0922    36.9994       22     0.02    -0.0665     0.0778 
27        0.0055     0.0922    37.0054       23     0.03     0.0233     0.0778 
28        0.0543     0.0922    37.5995       24     0.04    -0.0108     0.0778 
29        0.0269     0.0924    37.7456       25     0.05     0.0238     0.0778 
30       -0.0024     0.0925    37.7468       26     0.06    -0.0378     0.0778 
31       -0.0663     0.0925    38.6520       27     0.07    -0.0248     0.0778 
32        0.0576     0.0927    39.3389       28     0.08     0.0100     0.0778 
33       -0.1319     0.0930    42.9686       29     0.05    -0.1183     0.0778 
_________
When DF is positive, P-values should be greater than 0.05
(at the 5 per cent level) for model adequacy

Residual diagnostics:             
Sample size         165 
                
Median             -0.0037 
Mean               -0.0045 
Std of mean         0.0019 
T-value of mean    -2.3932 

                           P-values 
Normality (BS)     36.0188     0.00 
Skewness           -0.6352     0.00 
Kurtosis            4.9039     0.00 

                            P-value 
Durbin-Watson       1.8283     0.27 
                   
Standard error         0.0101 
Sigma square           0.0001 
Residual variance      0.0006 
Residual std. dev.     0.0243 

Approximate test of runs on residuals:               
Number of runs       68 
Number of (+)        83 
Number of (-)        82 
              
T-value            -2.4204 

Heteroscedasticity test:
         DF       stat  P-value 
H        55     0.7184     0.22 

Sample autocorrelations of squared residuals:
Order     Autcor         SE    Q-stats       DF P-values     Parcor         SE 
1         0.2065     0.0778     7.1625        1     0.01     0.2065     0.0778 
2        -0.0242     0.0811     7.2614        2     0.03    -0.0698     0.0778 
3        -0.0009     0.0811     7.2615        3     0.06     0.0198     0.0778 
4         0.0328     0.0811     7.4459        4     0.11     0.0285     0.0778 
5        -0.0010     0.0812     7.4461        5     0.19    -0.0146     0.0778 
6        -0.0598     0.0812     8.0653        6     0.23    -0.0561     0.0778 
7        -0.0774     0.0815     9.1113        7     0.24    -0.0561     0.0778 
8        -0.0259     0.0819     9.2291        8     0.32    -0.0038     0.0778 
9        -0.0820     0.0820    10.4180        9     0.32    -0.0860     0.0778 
10       -0.0339     0.0825    10.6227       10     0.39     0.0042     0.0778 
11        0.0699     0.0826    11.4961       11     0.40     0.0771     0.0778 
12        0.0233     0.0829    11.5937       12     0.48    -0.0128     0.0778 
13       -0.0309     0.0830    11.7667       13     0.55    -0.0301     0.0778 
14        0.0042     0.0830    11.7700       14     0.62     0.0151     0.0778 
15        0.0683     0.0830    12.6277       15     0.63     0.0511     0.0778 
16        0.0788     0.0834    13.7774       16     0.62     0.0436     0.0778 
17       -0.0166     0.0838    13.8287       17     0.68    -0.0339     0.0778 
18        0.0142     0.0838    13.8663       18     0.74     0.0373     0.0778 
19        0.0193     0.0839    13.9369       19     0.79    -0.0019     0.0778 
20        0.0194     0.0839    14.0087       20     0.83     0.0221     0.0778 
21       -0.0310     0.0839    14.1925       21     0.86    -0.0285     0.0778 
22       -0.0321     0.0840    14.3914       22     0.89    -0.0172     0.0778 
23        0.0042     0.0841    14.3949       23     0.92     0.0171     0.0778 
24        0.0137     0.0841    14.4314       24     0.94     0.0188     0.0778 
25       -0.0565     0.0841    15.0607       25     0.94    -0.0495     0.0778 
26       -0.0247     0.0843    15.1818       26     0.95    -0.0076     0.0778 
27        0.0350     0.0843    15.4259       27     0.96     0.0325     0.0778 
28       -0.0181     0.0844    15.4915       28     0.97    -0.0341     0.0778 
29       -0.0648     0.0845    16.3435       29     0.97    -0.0519     0.0778 
30       -0.0149     0.0848    16.3890       30     0.98     0.0023     0.0778 
31        0.0405     0.0848    16.7256       31     0.98     0.0251     0.0778 
32        0.0043     0.0849    16.7293       32     0.99    -0.0158     0.0778 
33        0.0108     0.0849    16.7537       33     0.99     0.0310     0.0778 
_________
When DF is positive, P-values should be greater than 0.05
(at the 5 per cent level) for model adequacy
