Series:IEP
Number of observations:   84
 Year       Jan      Feb      Mar      Apr      May      Jun      Jul      Aug      Sep      Oct      Nov      Dec
 2011    101.90   101.73   120.45   103.33   111.99   111.71   106.99    85.87   111.71   105.01   105.94    98.84
 2012    102.58   102.86   116.47    98.98   106.36   108.00   104.16    87.00   103.53   109.94   103.73    96.99
 2013    101.21    96.97    98.96   104.17   105.10    99.68   106.26    82.67   103.72   105.57    98.27   104.55
 2014     99.36    96.64   109.46   102.27   104.61   106.81   109.64    79.35   106.21   108.37   100.90   108.97
 2015     97.74    98.60   112.22   102.64   108.37   113.28   118.66    82.88   107.19   104.96   104.76   113.11
 2016     96.59   102.40   105.88   105.30   114.75   108.46   106.79    85.29   109.63   108.47   112.00   109.80
 2017    108.30   108.06   124.34   105.31   123.98   117.08   115.01    92.08   122.35   115.69   122.08   112.71


Identified model is: ( 1 , 1 , 1 )( 0 , 1 , 1 )_ 12     with mean 

Initial parameter values:
      0.1844     -0.8323     -0.4868

Arima Estimation (Levenberg-Marquardt):
Number of iterations:    20
Number of function evaluations:    42
Arima Estimation (Levenberg-Marquardt):
Number of iterations:     3
Number of function evaluations:    10

   Model changed to: ( 1 , 0 , 0 )( 0 , 1 , 1 )_ 12     with mean 

Parameter     Estimate   Std. Error      T-ratio        Lag 
phi1           -0.0830       0.1209      -0.6869          1 
ma12           -0.3596       0.2167      -1.6594         12 

Residual standard error:     5.2972

Root          Real p.     Imag. p.      Modulus  Argument    Period 
rarroot1       0.0830       0.0000       0.0830    0.0000       Inf 
smaroot1       0.3596       0.0000       0.3596    0.0000       Inf 


Correlations of the estimates:
Parameter         phi1         ma12 
phi1            1.0000       0.0970 
ma12            0.0970       1.0000 

Parameter     Estimate   Std. Error    T-ratio 
mean           0.05594      0.01220       4.58 


Correlations of the regression estimates:
Parameter         mean 
mean            1.0000 


Information criteria:    
AIC        684.9245 
BIC        691.7545 

Residuals:
     0.962   -3.937   -3.943   -5.152   -3.306   -2.671    0.931   -8.185    4.827   -2.971   -2.105   -1.645
    -6.094  -18.956    4.482   -4.254  -10.158    0.921   -5.154   -3.257   -3.839   -7.213    6.041   -4.327
    -3.674    2.387   -2.589   -3.323    2.011    1.534   -7.075   -0.090   -0.518   -1.964    4.497   -5.437
    -1.176    1.451   -2.850    0.416    4.718    6.814   -2.025   -1.666   -6.043    1.010    2.960   -5.986
     0.886   -8.773   -0.527    3.568   -6.447  -11.859   -0.231   -1.312   -1.878    4.250   -5.955    6.673
     1.789   11.572   -5.031    7.138    2.113   -0.247    2.492    8.106    1.849    7.328   -3.816

Sample autocorrelations and partial autocorrelations:
Order     Autcor         SE    Q-stats       DF P-values     Parcor         SE 
1        -0.0175     0.1187     0.0226        0     1.00    -0.0175     0.1187 
2         0.1862     0.1187     2.6270        0     1.00     0.1860     0.1187 
3         0.2694     0.1228     8.1572        1     0.00     0.2852     0.1187 
4         0.1276     0.1308     9.4171        2     0.01     0.1301     0.1187 
5         0.1418     0.1326    10.9958        3     0.01     0.0667     0.1187 
6         0.2871     0.1347    17.5665        4     0.00     0.2120     0.1187 
7        -0.0359     0.1430    17.6709        5     0.00    -0.1040     0.1187 
8         0.1380     0.1432    19.2368        6     0.00    -0.0222     0.1187 
9         0.1348     0.1450    20.7549        7     0.00     0.0232     0.1187 
10        0.0319     0.1468    20.8412        8     0.01    -0.0090     0.1187 
11        0.0954     0.1469    21.6268        9     0.01     0.0120     0.1187 
12        0.0404     0.1477    21.7700       10     0.02    -0.0506     0.1187 
13       -0.0788     0.1479    22.3253       11     0.02    -0.1134     0.1187 
14        0.1183     0.1485    23.5989       12     0.02     0.0373     0.1187 
15       -0.0123     0.1498    23.6128       13     0.03    -0.0097     0.1187 
16       -0.0799     0.1498    24.2140       14     0.04    -0.0789     0.1187 
17        0.1453     0.1504    26.2410       15     0.04     0.1275     0.1187 
18        0.0464     0.1524    26.4515       16     0.05     0.1397     0.1187 
19        0.0078     0.1526    26.4575       17     0.07     0.0627     0.1187 
20        0.0889     0.1526    27.2610       18     0.07    -0.0010     0.1187 
21       -0.0505     0.1533    27.5252       19     0.09    -0.0804     0.1187 
22        0.0211     0.1536    27.5723       20     0.12    -0.0246     0.1187 
23        0.1824     0.1536    31.1637       21     0.07     0.1177     0.1187 
24       -0.0662     0.1566    31.6474       22     0.08    -0.0445     0.1187 
25       -0.0472     0.1570    31.8980       23     0.10    -0.1408     0.1187 
26        0.1508     0.1572    34.5166       24     0.08     0.0799     0.1187 
27       -0.0259     0.1592    34.5955       25     0.10     0.0426     0.1187 
28        0.0219     0.1593    34.6535       26     0.12    -0.0567     0.1187 
29        0.0930     0.1593    35.7205       27     0.12    -0.0017     0.1187 
30       -0.0481     0.1601    36.0125       28     0.14     0.0526     0.1187 
31        0.0458     0.1603    36.2845       29     0.17     0.0523     0.1187 
32        0.1128     0.1605    37.9762       30     0.15     0.0605     0.1187 
33       -0.0052     0.1616    37.9799       31     0.18     0.0430     0.1187 
34        0.0621     0.1616    38.5204       32     0.20     0.0208     0.1187 
35        0.0641     0.1619    39.1114       33     0.21     0.0246     0.1187 
36        0.0155     0.1623    39.1471       34     0.25    -0.0100     0.1187 
_________
When DF is positive, P-values should be greater than 0.05
(at the 5 per cent level) for model adequacy

Pierce Qs:
Order    Qs-stat      DF  P-value 
1         0.1432       0     1.00 
2         0.6269       1     0.43 
3         0.6626       2     0.72 


Residual diagnostics:             
Sample size          71 
                
Median             -1.6450 
Mean               -1.1821 
Std of mean         0.6037 
T-value of mean    -1.9583 

                           P-values 
Normality (BS)      4.6147     0.10 
Skewness           -0.3149     0.28 
Kurtosis            4.0786     0.06 

                            P-value 
Durbin-Watson       2.0269     0.91 
                   
Standard error         5.2972 
Sigma square          28.0600 
Residual variance     25.8722 
Residual std. dev.     5.0865 

Approximate test of runs on residuals:               
Number of runs       40 
Number of (+)        36 
Number of (-)        35 
              
T-value             0.8386 

Heteroscedasticity test:
         DF       stat  P-value 
H        24     0.8776     0.75 

Sample autocorrelations of squared residuals:
Order     Autcor         SE    Q-stats       DF P-values     Parcor         SE 
1        -0.0264     0.1187     0.0514        1     0.82    -0.0264     0.1187 
2        -0.0507     0.1188     0.2446        2     0.88    -0.0514     0.1187 
3         0.0696     0.1191     0.6138        3     0.89     0.0671     0.1187 
4        -0.0533     0.1196     0.8339        4     0.93    -0.0528     0.1187 
5        -0.0064     0.1200     0.8371        5     0.97    -0.0020     0.1187 
6         0.1087     0.1200     1.7791        6     0.94     0.0995     0.1187 
7        -0.1517     0.1214     3.6423        7     0.82    -0.1436     0.1187 
8         0.1184     0.1240     4.7955        8     0.78     0.1275     0.1187 
9         0.0504     0.1256     5.0082        9     0.83     0.0237     0.1187 
10       -0.0145     0.1259     5.0260       10     0.89     0.0268     0.1187 
11       -0.0792     0.1259     5.5676       11     0.90    -0.1069     0.1187 
12       -0.0354     0.1266     5.6778       12     0.93    -0.0431     0.1187 
13       -0.1349     0.1267     7.3045       13     0.89    -0.1176     0.1187 
14        0.0519     0.1287     7.5494       14     0.91     0.0150     0.1187 
15       -0.0833     0.1290     8.1910       15     0.92    -0.0789     0.1187 
16       -0.0852     0.1298     8.8751       16     0.92    -0.0824     0.1187 
17        0.0425     0.1306     9.0483       17     0.94     0.0316     0.1187 
18       -0.0286     0.1308     9.1281       18     0.96    -0.0544     0.1187 
19       -0.0417     0.1309     9.3011       19     0.97     0.0028     0.1187 
20       -0.0283     0.1310     9.3824       20     0.98    -0.0788     0.1187 
21       -0.0518     0.1311     9.6601       21     0.98     0.0139     0.1187 
22       -0.0008     0.1314     9.6601       22     0.99    -0.0270     0.1187 
23       -0.0082     0.1314     9.6675       23     0.99    -0.0245     0.1187 
24       -0.0900     0.1314    10.5613       24     0.99    -0.0903     0.1187 
25       -0.0436     0.1323    10.7752       25     0.99    -0.0665     0.1187 
26       -0.0439     0.1325    10.9967       26     1.00    -0.0808     0.1187 
27       -0.0099     0.1327    11.0083       27     1.00    -0.0375     0.1187 
28        0.0677     0.1327    11.5600       28     1.00     0.0503     0.1187 
29       -0.0584     0.1332    11.9812       29     1.00    -0.0887     0.1187 
30       -0.0879     0.1335    12.9590       30     1.00    -0.0799     0.1187 
31        0.0697     0.1344    13.5884       31     1.00    -0.0025     0.1187 
32       -0.0460     0.1349    13.8694       32     1.00    -0.0492     0.1187 
33       -0.0126     0.1351    13.8911       33     1.00    -0.0282     0.1187 
34       -0.0012     0.1351    13.8913       34     1.00    -0.0491     0.1187 
35       -0.0722     0.1351    14.6409       35     1.00    -0.0829     0.1187 
36        0.0809     0.1356    15.6111       36     1.00     0.0206     0.1187 
_________
When DF is positive, P-values should be greater than 0.05
(at the 5 per cent level) for model adequacy

      Obs.    Forecasts   Std. Error 
        85     109.7993       5.4189 
        86     111.2474       5.4614 
        87     124.2052       5.4678 
        88     110.9213       5.4724 

Elapsed time:     0.25

