Series:IPI1
Number of observations:   84
 Year       Jan      Feb      Mar      Apr      May      Jun      Jul      Aug      Sep      Oct      Nov      Dec
 2011    101.21   104.98   116.08    99.12   108.98   110.22   109.27    83.69   108.00   102.54   105.45    94.42
 2012     98.52   101.42   104.14    91.36   103.71   102.10   104.41    80.73    94.53   101.95    97.22    84.80
 2013     94.95    92.56    93.33    97.04   100.61    97.31   105.38    77.20    97.95   103.11    97.08    88.28
 2014     94.69    95.18   100.86    94.96   101.24    99.99   106.53    75.34   101.47   104.02    96.79    91.04
 2015     92.48    96.27   105.90    97.29   102.54   107.40   112.94    79.08   105.41   103.85   102.66    94.17
 2016     95.37   102.68   104.91   106.32   104.97   106.30   104.11    83.68   106.29   102.55   107.60    94.06
 2017    101.93   101.27   114.69    94.76   111.42   111.02   107.00    85.89   106.46   109.45   112.68    97.02


Model is: ( 0 , 1 , 2 )( 0 , 1 , 1 )_ 12

Initial parameter values:
     -1.2249      0.6337     -0.6055

Arima Estimation (Levenberg-Marquardt):
Number of iterations:     5
Number of function evaluations:    21
Parameter     Estimate   Std. Error      T-ratio        Lag 
ma1            -1.0594       0.1171      -9.0489          1 
ma2             0.3915       0.0987       3.9668          1 
ma12           -0.7780       0.3213      -2.4209         12 

Residual standard error:     3.6522

Root          Real p.     Imag. p.      Modulus  Argument    Period 
rmaroot1       0.5297       0.3330       0.6257    0.5613   11.1942 
rmaroot2       0.5297      -0.3330       0.6257   -0.5613  -11.1942 
smaroot1       0.7780       0.0000       0.7780    0.0000       Inf 


Correlations of the estimates:
Parameter          ma1          ma2         ma12 
ma1             1.0000      -0.6182      -0.3945 
ma2            -0.6182       1.0000       0.0860 
ma12           -0.3945       0.0860       1.0000 


Information criteria:    
AIC        631.9885 
BIC        638.7765 

Residuals:
    -0.455   -6.143   -2.988    0.848   -0.218    2.017    3.709   -5.146    3.258   -0.568   -3.947    3.421
    -0.275   -6.788    9.544    5.876   -0.246    4.060    1.171    1.331    4.543   -0.221    0.049    1.225
     0.551    1.143    2.997    0.748   -0.269    2.377   -2.380    2.766    3.776   -1.222    1.528   -1.993
     0.014    5.348    4.455    0.223    4.494    5.822   -1.769    0.497   -2.828   -0.298    1.295   -1.847
     3.002    0.017    7.807   -0.013   -2.082   -8.943   -0.046    3.243   -1.696    5.221    1.638    3.702
    -0.475    6.185   -7.594    1.096    3.159   -3.997    0.375   -0.211    2.401    7.086    1.014

Sample autocorrelations and partial autocorrelations:
Order     Autcor         SE    Q-stats       DF P-values     Parcor         SE 
1        -0.0257     0.1187     0.0489        0     1.00    -0.0257     0.1187 
2        -0.0056     0.1188     0.0513        0     1.00    -0.0063     0.1187 
3         0.1823     0.1188     2.5836        0     1.00     0.1821     0.1187 
4        -0.1689     0.1226     4.7907        1     0.03    -0.1653     0.1187 
5        -0.0257     0.1259     4.8425        2     0.09    -0.0295     0.1187 
6         0.1497     0.1259     6.6286        3     0.08     0.1237     0.1187 
7        -0.1341     0.1284     8.0856        4     0.09    -0.0807     0.1187 
8         0.0089     0.1304     8.0922        5     0.15    -0.0119     0.1187 
9         0.4157     0.1304    22.5410        6     0.00     0.3981     0.1187 
10       -0.0136     0.1479    22.5567        7     0.00     0.0665     0.1187 
11        0.1791     0.1479    25.3283        8     0.00     0.1603     0.1187 
12        0.1136     0.1509    26.4619        9     0.00    -0.0087     0.1187 
13       -0.1253     0.1521    27.8646       10     0.00     0.0112     0.1187 
14        0.0867     0.1536    28.5482       11     0.00     0.0585     0.1187 
15       -0.0762     0.1543    29.0859       12     0.00    -0.1670     0.1187 
16       -0.1626     0.1548    31.5782       13     0.00    -0.0887     0.1187 
17        0.0902     0.1572    32.3588       14     0.00     0.0512     0.1187 
18        0.1641     0.1579    34.9938       15     0.00     0.0963     0.1187 
19        0.0028     0.1603    34.9946       16     0.00     0.0000     0.1187 
20        0.1690     0.1603    37.8961       17     0.00    -0.0305     0.1187 
21        0.0626     0.1628    38.3024       18     0.00     0.0582     0.1187 
22       -0.0615     0.1631    38.7026       19     0.00    -0.0131     0.1187 
23        0.2667     0.1634    46.3837       20     0.00     0.2038     0.1187 
24       -0.0465     0.1695    46.6218       21     0.00     0.0565     0.1187 
25       -0.1034     0.1696    47.8269       22     0.00     0.0167     0.1187 
26        0.1644     0.1705    50.9415       23     0.00     0.1476     0.1187 
27       -0.0258     0.1728    51.0198       24     0.00    -0.0235     0.1187 
28       -0.0406     0.1728    51.2187       25     0.00    -0.0968     0.1187 
29        0.1085     0.1729    52.6707       26     0.00    -0.1063     0.1187 
30       -0.0302     0.1739    52.7860       27     0.00    -0.0383     0.1187 
31        0.0118     0.1740    52.8041       28     0.00     0.0198     0.1187 
32        0.1807     0.1740    57.1415       29     0.00    -0.0810     0.1187 
33       -0.0491     0.1766    57.4708       30     0.00     0.0080     0.1187 
34        0.0242     0.1768    57.5531       31     0.00     0.0560     0.1187 
35        0.1091     0.1768    59.2653       32     0.00     0.0094     0.1187 
36       -0.0574     0.1778    59.7540       33     0.00     0.0040     0.1187 
_________
When DF is positive, P-values should be greater than 0.05
(at the 5 per cent level) for model adequacy

Pierce Qs:
Order    Qs-stat      DF  P-value 
1         1.1337       0     1.00 
2         1.3718       1     0.24 
3         1.8605       2     0.39 


Residual diagnostics:             
Sample size          71 
                
Median              0.7478 
Mean                0.8503 
Std of mean         0.4120 
T-value of mean     2.0639 

                           P-values 
Normality (BS)      1.9844     0.37 
Skewness           -0.2977     0.31 
Kurtosis            3.5624     0.33 

                            P-value 
Durbin-Watson       2.0501     0.83 
                   
Standard error         3.6522 
Sigma square          13.3384 
Residual variance     12.0517 
Residual std. dev.     3.4716 

Approximate test of runs on residuals:               
Number of runs       42 
Number of (+)        36 
Number of (-)        35 
              
T-value             1.3168 

Heteroscedasticity test:
         DF       stat  P-value 
H        24     1.1496     0.74 

Sample autocorrelations of squared residuals:
Order     Autcor         SE    Q-stats       DF P-values     Parcor         SE 
1         0.0744     0.1187     0.4094        1     0.52     0.0744     0.1187 
2        -0.1236     0.1193     1.5563        2     0.46    -0.1298     0.1187 
3         0.1257     0.1211     2.7607        3     0.43     0.1491     0.1187 
4        -0.0244     0.1229     2.8069        4     0.59    -0.0691     0.1187 
5        -0.1223     0.1230     3.9814        5     0.55    -0.0798     0.1187 
6        -0.0292     0.1247     4.0493        6     0.67    -0.0412     0.1187 
7         0.0533     0.1248     4.2790        7     0.75     0.0473     0.1187 
8        -0.0434     0.1251     4.4342        8     0.82    -0.0391     0.1187 
9         0.0893     0.1253     5.1010        9     0.83     0.1179     0.1187 
10       -0.1763     0.1262     7.7406       10     0.65    -0.2535     0.1187 
11       -0.1228     0.1297     9.0437       11     0.62    -0.0380     0.1187 
12        0.2214     0.1313    13.3483       12     0.34     0.1827     0.1187 
13        0.0000     0.1364    13.3483       13     0.42    -0.0105     0.1187 
14       -0.1567     0.1364    15.5811       14     0.34    -0.1079     0.1187 
15       -0.0633     0.1390    15.9514       15     0.39    -0.1427     0.1187 
16        0.0970     0.1394    16.8380       16     0.40     0.0747     0.1187 
17       -0.1274     0.1403    18.3949       17     0.36    -0.0676     0.1187 
18       -0.0210     0.1419    18.4379       18     0.43     0.0439     0.1187 
19        0.0203     0.1420    18.4789       19     0.49    -0.0861     0.1187 
20       -0.0719     0.1420    19.0046       20     0.52    -0.0787     0.1187 
21        0.0570     0.1425    19.3415       21     0.56     0.0165     0.1187 
22       -0.0535     0.1428    19.6442       22     0.61     0.0019     0.1187 
23        0.0053     0.1431    19.6473       23     0.66     0.0729     0.1187 
24        0.1053     0.1431    20.8711       24     0.65     0.0131     0.1187 
25       -0.0220     0.1442    20.9257       25     0.70    -0.1488     0.1187 
26       -0.0677     0.1443    21.4533       26     0.72     0.0342     0.1187 
27        0.0554     0.1447    21.8152       27     0.75     0.0867     0.1187 
28       -0.0306     0.1450    21.9282       28     0.78    -0.1134     0.1187 
29       -0.1241     0.1451    23.8298       29     0.74    -0.0766     0.1187 
30       -0.0172     0.1466    23.8673       30     0.78    -0.1123     0.1187 
31       -0.0454     0.1466    24.1346       31     0.81    -0.0318     0.1187 
32       -0.1027     0.1468    25.5375       32     0.78    -0.0717     0.1187 
33       -0.0176     0.1478    25.5799       33     0.82    -0.0261     0.1187 
34       -0.0967     0.1478    26.8909       34     0.80    -0.1745     0.1187 
35       -0.0484     0.1487    27.2280       35     0.82    -0.0727     0.1187 
36        0.1376     0.1490    30.0320       36     0.75     0.1055     0.1187 
_________
When DF is positive, P-values should be greater than 0.05
(at the 5 per cent level) for model adequacy

      Obs.    Forecasts   Std. Error 
        85     103.5291       3.6808 
        86     106.1558       3.6862 
        87     113.3021       3.8829 
        88     104.4163       4.0701 

Elapsed time:     0.30

