Series:miserie
Number of observations:  216
 Year       Jan      Feb      Mar      Apr      May      Jun      Jul      Aug      Sep      Oct      Nov      Dec
 1955      2.70     2.00     3.60     5.00     6.50     6.10     5.90     5.00     6.40     7.40     8.20     3.90
 1956      4.10     4.50     5.50     3.80     4.80     5.60     6.30     5.90     8.70     5.30     5.70     5.70
 1957      3.00     3.40     4.90     4.50     4.00     5.70     6.30     7.10     8.00     5.20     5.00     4.70
 1958      3.70     3.10     2.50     4.00     4.10     4.60     4.40     4.20     5.10     4.60     4.40     4.00
 1959      2.90     2.40     4.70     5.10     4.00     7.50     7.70     6.30     5.30     5.70     4.80     2.70
 1960      1.70     2.00     3.40     4.00     4.30     5.00     5.50     5.00     5.40     3.80     2.40     2.00
 1961      2.20     2.50     2.60     3.30     2.90     4.30     4.20     4.20     3.90     3.90     2.50     2.20
 1962      2.40     1.90     2.10     4.50     3.30     3.40     4.10     5.70     4.80     5.00     2.80     2.90
 1963      1.70     3.20     2.70     3.00     3.40     3.80     5.00     4.80     4.90     3.50     2.50     2.40
 1964      1.60     2.30     2.50     3.10     3.50     4.50     5.70     5.00     4.60     4.80     2.10     1.40
 1965      2.10     2.90     2.70     4.20     3.90     4.10     4.60     5.80     4.40     6.10     3.50     1.90
 1966      1.80     1.90     3.70     4.40     3.80     5.60     5.70     5.10     5.60     4.80     2.50     1.50
 1967      1.80     2.50     2.60     1.80     3.70     3.70     4.90     5.10     3.70     5.40     3.00     1.80
 1968      2.10     2.60     2.80     3.20     3.50     3.50     4.90     4.20     4.70     3.70     3.20     1.80
 1969      2.00     1.70     2.80     3.20     4.40     3.40     3.90     5.50     3.80     3.20     2.30     2.20
 1970      1.30     2.30     2.70     3.30     3.70     3.00     3.80     4.70     4.60     2.90     1.70     1.30
 1971      1.80     2.00     2.20     3.00     2.40     3.50     3.50     3.30     2.70     2.50     1.60     1.20
 1972      1.50     2.00     3.10     3.00     3.50     3.40     4.00     3.80     3.10     2.10     1.60     1.30


Model is: ( 0 , 0 , 1 )( 0 , 1 , 1 )_ 12

Initial parameter values:
      0.2841     -0.5931

Arima Estimation (Levenberg-Marquardt):
Number of iterations:     5
Number of function evaluations:    16
Parameter     Estimate   Std. Error      T-ratio        Lag 
ma1             0.2660       0.0648       4.1039          1 
ma12           -0.7663       0.0656     -11.6745         12 

Residual standard error:     0.7982

Root          Real p.     Imag. p.      Modulus  Argument    Period 
rmaroot1      -0.2660       0.0000       0.2660   -0.0000       Inf 
smaroot1       0.7663       0.0000       0.7663    0.0000       Inf 

Parameter     Estimate   Std. Error    T-ratio 
int1          -1.33175      0.19532      -6.82 
int2          -0.23624      0.05969      -3.96 
int3          -0.31375      0.24283      -1.29 


Information criteria:    
AIC       1383.4772 
BIC       1400.0678 

Residuals:
    -1.233   -1.021   -0.125    0.351    0.621    1.660   -2.109   -1.423    1.913   -0.827    0.315    0.204
     0.055   -1.484    0.267    0.104    1.454   -0.015   -1.006   -1.461    0.305    0.333   -0.310   -2.011
     0.132   -0.911   -0.889   -1.455   -1.393   -2.143   -0.668   -1.535   -0.308   -0.405   -0.731    0.850
     0.558   -0.867    2.250    1.413    0.405   -1.696    0.643   -0.997   -1.511   -0.021    0.116    0.291
     0.536    0.745   -0.057    0.446    0.295   -0.027   -0.603   -1.690   -0.426    0.295    0.500   -0.685
    -0.053   -0.710   -0.399   -0.860   -0.255   -1.380    0.010   -1.288   -0.114    0.367   -0.258   -0.846
     1.241   -0.479   -1.212   -0.507    1.262   -0.535    0.967   -0.930    0.599   -0.601    1.334   -0.452
    -0.603    0.147   -0.659    0.442   -0.158   -0.009   -0.866   -0.580   -0.077   -0.416    0.108   -0.303
    -0.371    0.188    0.176    0.855   -0.059   -0.323    0.721   -1.209   -0.854    0.393    0.493   -0.141
     0.791    0.258   -0.295   -0.331    1.016   -0.729    1.978    0.095   -0.424   -0.060   -0.526    1.132
     0.475    0.132    1.394    0.518   -0.024    0.958   -0.086   -0.509   -0.577    0.013    0.174   -0.394
    -1.907    0.598   -0.861    0.213    0.133   -1.103    1.126   -0.207   -0.190    0.243    0.171   -0.112
    -0.112   -0.101   -0.608    0.253   -0.718    0.476   -1.086    0.560   -0.337    0.137   -0.756    0.150
    -0.148    0.839   -0.706   -0.639    1.074   -0.864   -0.902   -0.452    0.376   -0.764    0.252   -0.206
     0.072   -0.106   -0.639   -0.461    0.118    0.428   -1.178   -0.817   -0.486    0.121   -0.295   -0.528
    -0.146   -1.328    0.445   -0.798   -1.088   -1.155   -0.805   -0.752   -0.439   -0.190   -0.151    0.475
    -0.346    0.145    0.035    0.073   -0.412   -0.494   -1.017   -0.470   -0.265

Sample autocorrelations and partial autocorrelations:
Order     Autcor         SE    Q-stats       DF P-values     Parcor         SE 
1         0.0457     0.0705     0.4253        0     1.00     0.0457     0.0705 
2         0.1153     0.0707     3.1502        0     1.00     0.1134     0.0705 
3         0.1107     0.0716     5.6743        1     0.02     0.1024     0.0705 
4         0.1519     0.0725    10.4542        2     0.01     0.1349     0.0705 
5         0.0082     0.0740    10.4681        3     0.01    -0.0231     0.0705 
6         0.1531     0.0740    15.3707        4     0.00     0.1177     0.0705 
7         0.0029     0.0756    15.3724        5     0.01    -0.0325     0.0705 
8         0.0098     0.0756    15.3926        6     0.02    -0.0342     0.0705 
9         0.0169     0.0756    15.4533        7     0.03    -0.0042     0.0705 
10        0.0478     0.0756    15.9421        8     0.04     0.0166     0.0705 
11        0.0651     0.0758    16.8517        9     0.05     0.0763     0.0705 
12        0.1142     0.0760    19.6655       10     0.03     0.0964     0.0705 
13        0.0890     0.0769    21.3831       11     0.03     0.0764     0.0705 
14        0.0583     0.0774    22.1247       12     0.04     0.0237     0.0705 
15       -0.0508     0.0776    22.6898       13     0.05    -0.1124     0.0705 
16        0.0752     0.0778    23.9369       14     0.05     0.0218     0.0705 
17       -0.0241     0.0781    24.0652       15     0.06    -0.0624     0.0705 
18        0.0564     0.0782    24.7744       16     0.07     0.0377     0.0705 
19        0.0344     0.0784    25.0405       17     0.09     0.0467     0.0705 
20       -0.0142     0.0785    25.0862       18     0.12    -0.0304     0.0705 
21       -0.0165     0.0785    25.1479       19     0.16     0.0104     0.0705 
22        0.1345     0.0785    29.2700       20     0.08     0.1064     0.0705 
23       -0.0136     0.0796    29.3127       21     0.11    -0.0312     0.0705 
24        0.0910     0.0796    31.2230       22     0.09     0.0537     0.0705 
25       -0.0135     0.0802    31.2651       23     0.12    -0.0714     0.0705 
26        0.0195     0.0802    31.3539       24     0.14    -0.0157     0.0705 
27        0.0706     0.0802    32.5211       25     0.14     0.0888     0.0705 
28        0.0350     0.0805    32.8101       26     0.17    -0.0039     0.0705 
29       -0.0445     0.0806    33.2790       27     0.19    -0.0336     0.0705 
30        0.1724     0.0807    40.3732       28     0.06     0.1511     0.0705 
31        0.0890     0.0825    42.2725       29     0.05     0.0911     0.0705 
32       -0.0363     0.0830    42.5905       30     0.06    -0.0783     0.0705 
33        0.0475     0.0831    43.1378       31     0.07    -0.0052     0.0705 
34        0.1288     0.0832    47.1894       32     0.04     0.0691     0.0705 
35       -0.0143     0.0842    47.2396       33     0.05    -0.0558     0.0705 
36        0.0805     0.0842    48.8425       34     0.05     0.0376     0.0705 
_________
When DF is positive, P-values should be greater than 0.05
(at the 5 per cent level) for model adequacy

Residual diagnostics:             
Sample size         201 
                
Median             -0.1508 
Mean               -0.1833 
Std of mean         0.0545 
T-value of mean    -3.3630 

                           P-values 
Normality (BS)      2.6348     0.27 
Skewness            0.1966     0.26 
Kurtosis            3.4000     0.25 

                            P-value 
Durbin-Watson       1.8961     0.46 
                   
Standard error         0.7982 
Sigma square           0.6371 
Residual variance      0.5971 
Residual std. dev.     0.7728 

Approximate test of runs on residuals:               
Number of runs      103 
Number of (+)       101 
Number of (-)       100 
              
T-value             0.2125 

Heteroscedasticity test:
         DF       stat  P-value 
H        67     0.3657     0.00 

Sample autocorrelations of squared residuals:
Order     Autcor         SE    Q-stats       DF P-values     Parcor         SE 
1         0.1385     0.0705     3.9107        1     0.05     0.1385     0.0705 
2         0.1567     0.0719     8.9450        2     0.01     0.1402     0.0705 
3         0.0856     0.0736    10.4538        3     0.02     0.0494     0.0705 
4         0.0123     0.0740    10.4853        4     0.03    -0.0262     0.0705 
5         0.0278     0.0741    10.6457        5     0.06     0.0104     0.0705 
6         0.1118     0.0741    13.2603        6     0.04     0.1100     0.0705 
7         0.0305     0.0749    13.4558        7     0.06     0.0023     0.0705 
8         0.0507     0.0750    13.9993        8     0.08     0.0143     0.0705 
9         0.0189     0.0752    14.0748        9     0.12    -0.0066     0.0705 
10        0.2106     0.0752    23.5471       10     0.01     0.2133     0.0705 
11        0.1061     0.0781    25.9623       11     0.01     0.0585     0.0705 
12        0.0695     0.0788    27.0060       12     0.01    -0.0193     0.0705 
13        0.0707     0.0791    28.0906       13     0.01     0.0153     0.0705 
14       -0.0243     0.0794    28.2196       14     0.01    -0.0459     0.0705 
15        0.1302     0.0794    31.9411       15     0.01     0.1431     0.0705 
16        0.0333     0.0805    32.1857       16     0.01    -0.0355     0.0705 
17        0.0492     0.0806    32.7220       17     0.01     0.0000     0.0705 
18        0.0953     0.0807    34.7480       18     0.01     0.0669     0.0705 
19        0.0119     0.0813    34.7797       19     0.01    -0.0078     0.0705 
20        0.0230     0.0813    34.8991       20     0.02    -0.0300     0.0705 
21        0.0911     0.0813    36.7821       21     0.02     0.0277     0.0705 
22        0.0671     0.0818    37.8075       22     0.02     0.0568     0.0705 
23        0.1401     0.0821    42.3088       23     0.01     0.1017     0.0705 
24        0.0733     0.0833    43.5475       24     0.01     0.0316     0.0705 
25        0.0510     0.0836    44.1499       25     0.01    -0.0454     0.0705 
26        0.0285     0.0838    44.3399       26     0.01    -0.0079     0.0705 
27       -0.0287     0.0838    44.5336       27     0.02    -0.0476     0.0705 
28        0.0421     0.0839    44.9507       28     0.02     0.0046     0.0705 
29       -0.0041     0.0840    44.9547       29     0.03    -0.0211     0.0705 
30        0.0489     0.0840    45.5254       30     0.03     0.0332     0.0705 
31        0.0238     0.0841    45.6611       31     0.04    -0.0022     0.0705 
32        0.1470     0.0841    50.8752       32     0.02     0.1366     0.0705 
33        0.0867     0.0854    52.7018       33     0.02    -0.0081     0.0705 
34        0.0113     0.0858    52.7328       34     0.02    -0.0896     0.0705 
35        0.0334     0.0858    53.0066       35     0.03     0.0156     0.0705 
36        0.1593     0.0859    59.2822       36     0.01     0.1695     0.0705 
_________
When DF is positive, P-values should be greater than 0.05
(at the 5 per cent level) for model adequacy
Elapsed time:     0.13

