
Information criteria:    
AIC      -1337.3976 
BIC      -1212.9429 

Residuals:
     0.008    0.009    0.020   -0.003   -0.008    0.002    0.008    0.000   -0.005   -0.005   -0.007   -0.008
    -0.019    0.009   -0.027   -0.005    0.002    0.024   -0.029   -0.000    0.012    0.020    0.018   -0.014
    -0.021   -0.018   -0.007    0.002    0.035   -0.001    0.015   -0.024    0.003    0.002   -0.000    0.023
     0.017    0.012   -0.008    0.025   -0.003    0.018    0.042    0.019   -0.002   -0.013   -0.040   -0.027
     0.011   -0.001    0.003   -0.029    0.010    0.024   -0.037   -0.033   -0.003    0.004   -0.021    0.017
     0.011   -0.016   -0.005   -0.004   -0.008   -0.012   -0.025    0.002    0.004    0.005    0.018   -0.006
     0.027    0.006   -0.016   -0.012    0.004    0.016   -0.009   -0.019    0.000    0.000   -0.001    0.005
    -0.012   -0.007    0.010    0.009   -0.017    0.011    0.006    0.004    0.000    0.039    0.019    0.004
     0.003   -0.004    0.000   -0.008    0.004   -0.002    0.006   -0.003    0.008   -0.019   -0.011   -0.009
     0.012    0.003   -0.001    0.008   -0.002    0.009    0.005   -0.008    0.002    0.002   -0.001    0.004
    -0.004    0.010    0.020    0.004   -0.010   -0.022    0.004   -0.002    0.003    0.004   -0.007    0.018
    -0.007   -0.017    0.007    0.017    0.010    0.006   -0.016    0.008   -0.004   -0.011   -0.004   -0.000
    -0.010   -0.004    0.008    0.001    0.006    0.003    0.000    0.005   -0.019    0.009   -0.011   -0.006
    -0.026    0.008    0.021    0.025    0.011    0.020   -0.005   -0.004    0.015   -0.002   -0.001   -0.018
     0.004   -0.027   -0.005   -0.015   -0.001    0.004   -0.010   -0.006    0.010   -0.001   -0.004   -0.002
    -0.017    0.014   -0.010    0.007    0.000    0.009    0.016    0.006    0.016   -0.009    0.012   -0.014
    -0.022   -0.001   -0.020    0.010   -0.001    0.002    0.002   -0.013   -0.019    0.004   -0.015    0.023
     0.006    0.005    0.007   -0.010    0.010    0.012    0.003   -0.003    0.002   -0.000    0.005    0.002
     0.005   -0.006   -0.016   -0.006    0.002   -0.006   -0.002    0.005   -0.003    0.010   -0.008   -0.004
     0.001    0.008    0.002   -0.000   -0.006   -0.006   -0.008   -0.003    0.006    0.013    0.010    0.001
     0.004    0.004   -0.002   -0.004    0.009    0.004   -0.007    0.010   -0.005    0.009    0.006   -0.008
     0.015    0.013   -0.006    0.003   -0.000   -0.002   -0.008   -0.012    0.004    0.001   -0.003    0.000
    -0.007   -0.004    0.009    0.004    0.019    0.015    0.012   -0.003    0.001    0.003   -0.007    0.008
     0.012    0.005   -0.005   -0.011    0.014    0.013   -0.012    0.004    0.015    0.017    0.007    0.007
    -0.007    0.004    0.003    0.007    0.004   -0.004   -0.001    0.002    0.005   -0.004    0.003   -0.003
     0.004    0.007   -0.007   -0.016   -0.004   -0.013   -0.007    0.005    0.005   -0.009    0.006    0.011
     0.001    0.002    0.007    0.013    0.015    0.004   -0.009   -0.001    0.008    0.007   -0.001   -0.003
    -0.001    0.002   -0.009    0.011    0.001   -0.011    0.007    0.002    0.011    0.007    0.011    0.002
    -0.005   -0.002    0.002    0.009    0.003    0.001    0.008    0.000   -0.009   -0.018   -0.004    0.008
    -0.003    0.010    0.003    0.005    0.001    0.010    0.010    0.002    0.005    0.010    0.000   -0.010
    -0.017    0.004    0.004    0.011    0.027    0.013    0.010   -0.016   -0.010   -0.000    0.007   -0.000
    -0.001    0.007    0.004   -0.005   -0.006   -0.012   -0.008   -0.004    0.012    0.003    0.002   -0.003
     0.009    0.019    0.002   -0.007   -0.003    0.004    0.003    0.003    0.009    0.005   -0.006    0.003
     0.015    0.005   -0.005    0.011   -0.003    0.013    0.014    0.011   -0.011   -0.015    0.001    0.001
     0.005   -0.005    0.014    0.011   -0.015   -0.001   -0.003    0.011    0.003   -0.013    0.007   -0.000
    -0.018   -0.007    0.004    0.004   -0.006    0.017    0.023    0.006   -0.016    0.039   -0.017   -0.011
     0.013    0.002   -0.012   -0.020    0.006   -0.021   -0.007    0.009   -0.006    0.001   -0.008   -0.001
     0.009   -0.004   -0.002   -0.012   -0.010    0.005    0.009   -0.014   -0.007    0.010    0.005    0.013
    -0.000    0.002    0.000    0.001    0.002   -0.008    0.006    0.009    0.004   -0.001    0.006   -0.007
     0.003    0.009    0.005   -0.006   -0.012   -0.010    0.006   -0.001   -0.005   -0.020    0.007    0.005
     0.029    0.020   -0.012    0.011   -0.008    0.018    0.012    0.002    0.006    0.005    0.006    0.000
    -0.006   -0.003    0.008    0.002   -0.005   -0.017    0.009    0.015    0.001    0.005    0.000    0.004
    -0.003   -0.003    0.000    0.001   -0.002    0.006    0.005    0.014   -0.026    0.010    0.007   -0.005
     0.003   -0.016   -0.018   -0.027    0.012   -0.016    0.006    0.009    0.002    0.018    0.017   -0.002
    -0.022   -0.012   -0.001   -0.004    0.007    0.000    0.011    0.006   -0.024    0.018    0.016   -0.021
    -0.018   -0.013   -0.010   -0.009    0.003    0.005   -0.000    0.003   -0.015   -0.003    0.002    0.013
    -0.008    0.017   -0.021   -0.023    0.004   -0.023   -0.015   -0.012    0.006    0.007   -0.004    0.014
    -0.005   -0.015   -0.009    0.004    0.002   -0.014    0.005    0.001    0.005   -0.002    0.010    0.000
    -0.001    0.006   -0.003   -0.013   -0.009    0.017    0.004   -0.008   -0.004    0.000   -0.007   -0.012
    -0.000   -0.000   -0.015   -0.001   -0.000    0.004    0.003   -0.003    0.012   -0.001   -0.012   -0.012
    -0.002   -0.007    0.009    0.005   -0.001    0.004   -0.003   -0.017   -0.008    0.006   -0.004   -0.040
     0.004   -0.013   -0.015    0.006   -0.006   -0.009   -0.004    0.003   -0.002   -0.013    0.003    0.031
     0.003   -0.014   -0.008    0.003   -0.002   -0.010   -0.008    0.007    0.016   -0.001    0.014   -0.005
    -0.006   -0.002   -0.018   -0.005    0.008   -0.010   -0.001    0.009   -0.006    0.000   -0.002    0.007
     0.011   -0.006   -0.002    0.003    0.008   -0.004    0.005    0.000   -0.005    0.002   -0.005    0.017
    -0.003   -0.004   -0.004   -0.016   -0.005    0.000   -0.001    0.003    0.012   -0.006   -0.004    0.016
    -0.010   -0.003   -0.003   -0.005   -0.016    0.010   -0.002    0.024   -0.025    0.006   -0.011    0.007
    -0.016    0.004   -0.005   -0.012    0.002   -0.002   -0.007   -0.018   -0.010   -0.009    0.001   -0.008
    -0.007    0.007    0.004    0.003   -0.000    0.013   -0.015   -0.005    0.000    0.012    0.009   -0.002
    -0.005    0.003   -0.004   -0.003    0.005   -0.009   -0.004    0.003   -0.022   -0.011    0.003   -0.005
    -0.007   -0.001   -0.004   -0.002   -0.010   -0.014   -0.005   -0.013    0.010   -0.003    0.004    0.005
    -0.005    0.002    0.007   -0.012    0.007   -0.012    0.008   -0.002   -0.010   -0.005   -0.007    0.004
     0.007   -0.014    0.006   -0.007   -0.011   -0.006    0.003    0.002   -0.011    0.008   -0.004   -0.000
     0.003   -0.004   -0.004   -0.006    0.001   -0.008    0.005   -0.004   -0.002   -0.003    0.001    0.007
     0.015    0.003    0.007    0.005   -0.008   -0.010    0.010   -0.006    0.005    0.008   -0.003    0.004
     0.005   -0.003    0.005   -0.008    0.011   -0.007    0.010   -0.014    0.002   -0.002   -0.002   -0.005
    -0.003   -0.009    0.005   -0.002    0.013    0.003    0.016   -0.011   -0.006   -0.011   -0.007   -0.006
     0.005    0.008    0.008    0.001    0.017   -0.002    0.005    0.001   -0.002   -0.005    0.005   -0.005
    -0.005   -0.003   -0.003    0.010    0.012   -0.001    0.005    0.005    0.018   -0.004    0.003    0.006
    -0.005    0.000    0.002    0.008    0.009   -0.002    0.011    0.002   -0.011    0.002    0.001    0.006
    -0.005   -0.014    0.000   -0.004   -0.014    0.002   -0.012    0.010   -0.016    0.000   -0.007    0.001
    -0.009    0.003   -0.000   -0.013    0.003    0.028   -0.011   -0.022    0.013   -0.006    0.002    0.001
    -0.012    0.006    0.002    0.020    0.002   -0.004   -0.006    0.004   -0.012    0.006    0.002   -0.000
    -0.008   -0.009   -0.007    0.012

Sample autocorrelations and partial autocorrelations:
Order     Autcor         SE    Q-stats       DF P-values     Parcor         SE 
1         0.0816     0.0337     5.8847        0     1.00     0.0816     0.0337 
2        -0.0106     0.0339     5.9839        0     1.00    -0.0174     0.0337 
3        -0.0039     0.0339     5.9971        0     1.00    -0.0016     0.0337 
4        -0.0023     0.0339     6.0017        0     1.00    -0.0020     0.0337 
5        -0.0507     0.0339     8.2828        0     1.00    -0.0508     0.0337 
6        -0.0468     0.0340    10.2290        0     1.00    -0.0389     0.0337 
7         0.0528     0.0341    12.7073        0     1.00     0.0590     0.0337 
8         0.0192     0.0342    13.0371        0     1.00     0.0087     0.0337 
9        -0.0202     0.0342    13.3993        0     1.00    -0.0217     0.0337 
10       -0.0013     0.0342    13.4008        0     1.00     0.0005     0.0337 
11        0.0414     0.0342    14.9320        0     1.00     0.0374     0.0337 
12       -0.0550     0.0343    17.6362        0     1.00    -0.0592     0.0337 
13       -0.0192     0.0344    17.9650        0     1.00    -0.0026     0.0337 
14        0.0111     0.0344    18.0759        0     1.00     0.0087     0.0337 
15        0.0566     0.0344    20.9501        0     1.00     0.0516     0.0337 
16       -0.0463     0.0345    22.8747        0     1.00    -0.0509     0.0337 
17       -0.0124     0.0346    23.0134        0     1.00    -0.0039     0.0337 
18       -0.0224     0.0346    23.4634        0     1.00    -0.0330     0.0337 
19       -0.0431     0.0346    25.1416        0     1.00    -0.0348     0.0337 
20        0.0571     0.0346    28.0845        0     1.00     0.0749     0.0337 
21       -0.0122     0.0348    28.2180        0     1.00    -0.0270     0.0337 
22        0.0342     0.0348    29.2776        0     1.00     0.0255     0.0337 
23        0.0001     0.0348    29.2776        1     0.00     0.0001     0.0337 
24        0.0533     0.0348    31.8544        2     0.00     0.0520     0.0337 
25       -0.0178     0.0349    32.1428        3     0.00    -0.0268     0.0337 
26        0.0304     0.0349    32.9834        4     0.00     0.0422     0.0337 
27        0.0285     0.0349    33.7217        5     0.00     0.0276     0.0337 
28        0.0612     0.0350    37.1369        6     0.00     0.0565     0.0337 
29       -0.0280     0.0351    37.8524        7     0.00    -0.0357     0.0337 
30        0.0514     0.0351    40.2632        8     0.00     0.0612     0.0337 
31        0.0588     0.0352    43.4246        9     0.00     0.0414     0.0337 
32       -0.0578     0.0353    46.4796       10     0.00    -0.0545     0.0337 
33        0.0177     0.0354    46.7653       11     0.00     0.0382     0.0337 
34       -0.0617     0.0354    50.2612       12     0.00    -0.0689     0.0337 
35       -0.0136     0.0355    50.4302       13     0.00    -0.0205     0.0337 
36        0.0254     0.0355    51.0247       14     0.00     0.0554     0.0337 
37        0.0532     0.0356    53.6324       15     0.00     0.0357     0.0337 
38       -0.0214     0.0357    54.0542       16     0.00    -0.0400     0.0337 
39       -0.0213     0.0357    54.4733       17     0.00    -0.0129     0.0337 
40        0.0653     0.0357    58.4113       18     0.00     0.0804     0.0337 
41        0.0052     0.0358    58.4363       19     0.00    -0.0127     0.0337 
42        0.0610     0.0358    61.8837       20     0.00     0.0770     0.0337 
43       -0.0186     0.0359    62.2059       21     0.00    -0.0216     0.0337 
44        0.0151     0.0360    62.4174       22     0.00     0.0048     0.0337 
45        0.0019     0.0360    62.4206       23     0.00     0.0122     0.0337 
46       -0.0055     0.0360    62.4491       24     0.00    -0.0002     0.0337 
47        0.0256     0.0360    63.0584       25     0.00     0.0335     0.0337 
48       -0.0556     0.0360    65.9441       26     0.00    -0.0881     0.0337 
49        0.0064     0.0361    65.9819       27     0.00     0.0571     0.0337 
50        0.0308     0.0361    66.8696       28     0.00     0.0035     0.0337 
51        0.0617     0.0361    70.4380       29     0.00     0.0405     0.0337 
52        0.0485     0.0362    72.6442       30     0.00     0.0473     0.0337 
53       -0.0240     0.0363    73.1843       31     0.00    -0.0402     0.0337 
54        0.0223     0.0363    73.6518       32     0.00     0.0342     0.0337 
55        0.0127     0.0363    73.8041       33     0.00     0.0030     0.0337 
56       -0.0072     0.0363    73.8530       34     0.00     0.0163     0.0337 
57        0.0101     0.0363    73.9496       35     0.00    -0.0132     0.0337 
58       -0.0461     0.0363    75.9538       36     0.00    -0.0374     0.0337 
59        0.0658     0.0364    80.0528       37     0.00     0.0860     0.0337 
60       -0.0201     0.0365    80.4364       38     0.00    -0.0444     0.0337 
61       -0.0090     0.0366    80.5135       39     0.00    -0.0016     0.0337 
62        0.0007     0.0366    80.5139       40     0.00    -0.0035     0.0337 
63       -0.0025     0.0366    80.5197       41     0.00     0.0131     0.0337 
64        0.0245     0.0366    81.0889       42     0.00     0.0034     0.0337 
65        0.0374     0.0366    82.4211       43     0.00     0.0626     0.0337 
66        0.0007     0.0366    82.4216       44     0.00    -0.0371     0.0337 
67        0.0251     0.0366    83.0235       45     0.00     0.0122     0.0337 
68       -0.0240     0.0366    83.5756       46     0.00    -0.0140     0.0337 
69        0.0004     0.0367    83.5758       47     0.00     0.0112     0.0337 
70        0.0440     0.0367    85.4269       48     0.00     0.0347     0.0337 
71        0.0298     0.0367    86.2771       49     0.00     0.0301     0.0337 
72        0.0628     0.0367    90.0602       50     0.00     0.0652     0.0337 
73       -0.0185     0.0369    90.3894       51     0.00    -0.0591     0.0337 
74       -0.0084     0.0369    90.4571       52     0.00     0.0066     0.0337 
75       -0.0008     0.0369    90.4578       53     0.00     0.0101     0.0337 
76       -0.0449     0.0369    92.4031       54     0.00    -0.0405     0.0337 
77        0.0126     0.0369    92.5557       55     0.00     0.0149     0.0337 
78        0.0139     0.0370    92.7440       56     0.00     0.0086     0.0337 
79        0.0022     0.0370    92.7488       57     0.00    -0.0164     0.0337 
80        0.0063     0.0370    92.7874       58     0.00    -0.0113     0.0337 
81        0.0072     0.0370    92.8375       59     0.00     0.0290     0.0337 
82        0.0013     0.0370    92.8392       60     0.00    -0.0397     0.0337 
83        0.0213     0.0370    93.2800       61     0.00     0.0349     0.0337 
84       -0.0395     0.0370    94.8003       62     0.00    -0.0216     0.0337 
85       -0.0076     0.0370    94.8568       63     0.01    -0.0173     0.0337 
86        0.0021     0.0370    94.8613       64     0.01     0.0184     0.0337 
87        0.0521     0.0370    97.5201       65     0.01     0.0151     0.0337 
88       -0.0050     0.0371    97.5443       66     0.01     0.0311     0.0337 
89        0.0393     0.0371    99.0569       67     0.01     0.0137     0.0337 
90       -0.0267     0.0372    99.7587       68     0.01    -0.0270     0.0337 
91        0.0230     0.0372   100.2789       69     0.01     0.0357     0.0337 
92        0.0065     0.0372   100.3210       70     0.01    -0.0409     0.0337 
93        0.0023     0.0372   100.3263       71     0.01     0.0250     0.0337 
94        0.0560     0.0372   103.4239       72     0.01     0.0462     0.0337 
95        0.0123     0.0373   103.5743       73     0.01    -0.0057     0.0337 
96        0.0263     0.0373   104.2568       74     0.01     0.0030     0.0337 
97       -0.0135     0.0373   104.4368       75     0.01    -0.0020     0.0337 
98       -0.0140     0.0373   104.6303       76     0.02    -0.0269     0.0337 
99       -0.0121     0.0373   104.7757       77     0.02     0.0056     0.0337 
100      -0.0117     0.0373   104.9122       78     0.02     0.0017     0.0337 
101       0.0563     0.0373   108.0682       79     0.02     0.0386     0.0337 
102      -0.0160     0.0374   108.3228       80     0.02    -0.0435     0.0337 
103      -0.0290     0.0374   109.1624       81     0.02    -0.0303     0.0337 
104      -0.0604     0.0375   112.8078       82     0.01    -0.0372     0.0337 
105       0.0130     0.0376   112.9783       83     0.02     0.0129     0.0337 
106      -0.0027     0.0376   112.9856       84     0.02     0.0016     0.0337 
107      -0.0003     0.0376   112.9856       85     0.02     0.0086     0.0337 
108       0.0175     0.0376   113.2947       86     0.03    -0.0045     0.0337 
109       0.0673     0.0376   117.8594       87     0.02     0.0512     0.0337 
110      -0.0145     0.0377   118.0702       88     0.02    -0.0095     0.0337 
111       0.0379     0.0377   119.5233       89     0.02     0.0218     0.0337 
112      -0.0044     0.0378   119.5428       90     0.02    -0.0016     0.0337 
113      -0.0280     0.0378   120.3379       91     0.02    -0.0189     0.0337 
114      -0.0073     0.0378   120.3914       92     0.03    -0.0205     0.0337 
115       0.0304     0.0378   121.3307       93     0.03     0.0483     0.0337 
116       0.0339     0.0378   122.4973       94     0.03    -0.0061     0.0337 
117       0.0304     0.0379   123.4376       95     0.03     0.0385     0.0337 
118       0.0331     0.0379   124.5516       96     0.03     0.0246     0.0337 
119       0.0271     0.0379   125.3001       97     0.03     0.0092     0.0337 
120      -0.0264     0.0379   126.0125       98     0.03    -0.0251     0.0337 
121       0.0048     0.0380   126.0365       99     0.03     0.0122     0.0337 
122       0.0027     0.0380   126.0441      100     0.04    -0.0153     0.0337 
123       0.0246     0.0380   126.6669      101     0.04     0.0355     0.0337 
124       0.0367     0.0380   128.0532      102     0.04     0.0154     0.0337 
_________
When DF is positive, P-values should be greater than 0.05
(at the 5 per cent level) for model adequacy

Residual diagnostics:             
Sample size         880 
                
Median              0.0004 
Mean               -0.0001 
Std of mean         0.0004 
T-value of mean    -0.2372 

                           P-values 
Normality (BS)     49.2993     0.00 
Skewness           -0.0538     0.51 
Kurtosis            4.1545     0.00 

                            P-value 
Durbin-Watson       1.8347     0.01 
                   
Standard error         0.0104 
Sigma square           0.0001 
Residual variance      0.0001 
Residual std. dev.     0.0105 

Approximate test of runs on residuals:               
Number of runs      427 
Number of (+)       440 
Number of (-)       440 
              
T-value            -0.9444 

Heteroscedasticity test:
         DF       stat  P-value 
H       293     0.5218     0.00 

Sample autocorrelations of squared residuals:
Order     Autcor         SE    Q-stats       DF P-values     Parcor         SE 
1         0.1706     0.0337    25.6992        1     0.00     0.1706     0.0337 
2         0.0710     0.0347    30.1551        2     0.00     0.0431     0.0337 
3         0.1625     0.0348    53.5185        3     0.00     0.1481     0.0337 
4         0.1850     0.0357    83.8457        4     0.00     0.1402     0.0337 
5         0.0920     0.0368    91.3510        5     0.00     0.0337     0.0337 
6         0.0585     0.0370    94.3855        6     0.00     0.0090     0.0337 
7         0.1286     0.0371   109.0847        7     0.00     0.0765     0.0337 
8         0.1219     0.0376   122.3006        8     0.00     0.0571     0.0337 
9         0.0885     0.0381   129.2744        9     0.00     0.0386     0.0337 
10        0.0273     0.0383   129.9381       10     0.00    -0.0305     0.0337 
11        0.1528     0.0383   150.8051       11     0.00     0.1079     0.0337 
12        0.1802     0.0390   179.8451       12     0.00     0.1104     0.0337 
13        0.0626     0.0400   183.3545       13     0.00    -0.0030     0.0337 
14        0.0864     0.0401   190.0400       14     0.00     0.0355     0.0337 
15        0.0768     0.0403   195.3382       15     0.00    -0.0176     0.0337 
16        0.0665     0.0404   199.3051       16     0.00    -0.0089     0.0337 
17        0.0627     0.0406   202.8407       17     0.00     0.0194     0.0337 
18        0.1176     0.0407   215.2852       18     0.00     0.0703     0.0337 
19        0.0944     0.0411   223.3189       19     0.00     0.0237     0.0337 
20        0.0362     0.0413   224.5027       20     0.00    -0.0307     0.0337 
21        0.0890     0.0413   231.6537       21     0.00     0.0439     0.0337 
22        0.0044     0.0416   231.6713       22     0.00    -0.0712     0.0337 
23        0.0697     0.0416   236.0740       23     0.00     0.0205     0.0337 
24        0.0977     0.0417   244.7213       24     0.00     0.0502     0.0337 
25        0.0803     0.0420   250.5681       25     0.00     0.0274     0.0337 
26        0.0618     0.0421   254.0372       26     0.00     0.0116     0.0337 
27        0.0692     0.0422   258.3899       27     0.00     0.0210     0.0337 
28        0.0654     0.0424   262.2840       28     0.00     0.0081     0.0337 
29        0.0488     0.0425   264.4584       29     0.00    -0.0077     0.0337 
30        0.0735     0.0425   269.3908       30     0.00     0.0125     0.0337 
31        0.0227     0.0427   269.8634       31     0.00    -0.0289     0.0337 
32        0.0524     0.0427   272.3725       32     0.00     0.0036     0.0337 
33        0.1023     0.0428   281.9618       33     0.00     0.0683     0.0337 
34        0.0356     0.0430   283.1218       34     0.00     0.0019     0.0337 
35        0.0171     0.0431   283.3916       35     0.00    -0.0332     0.0337 
36        0.0451     0.0431   285.2659       36     0.00    -0.0120     0.0337 
37        0.0513     0.0431   287.6911       37     0.00    -0.0083     0.0337 
38        0.0552     0.0432   290.5025       38     0.00     0.0255     0.0337 
39        0.0320     0.0433   291.4466       39     0.00    -0.0052     0.0337 
40        0.0565     0.0433   294.3993       40     0.00     0.0309     0.0337 
41        0.0077     0.0434   294.4544       41     0.00    -0.0455     0.0337 
42        0.0661     0.0434   298.4974       42     0.00     0.0324     0.0337 
43       -0.0157     0.0435   298.7248       43     0.00    -0.0488     0.0337 
44        0.0287     0.0435   299.4919       44     0.00    -0.0063     0.0337 
45        0.0053     0.0435   299.5178       45     0.00    -0.0445     0.0337 
46        0.0131     0.0435   299.6778       46     0.00     0.0046     0.0337 
47        0.0468     0.0435   301.7180       47     0.00     0.0412     0.0337 
48        0.0527     0.0436   304.3073       48     0.00     0.0368     0.0337 
49       -0.0232     0.0437   304.8116       49     0.00    -0.0582     0.0337 
50       -0.0304     0.0437   305.6751       50     0.00    -0.0493     0.0337 
51        0.1156     0.0437   318.1969       51     0.00     0.0862     0.0337 
52        0.0450     0.0441   320.0943       52     0.00     0.0163     0.0337 
53       -0.0091     0.0441   320.1723       53     0.00    -0.0124     0.0337 
54        0.0297     0.0441   320.9998       54     0.00     0.0082     0.0337 
55       -0.0481     0.0441   323.1802       55     0.00    -0.0938     0.0337 
56        0.0374     0.0442   324.4951       56     0.00     0.0411     0.0337 
57        0.0260     0.0442   325.1339       57     0.00     0.0243     0.0337 
58        0.0106     0.0443   325.2394       58     0.00    -0.0054     0.0337 
59        0.0267     0.0443   325.9113       59     0.00     0.0015     0.0337 
60        0.0034     0.0443   325.9222       60     0.00    -0.0265     0.0337 
61       -0.0134     0.0443   326.0933       61     0.00    -0.0042     0.0337 
62        0.0024     0.0443   326.0986       62     0.00     0.0074     0.0337 
63        0.0067     0.0443   326.1407       63     0.00    -0.0345     0.0337 
64       -0.0281     0.0443   326.8902       64     0.00    -0.0210     0.0337 
65        0.0686     0.0443   331.3709       65     0.00     0.0560     0.0337 
66        0.0226     0.0444   331.8572       66     0.00     0.0113     0.0337 
67       -0.0307     0.0444   332.7562       67     0.00    -0.0165     0.0337 
68        0.0615     0.0445   336.3758       68     0.00     0.0721     0.0337 
69        0.0361     0.0446   337.6240       69     0.00    -0.0045     0.0337 
70        0.0195     0.0446   337.9885       70     0.00    -0.0008     0.0337 
71        0.0169     0.0446   338.2640       71     0.00     0.0121     0.0337 
72       -0.0013     0.0446   338.2657       72     0.00    -0.0443     0.0337 
73       -0.0088     0.0446   338.3407       73     0.00     0.0041     0.0337 
74       -0.0245     0.0446   338.9184       74     0.00    -0.0214     0.0337 
75        0.0439     0.0446   340.7754       75     0.00     0.0441     0.0337 
76        0.0230     0.0447   341.2853       76     0.00     0.0115     0.0337 
77        0.0063     0.0447   341.3233       77     0.00    -0.0279     0.0337 
78       -0.0050     0.0447   341.3476       78     0.00    -0.0003     0.0337 
79        0.0032     0.0447   341.3576       79     0.00    -0.0056     0.0337 
80        0.0272     0.0447   342.0777       80     0.00     0.0031     0.0337 
81       -0.0017     0.0447   342.0805       81     0.00    -0.0053     0.0337 
82        0.0155     0.0447   342.3127       82     0.00     0.0222     0.0337 
83        0.0475     0.0447   344.5145       83     0.00     0.0512     0.0337 
84        0.0296     0.0448   345.3705       84     0.00    -0.0144     0.0337 
85       -0.0058     0.0448   345.4033       85     0.00     0.0044     0.0337 
86        0.0035     0.0448   345.4152       86     0.00    -0.0279     0.0337 
87        0.0126     0.0448   345.5698       87     0.00    -0.0059     0.0337 
88       -0.0228     0.0448   346.0798       88     0.00    -0.0177     0.0337 
89        0.0046     0.0448   346.1009       89     0.00    -0.0083     0.0337 
90        0.0132     0.0448   346.2727       90     0.00     0.0138     0.0337 
91       -0.0045     0.0448   346.2923       91     0.00    -0.0061     0.0337 
92        0.0244     0.0448   346.8780       92     0.00     0.0367     0.0337 
93        0.0180     0.0448   347.1992       93     0.00     0.0013     0.0337 
94        0.0052     0.0448   347.2262       94     0.00    -0.0282     0.0337 
95        0.0037     0.0448   347.2399       95     0.00    -0.0099     0.0337 
96       -0.0205     0.0448   347.6579       96     0.00    -0.0383     0.0337 
97        0.0171     0.0449   347.9467       97     0.00     0.0614     0.0337 
98       -0.0232     0.0449   348.4794       98     0.00    -0.0606     0.0337 
99        0.0466     0.0449   350.6329       99     0.00     0.0574     0.0337 
100       0.0010     0.0449   350.6340      100     0.00    -0.0022     0.0337 
101       0.0090     0.0449   350.7149      101     0.00     0.0064     0.0337 
102       0.0106     0.0449   350.8264      102     0.00     0.0034     0.0337 
103      -0.0013     0.0449   350.8281      103     0.00    -0.0255     0.0337 
104       0.0093     0.0449   350.9150      104     0.00    -0.0044     0.0337 
105       0.0367     0.0449   352.2610      105     0.00     0.0365     0.0337 
106       0.0029     0.0450   352.2692      106     0.00     0.0163     0.0337 
107       0.0271     0.0450   353.0044      107     0.00     0.0315     0.0337 
108       0.0103     0.0450   353.1116      108     0.00    -0.0406     0.0337 
109       0.0007     0.0450   353.1121      109     0.00     0.0035     0.0337 
110       0.0840     0.0450   360.2308      110     0.00     0.0724     0.0337 
111       0.0273     0.0452   360.9844      111     0.00     0.0069     0.0337 
112       0.0085     0.0452   361.0577      112     0.00     0.0093     0.0337 
113       0.0642     0.0452   365.2236      113     0.00     0.0296     0.0337 
114       0.0767     0.0453   371.1842      114     0.00     0.0761     0.0337 
115       0.0252     0.0454   371.8260      115     0.00     0.0058     0.0337 
116       0.0486     0.0455   374.2220      116     0.00     0.0064     0.0337 
117       0.0466     0.0455   376.4311      117     0.00    -0.0229     0.0337 
118      -0.0040     0.0456   376.4477      118     0.00    -0.0497     0.0337 
119      -0.0077     0.0456   376.5074      119     0.00    -0.0271     0.0337 
120       0.0089     0.0456   376.5890      120     0.00     0.0076     0.0337 
121       0.0001     0.0456   376.5890      121     0.00    -0.0187     0.0337 
122       0.0230     0.0456   377.1309      122     0.00    -0.0175     0.0337 
123       0.0119     0.0456   377.2759      123     0.00     0.0140     0.0337 
124       0.0106     0.0456   377.3909      124     0.00    -0.0072     0.0337 
_________
When DF is positive, P-values should be greater than 0.05
(at the 5 per cent level) for model adequacy
