Series:retailss
Number of observations:  153
 Year       Jan      Feb      Mar      Apr      May      Jun      Jul      Aug      Sep      Oct      Nov      Dec
 1967    237.00   187.00   241.00   245.00   259.00   296.00   252.00   260.00   271.00   267.00   320.00   549.00
 1968    266.00   216.00   252.00   297.00   302.00   310.00   270.00   288.00   280.00   316.00   372.00   594.00
 1969    319.00   249.00   287.00   320.00   342.00   329.00   291.00   321.00   315.00   361.00   400.00   680.00
 1970    338.00   268.00   304.00   313.00   348.00   350.00   321.00   317.00   333.00   364.00   396.00   719.00
 1971    336.00   267.00   303.00   375.00   382.00   401.00   341.00   351.00   357.00   382.00   447.00   771.00
 1972    364.00   310.00   379.00   408.00   439.00   451.00   390.00   413.00   424.00   469.00   534.00   884.00
 1973    452.00   361.00   426.00   470.00   477.00   502.00   424.00   442.00   442.00   479.00   562.00   961.00
 1974    437.00   368.00   427.00   495.00   514.00   492.00   443.00   500.00   458.00   492.00   542.00   889.00
 1975    459.00   403.00   490.00   467.00   556.00   542.00   474.00   510.00   483.00   527.00   591.00  1044.00
 1976    495.00   404.00   463.00   540.00   518.00   552.00   505.00   502.00   496.00   558.00   629.00  1137.00
 1977    511.00   440.00   496.00   578.00   542.00   550.00   492.00   518.00   507.00   569.00   708.00  1141.00
 1978    480.00   421.00   532.00   536.00   542.00   563.00   508.00   554.00   552.00   609.00   763.00  1293.00
 1979    561.00   462.00   564.00   582.00   586.00   615.00   553.00   612.00   570.00

Logs of the series:
Number of observations:  153
 Year       Jan      Feb      Mar      Apr      May      Jun      Jul      Aug      Sep      Oct      Nov      Dec
 1967      5.47     5.23     5.48     5.50     5.56     5.69     5.53     5.56     5.60     5.59     5.77     6.31
 1968      5.58     5.38     5.53     5.69     5.71     5.74     5.60     5.66     5.63     5.76     5.92     6.39
 1969      5.77     5.52     5.66     5.77     5.83     5.80     5.67     5.77     5.75     5.89     5.99     6.52
 1970      5.82     5.59     5.72     5.75     5.85     5.86     5.77     5.76     5.81     5.90     5.98     6.58
 1971      5.82     5.59     5.71     5.93     5.95     5.99     5.83     5.86     5.88     5.95     6.10     6.65
 1972      5.90     5.74     5.94     6.01     6.08     6.11     5.97     6.02     6.05     6.15     6.28     6.78
 1973      6.11     5.89     6.05     6.15     6.17     6.22     6.05     6.09     6.09     6.17     6.33     6.87
 1974      6.08     5.91     6.06     6.20     6.24     6.20     6.09     6.21     6.13     6.20     6.30     6.79
 1975      6.13     6.00     6.19     6.15     6.32     6.30     6.16     6.23     6.18     6.27     6.38     6.95
 1976      6.20     6.00     6.14     6.29     6.25     6.31     6.22     6.22     6.21     6.32     6.44     7.04
 1977      6.24     6.09     6.21     6.36     6.30     6.31     6.20     6.25     6.23     6.34     6.56     7.04
 1978      6.17     6.04     6.28     6.28     6.30     6.33     6.23     6.32     6.31     6.41     6.64     7.16
 1979      6.33     6.14     6.34     6.37     6.37     6.42     6.32     6.42     6.35


Identified model is: ( 0 , 1 , 2 )( 0 , 1 , 1 )_ 12  in logs

Initial parameter values:
     -0.3394     -0.2767     -0.5832

Arima Estimation (Levenberg-Marquardt):
Number of iterations:     2
Number of function evaluations:     9
Parameter     Estimate   Std. Error      T-ratio        Lag 
ma1            -0.3080       0.0917      -3.3593          1 
ma2            -0.2903       0.1012      -2.8700          1 
ma12           -0.6441       0.0877      -7.3448         12 

Residual standard error:     0.0362

Root          Real p.     Imag. p.      Modulus  Argument    Period 
rmaroot1       0.7144       0.0000       0.7144    0.0000       Inf 
rmaroot2      -0.4064       0.0000       0.4064   -0.0000       Inf 
smaroot1       0.6441       0.0000       0.6441    0.0000       Inf 

Parameter     Estimate   Std. Error    T-ratio 
trad1         -0.00760      0.00527      -1.44 
trad2         -0.00278      0.00496      -0.56 
trad3          0.00274      0.00516       0.53 
trad4          0.00098      0.00495       0.20 
trad5          0.01062      0.00526       2.02 
trad6          0.01236      0.00517       2.39 
east(6)        0.06873      0.00930       7.39 


Information criteria:    
AIC       -515.6229 
BIC       -486.2065 

Residuals:
     0.008    0.042   -0.007    0.008    0.036    0.013    0.006   -0.055    0.019   -0.062   -0.032    0.030
    -0.016    0.047   -0.015    0.021   -0.050    0.021   -0.071   -0.025   -0.017   -0.033    0.017   -0.037
     0.010   -0.030    0.001    0.028   -0.060   -0.003   -0.008    0.042    0.042    0.013   -0.041    0.037
    -0.025   -0.026    0.028   -0.020    0.011    0.039    0.022    0.055    0.021   -0.010    0.035   -0.003
    -0.006    0.086   -0.019   -0.031    0.065   -0.017    0.020   -0.020   -0.041   -0.023    0.006   -0.051
    -0.004   -0.029   -0.009    0.035   -0.096    0.025   -0.020    0.003   -0.000   -0.051    0.015    0.042
    -0.023   -0.048   -0.092   -0.026    0.002    0.076    0.034   -0.071    0.059    0.024   -0.021    0.009
    -0.030   -0.018    0.004    0.031   -0.049    0.006   -0.022   -0.006   -0.060    0.010    0.007   -0.002
    -0.018    0.021    0.026    0.031   -0.010    0.008   -0.015   -0.012   -0.036   -0.047   -0.028    0.001
    -0.030    0.052    0.081   -0.066   -0.056   -0.027    0.001    0.019   -0.052   -0.009    0.035    0.020
     0.012    0.060    0.072    0.028   -0.007   -0.035    0.021   -0.054   -0.022   -0.019    0.046    0.008
    -0.009

Sample autocorrelations and partial autocorrelations:
Order     Autcor         SE    Q-stats       DF P-values     Parcor         SE 
1        -0.0061     0.0867     0.0051        0     0.00    -0.0061     0.0867 
2         0.0182     0.0867     0.0505        0     0.00     0.0182     0.0867 
3         0.0434     0.0867     0.3104        0     0.00     0.0436     0.0867 
4        -0.0806     0.0869     1.2148        1     0.27    -0.0806     0.0867 
5         0.0654     0.0875     1.8145        2     0.40     0.0635     0.0867 
6        -0.0940     0.0878     3.0636        3     0.38    -0.0939     0.0867 
7        -0.1178     0.0886     5.0416        4     0.28    -0.1148     0.0867 
8         0.0140     0.0898     5.0697        5     0.41     0.0053     0.0867 
9         0.1198     0.0898     7.1473        6     0.31     0.1465     0.0867 
10       -0.0174     0.0910     7.1916        7     0.41    -0.0279     0.0867 
11        0.1387     0.0910    10.0221        8     0.26     0.1327     0.0867 
12        0.0059     0.0926    10.0272        9     0.35     0.0036     0.0867 
13       -0.0193     0.0926    10.0828       10     0.43    -0.0282     0.0867 
14        0.0129     0.0926    10.1080       11     0.52    -0.0361     0.0867 
15       -0.1680     0.0926    14.4041       12     0.28    -0.1250     0.0867 
16        0.0744     0.0949    15.2547       13     0.29     0.0895     0.0867 
17       -0.0749     0.0953    16.1220       14     0.31    -0.0586     0.0867 
18       -0.0718     0.0958    16.9274       15     0.32    -0.0462     0.0867 
19        0.0054     0.0962    16.9319       16     0.39    -0.0163     0.0867 
20        0.0103     0.0962    16.9488       17     0.46     0.0108     0.0867 
21       -0.0179     0.0962    17.0004       18     0.52    -0.0674     0.0867 
22        0.0003     0.0962    17.0004       19     0.59    -0.0261     0.0867 
23        0.0111     0.0962    17.0206       20     0.65     0.0302     0.0867 
24       -0.0788     0.0962    18.0423       21     0.65    -0.0628     0.0867 
25       -0.0997     0.0967    19.6955       22     0.60    -0.1582     0.0867 
26       -0.1198     0.0975    22.1053       23     0.51    -0.0655     0.0867 
27       -0.0101     0.0986    22.1225       24     0.57    -0.0042     0.0867 
28        0.0624     0.0986    22.7893       25     0.59     0.0660     0.0867 
29       -0.0060     0.0989    22.7955       26     0.64     0.0112     0.0867 
30       -0.0566     0.0989    23.3540       27     0.67    -0.0757     0.0867 
31       -0.0520     0.0991    23.8299       28     0.69    -0.0752     0.0867 
32        0.0890     0.0993    25.2380       29     0.67     0.0305     0.0867 
33       -0.0296     0.0999    25.3956       30     0.71    -0.0445     0.0867 
34       -0.0568     0.1000    25.9802       31     0.72    -0.0293     0.0867 
35       -0.0210     0.1002    26.0612       32     0.76     0.0286     0.0867 
36       -0.0391     0.1003    26.3443       33     0.79    -0.0224     0.0867 
_________
When DF is positive, P-values should be greater than 0.05
(at the 5 per cent level) for model adequacy

Residual diagnostics:             
Sample size         133 
                
Median             -0.0025 
Mean               -0.0025 
Std of mean         0.0031 
T-value of mean    -0.8127 

                           P-values 
Normality (BS)      0.1588     0.92 
Skewness           -0.0086     0.97 
Kurtosis            2.8316     0.69 

                            P-value 
Durbin-Watson       2.0115     0.95 
                   
Standard error         0.0362 
Sigma square           0.0013 
Residual variance      0.0013 
Residual std. dev.     0.0357 

Approximate test of runs on residuals:               
Number of runs       76 
Number of (+)        67 
Number of (-)        66 
              
T-value             1.4804 

Heteroscedasticity test:
         DF       stat  P-value 
H        44     1.1029     0.75 

Sample autocorrelations of squared residuals:
Order     Autcor         SE    Q-stats       DF P-values     Parcor         SE 
1         0.0163     0.0867     0.0363        1     0.85     0.0163     0.0867 
2        -0.0605     0.0867     0.5384        2     0.76    -0.0608     0.0867 
3         0.0854     0.0871     1.5462        3     0.67     0.0878     0.0867 
4        -0.1485     0.0877     4.6140        4     0.33    -0.1574     0.0867 
5         0.1313     0.0895     7.0339        5     0.22     0.1567     0.0867 
6         0.0213     0.0910     7.0983        6     0.31    -0.0221     0.0867 
7        -0.0863     0.0910     8.1607        7     0.32    -0.0386     0.0867 
8        -0.0780     0.0916     9.0352        8     0.34    -0.1293     0.0867 
9        -0.0726     0.0921     9.7988        9     0.37    -0.0286     0.0867 
10        0.1101     0.0926    11.5675       10     0.32     0.0992     0.0867 
11       -0.0178     0.0935    11.6144       11     0.39    -0.0408     0.0867 
12        0.0086     0.0936    11.6254       12     0.48     0.0277     0.0867 
13        0.0295     0.0936    11.7559       13     0.55     0.0120     0.0867 
14       -0.0761     0.0936    12.6289       14     0.56    -0.0251     0.0867 
15        0.1735     0.0941    17.2111       15     0.31     0.1398     0.0867 
16       -0.1062     0.0965    18.9418       16     0.27    -0.1591     0.0867 
17       -0.0761     0.0974    19.8387       17     0.28    -0.0175     0.0867 
18        0.0620     0.0978    20.4388       18     0.31     0.0069     0.0867 
19       -0.1467     0.0981    23.8304       19     0.20    -0.0710     0.0867 
20       -0.0996     0.0997    25.4077       20     0.19    -0.1747     0.0867 
21       -0.0210     0.1005    25.4787       21     0.23    -0.0141     0.0867 
22       -0.0676     0.1005    26.2181       22     0.24    -0.0254     0.0867 
23       -0.0713     0.1009    27.0468       23     0.25    -0.0988     0.0867 
24       -0.0249     0.1012    27.1490       24     0.30    -0.0409     0.0867 
25        0.0859     0.1013    28.3745       25     0.29     0.0761     0.0867 
26       -0.1332     0.1018    31.3531       26     0.22    -0.1450     0.0867 
27       -0.1372     0.1031    34.5404       27     0.15    -0.1767     0.0867 
28        0.1146     0.1045    36.7842       28     0.12     0.0690     0.0867 
29       -0.1053     0.1054    38.6976       29     0.11    -0.0803     0.0867 
30        0.0517     0.1062    39.1630       30     0.12    -0.0125     0.0867 
31        0.1734     0.1064    44.4555       31     0.06     0.1754     0.0867 
32       -0.0430     0.1085    44.7849       32     0.07     0.0396     0.0867 
33        0.0654     0.1086    45.5539       33     0.07     0.0120     0.0867 
34       -0.0048     0.1089    45.5582       34     0.09    -0.0102     0.0867 
35       -0.0562     0.1089    46.1371       35     0.10    -0.0275     0.0867 
36        0.1742     0.1092    51.7528       36     0.04     0.1215     0.0867 
_________
When DF is positive, P-values should be greater than 0.05
(at the 5 per cent level) for model adequacy
Elapsed time:     1.70

