Series:s3
Number of observations:  147
 Year       Jan      Feb      Mar      Apr      May      Jun      Jul      Aug      Sep      Oct      Nov      Dec
 1970     43.60    45.70    41.50    42.20    41.00    41.50    40.20    41.80    44.20    42.70    41.60    36.90
 1971     36.30    34.30    34.40    33.00    32.90    34.80    40.70    39.10    38.60    45.10    42.60    45.70
 1972     46.00    46.90    45.10    45.90    42.90    45.60    48.10    46.80    43.00    46.20    43.20    43.50
 1973     44.30    47.00    50.60    52.00    54.40    54.20    51.20    52.90    55.90    52.70    54.10    55.60
 1974     53.90    52.50    51.90    52.20    53.00    54.00    55.90    55.50    56.70    56.80    58.20    57.10
 1975     60.40    60.60    57.60    60.80    63.90    66.50    69.10    66.00    65.30    66.60    62.40    60.80
 1976     57.30    55.10    56.20    56.90    54.60    55.50    55.70    56.20    56.20    54.20    55.40    56.30
 1977     59.30    62.00    62.50    57.20    57.20    51.90    52.10    52.80    50.60    51.50    55.20    52.20
 1978     49.60    52.40    53.10    53.70    53.20    56.70    56.30    60.60    65.80    70.30    67.80    69.50
 1979     71.20    70.30    66.60    65.40    65.40    62.50    61.00    57.50    57.30    55.70    58.60    58.30
 1980     57.00    52.10    53.70    54.20    52.00    53.50    53.60    51.70    50.90    54.10    58.00    59.00
 1981     57.60    58.40    55.10    55.30    58.90    59.00    57.30    56.30    55.90    56.90    54.20    52.50
 1982     54.90    57.60    57.60


Identified model is: ( 0 , 1 , 0 )( 0 , 0 , 1 )_ 12

Initial parameter values:
     -0.3500

Arima Estimation (Levenberg-Marquardt):
Number of iterations:     1
Number of function evaluations:     3
Parameter     Estimate   Std. Error      T-ratio        Lag 
ma12           -0.3633       0.0902      -4.0292         12 

Residual standard error:     2.2288

Root          Real p.     Imag. p.      Modulus  Argument    Period 
smaroot1       0.3633       0.0000       0.3633    0.0000       Inf 


Correlations of the estimates:
Parameter         ma12 
ma12            1.0000 


Information criteria:    
AIC       1232.6583 
BIC       1235.6419 

Residuals:
     1.974   -3.948    0.658   -1.128    0.470   -1.222    1.504    2.256   -1.410   -1.034   -4.417   -0.564
    -1.316   -1.239   -1.166   -0.481    2.045    5.441   -1.078    0.268    5.973   -2.831    1.579    0.107
     0.425   -2.244    0.379   -3.170    3.434    4.457   -1.687   -3.700    5.348   -4.017    0.869    0.838
     2.854    2.785    1.537    1.249    1.046   -1.382    1.088    1.657   -1.259   -0.058    1.815   -1.396
    -0.363    0.412    0.858    1.254    1.380    1.398   -0.005    1.802   -0.357    1.379   -0.441    2.793
     0.068   -2.850    3.512    3.555    3.101    3.108   -3.102   -0.045    1.170   -3.699   -1.760   -2.485
    -2.175    0.064    1.976   -1.008    2.027    1.329   -0.627   -0.016   -1.575   -0.144    0.261    2.097
     1.910    0.523   -4.582   -0.366   -4.564    0.683    0.472   -2.206    0.328    3.648   -2.905   -1.838
     3.494    0.890   -1.065   -0.633    1.842   -0.152    4.472    4.399    4.619   -1.175    0.644    1.032
     0.369   -3.377   -1.587   -0.230   -2.231   -1.555   -1.875    1.398    0.078    2.473   -0.066   -0.925
    -4.766    0.373   -0.077   -2.284    0.690   -0.465   -2.581   -0.292    3.228    4.799    0.976   -1.736
    -0.932   -3.164    0.172    2.770    0.351   -1.869   -1.938   -0.506    2.173   -0.957   -1.345    1.769
     2.362   -1.150

Sample autocorrelations and partial autocorrelations:
Order     Autcor         SE    Q-stats       DF P-values     Parcor         SE 
1         0.0564     0.0828     0.4735        0     1.00     0.0564     0.0828 
2        -0.0335     0.0830     0.6414        1     0.42    -0.0367     0.0828 
3         0.0664     0.0831     1.3069        2     0.52     0.0707     0.0828 
4        -0.0076     0.0835     1.3157        3     0.73    -0.0172     0.0828 
5        -0.1388     0.0835     4.2702        4     0.37    -0.1336     0.0828 
6         0.0456     0.0850     4.5905        5     0.47     0.0581     0.0828 
7        -0.0949     0.0852     5.9913        6     0.42    -0.1128     0.0828 
8        -0.0230     0.0859     6.0741        7     0.53     0.0132     0.0828 
9        -0.0337     0.0860     6.2529        8     0.62    -0.0516     0.0828 
10       -0.0760     0.0861     7.1717        9     0.62    -0.0796     0.0828 
11        0.0717     0.0865     7.9944       10     0.63     0.0996     0.0828 
12        0.0295     0.0869     8.1351       11     0.70    -0.0190     0.0828 
13        0.0356     0.0870     8.3407       12     0.76     0.0659     0.0828 
14        0.0366     0.0871     8.5597       13     0.81    -0.0015     0.0828 
15       -0.0029     0.0872     8.5612       14     0.86    -0.0246     0.0828 
16       -0.1579     0.0872    12.7078       15     0.62    -0.1402     0.0828 
17        0.0350     0.0891    12.9131       16     0.68     0.0297     0.0828 
18       -0.0689     0.0892    13.7134       17     0.69    -0.0637     0.0828 
19        0.0467     0.0896    14.0839       18     0.72     0.0820     0.0828 
20        0.0705     0.0898    14.9371       19     0.73     0.0610     0.0828 
21        0.0168     0.0901    14.9860       20     0.78    -0.0043     0.0828 
22        0.0715     0.0902    15.8780       21     0.78     0.1075     0.0828 
23       -0.0043     0.0906    15.8812       22     0.82    -0.0865     0.0828 
24       -0.0999     0.0906    17.6499       23     0.78    -0.0657     0.0828 
25        0.1255     0.0913    20.4605       24     0.67     0.1161     0.0828 
26        0.0800     0.0925    21.6121       25     0.66     0.0380     0.0828 
27       -0.0635     0.0930    22.3438       26     0.67     0.0143     0.0828 
28        0.0825     0.0933    23.5907       27     0.65     0.0656     0.0828 
29       -0.0735     0.0938    24.5891       28     0.65    -0.0794     0.0828 
30       -0.0386     0.0941    24.8672       29     0.69     0.0331     0.0828 
31       -0.0916     0.0943    26.4425       30     0.65    -0.1418     0.0828 
32        0.0070     0.0949    26.4517       31     0.70     0.0173     0.0828 
33       -0.0162     0.0949    26.5021       32     0.74     0.0014     0.0828 
34       -0.0385     0.0949    26.7882       33     0.77    -0.1006     0.0828 
35       -0.0857     0.0950    28.2191       34     0.75     0.0105     0.0828 
36        0.0112     0.0955    28.2437       35     0.78    -0.0290     0.0828 
_________
When DF is positive, P-values should be greater than 0.05
(at the 5 per cent level) for model adequacy

Pierce Qs:
Order    Qs-stat      DF  P-value 
1         0.1406       0     1.00 
2         1.9093       1     0.17 
3         1.9340       2     0.38 


Stable seasonality F-test based on residuals:
        DFn     DFd       stat  P-value 
F        11     135     1.1301     0.69 


Residual diagnostics:             
Sample size         146 
                
Median              0.0731 
Mean                0.1489 
Std of mean         0.1834 
T-value of mean     0.8120 

                           P-values 
Normality (BS)      0.7214     0.70 
Skewness            0.1602     0.43 
Kurtosis            2.8740     0.76 

                            P-value 
Durbin-Watson       1.8800     0.47 
                   
Standard error         2.2288 
Sigma square           4.9675 
Residual variance      4.9113 
Residual std. dev.     2.2161 

Approximate test of runs on residuals:               
Number of runs       70 
Number of (+)        73 
Number of (-)        73 
              
T-value            -0.6644 

Heteroscedasticity test:
         DF       stat  P-value 
H        49     0.7776     0.38 

Sample autocorrelations of squared residuals:
Order     Autcor         SE    Q-stats       DF P-values     Parcor         SE 
1         0.0961     0.0828     1.3771        1     0.24     0.0961     0.0828 
2         0.0190     0.0835     1.4312        2     0.49     0.0098     0.0828 
3         0.1231     0.0836     3.7209        3     0.29     0.1215     0.0828 
4        -0.0333     0.0848     3.8896        4     0.42    -0.0579     0.0828 
5        -0.0368     0.0849     4.0975        5     0.54    -0.0309     0.0828 
6        -0.0806     0.0850     5.1007        6     0.53    -0.0911     0.0828 
7         0.0286     0.0855     5.2274        7     0.63     0.0588     0.0828 
8         0.0191     0.0856     5.2846        8     0.73     0.0188     0.0828 
9         0.0356     0.0856     5.4847        9     0.79     0.0532     0.0828 
10        0.0298     0.0857     5.6254       10     0.85     0.0006     0.0828 
11        0.0105     0.0858     5.6430       11     0.90     0.0002     0.0828 
12        0.0143     0.0858     5.6757       12     0.93    -0.0027     0.0828 
13       -0.1338     0.0858     8.5832       13     0.80    -0.1326     0.0828 
14       -0.1171     0.0872    10.8277       14     0.70    -0.0922     0.0828 
15       -0.0245     0.0883    10.9264       15     0.76     0.0014     0.0828 
16        0.0926     0.0883    12.3526       16     0.72     0.1437     0.0828 
17       -0.0267     0.0890    12.4717       17     0.77    -0.0316     0.0828 
18       -0.0918     0.0890    13.8936       18     0.74    -0.1118     0.0828 
19       -0.0180     0.0897    13.9487       19     0.79    -0.0755     0.0828 
20       -0.0948     0.0897    15.4900       20     0.75    -0.0855     0.0828 
21       -0.1062     0.0904    17.4406       21     0.68    -0.0537     0.0828 
22       -0.0740     0.0913    18.3955       22     0.68    -0.0231     0.0828 
23       -0.0751     0.0917    19.3854       23     0.68    -0.0475     0.0828 
24       -0.0159     0.0921    19.4299       24     0.73    -0.0001     0.0828 
25       -0.0619     0.0921    20.1137       25     0.74    -0.0684     0.0828 
26        0.0477     0.0924    20.5236       26     0.77     0.0325     0.0828 
27        0.0304     0.0926    20.6918       27     0.80    -0.0186     0.0828 
28       -0.1279     0.0926    23.6886       28     0.70    -0.1474     0.0828 
29       -0.0331     0.0938    23.8910       29     0.73    -0.0002     0.0828 
30       -0.0152     0.0939    23.9342       30     0.77     0.0280     0.0828 
31        0.0561     0.0939    24.5255       31     0.79     0.0866     0.0828 
32        0.0835     0.0942    25.8458       32     0.77     0.0506     0.0828 
33        0.0796     0.0947    27.0563       33     0.76     0.0371     0.0828 
34        0.0654     0.0951    27.8814       34     0.76    -0.0069     0.0828 
35        0.0137     0.0954    27.9181       35     0.80    -0.0358     0.0828 
36       -0.0331     0.0954    28.1330       36     0.82    -0.0696     0.0828 
_________
When DF is positive, P-values should be greater than 0.05
(at the 5 per cent level) for model adequacy
Elapsed time:     0.21

