Series:myseries
Number of observations:  150
 Year       Jan      Feb      Mar      Apr      May      Jun      Jul      Aug      Sep      Oct      Nov      Dec
 2000      8.82     5.64     8.27     6.96     6.92     8.35     7.90     8.53    10.37    10.30    14.43    14.38
 2001     13.34     9.55    12.99     9.30    11.49    11.56     8.68     9.60    10.05    12.49    13.68    13.13
 2002     10.62     9.21    12.50     6.85     7.55    10.50     7.80     9.89    10.37    12.35    14.29    15.24
 2003     12.57     9.28    12.54     8.78    10.64    11.57     9.01    10.14    10.88    12.70    13.84    14.89
 2004     11.84    11.03    13.33    10.82    11.11    10.15     9.82    12.04     9.72    11.72    13.64    15.19
 2005     13.47    11.45    14.30    10.69    11.55    12.34    11.38    13.37    12.24    15.22    17.57    17.32
 2006     15.76    15.31    15.39    11.18    13.70    15.26    14.82    17.37    15.81    17.35    20.99    20.87
 2007     19.75    18.02    19.08    15.44    17.54    19.02    20.66    21.82    20.59    21.55    24.68    24.68
 2008     22.85    21.95    24.96    21.00    22.71    24.14    26.54    28.43    27.15    27.72    30.18    31.55
 2009     29.51    27.83    30.57    27.38    29.48    30.29    32.72    34.11    31.92    31.75    36.90    36.80
 2010     36.04    33.19    36.96    33.83    36.50    38.57    40.16    40.96    41.40    40.05    44.75    46.62
 2011     44.64    42.98    46.33    42.41    44.75    46.13    48.33    48.73    47.71    46.58    51.64    51.61
 2012     50.84    48.83    52.53    48.94    52.08    52.02


Identified model is: ( 0 , 1 , 1 )( 0 , 1 , 1 )_ 12

Initial parameter values:
     -0.4438     -0.3911

Arima Estimation (Levenberg-Marquardt):
Number of iterations:     2
Number of function evaluations:     7
Parameter     Estimate   Std. Error      T-ratio        Lag 
ma1            -0.4445       0.0781      -5.6940          1 
ma12           -0.4290       0.0797      -5.3803         12 

Residual standard error:     1.0426

Root          Real p.     Imag. p.      Modulus  Argument    Period 
rmaroot1       0.4445       0.0000       0.4445    0.0000       Inf 
smaroot1       0.4290       0.0000       0.4290    0.0000       Inf 


Correlations of the estimates:
Parameter          ma1         ma12 
ma1             1.0000      -0.1131 
ma12           -0.1131       1.0000 


Information criteria:    
AIC        941.8996 
BIC        947.7396 

Residuals:
    -0.510    0.521   -1.949    1.184   -0.724   -2.559   -0.865   -1.666    1.572   -2.010   -1.353   -1.876
     1.323    0.721   -2.459   -1.773    1.572    0.004    1.265    0.090    0.481   -0.095    1.257   -0.124
    -1.032   -0.421    0.518    1.100   -0.536   -0.382   -0.598   -0.204   -0.058   -0.956    0.218   -0.567
     1.802   -0.142    1.492   -0.527   -2.569    1.021    1.362   -2.420   -0.889   -0.009    0.770    1.384
     0.289    0.276   -0.317   -0.078    0.720    0.613    0.427    0.078    1.107    1.082   -0.982    0.173
     1.498   -2.042   -1.685    0.925    1.505    1.329    1.210    0.067   -0.962    1.115   -0.003    0.705
    -0.349   -0.342    0.077    0.340    0.538    2.596    0.040    0.140   -0.942   -0.267   -0.214   -0.507
     0.323    2.018    0.674    0.045    0.140    1.827    1.064    0.467   -0.605   -0.871    0.939    0.031
    -0.531    0.291    0.806    0.642   -0.291    0.666   -0.103   -0.943   -1.517    1.757   -0.116    1.057
    -0.934    0.843    0.728    1.014    1.463    0.154   -0.691    1.930   -0.786    0.238    1.696    0.008
     0.587    0.391   -0.473   -0.248   -0.361    0.232   -0.621   -0.780   -0.826    0.247   -1.108    0.399
     0.072    0.441    0.250    0.887   -1.146

Sample autocorrelations and partial autocorrelations:
Order     Autcor         SE    Q-stats       DF P-values     Parcor         SE 
1         0.0268     0.0854     0.1007        0     1.00     0.0268     0.0854 
2        -0.0905     0.0855     1.2571        0     1.00    -0.0913     0.0854 
3        -0.0132     0.0862     1.2819        1     0.26    -0.0082     0.0854 
4         0.1259     0.0862     3.5500        2     0.17     0.1193     0.0854 
5         0.0988     0.0875     4.9576        3     0.17     0.0919     0.0854 
6         0.0201     0.0883     5.0163        4     0.29     0.0374     0.0854 
7        -0.0807     0.0884     5.9703        5     0.31    -0.0656     0.0854 
8         0.0242     0.0889     6.0568        6     0.42     0.0189     0.0854 
9         0.0547     0.0890     6.5015        7     0.48     0.0203     0.0854 
10        0.1628     0.0892    10.4755        8     0.23     0.1543     0.0854 
11        0.0145     0.0914    10.5071        9     0.31     0.0290     0.0854 
12        0.0089     0.0914    10.5192       10     0.40     0.0427     0.0854 
13        0.0003     0.0914    10.5192       11     0.48    -0.0067     0.0854 
14        0.0198     0.0914    10.5796       12     0.57    -0.0272     0.0854 
15       -0.0222     0.0914    10.6563       13     0.64    -0.0559     0.0854 
16       -0.0739     0.0914    11.5162       14     0.65    -0.0915     0.0854 
17       -0.0828     0.0919    12.6039       15     0.63    -0.0766     0.0854 
18        0.0733     0.0924    13.4628       16     0.64     0.0599     0.0854 
19        0.1023     0.0928    15.1534       17     0.58     0.0998     0.0854 
20        0.0968     0.0937    16.6790       18     0.55     0.1172     0.0854 
21        0.0284     0.0944    16.8111       19     0.60     0.0761     0.0854 
22        0.0695     0.0945    17.6109       20     0.61     0.0810     0.0854 
23       -0.0175     0.0948    17.6622       21     0.67    -0.0574     0.0854 
24        0.0613     0.0949    18.2959       22     0.69     0.0215     0.0854 
25        0.0271     0.0951    18.4204       23     0.73     0.0119     0.0854 
26        0.0620     0.0952    19.0802       24     0.75     0.0907     0.0854 
27       -0.1857     0.0955    25.0520       25     0.46    -0.1696     0.0854 
28        0.1021     0.0981    26.8729       26     0.42     0.1051     0.0854 
29        0.1069     0.0989    28.8872       27     0.37     0.0373     0.0854 
30        0.1695     0.0997    33.9986       28     0.20     0.1386     0.0854 
31       -0.0659     0.1018    34.7793       29     0.21    -0.0771     0.0854 
32       -0.0757     0.1021    35.8197       30     0.21    -0.0983     0.0854 
33        0.0877     0.1025    37.2268       31     0.20     0.0521     0.0854 
34        0.0738     0.1031    38.2336       32     0.21    -0.0161     0.0854 
35        0.0861     0.1034    39.6192       33     0.20     0.1672     0.0854 
36       -0.0291     0.1040    39.7786       34     0.23     0.0215     0.0854 
_________
When DF is positive, P-values should be greater than 0.05
(at the 5 per cent level) for model adequacy

Pierce Qs:
Order    Qs-stat      DF  P-value 
1         0.0120       0     1.00 
2         0.6458       1     0.42 
3         0.8051       2     0.67 


Stable seasonality F-test based on residuals:
        DFn     DFd       stat  P-value 
F        11     126     0.6061     0.36 


Residual diagnostics:             
Sample size         137 
                
Median              0.0778 
Mean                0.0724 
Std of mean         0.0882 
T-value of mean     0.8211 

                           P-values 
Normality (BS)      2.5631     0.28 
Skewness           -0.3347     0.11 
Kurtosis            2.9689     0.94 

                            P-value 
Durbin-Watson       1.9357     0.71 
                   
Standard error         1.0426 
Sigma square           1.0870 
Residual variance      1.0659 
Residual std. dev.     1.0324 

Approximate test of runs on residuals:               
Number of runs       71 
Number of (+)        69 
Number of (-)        68 
              
T-value             0.2579 

Heteroscedasticity test:
         DF       stat  P-value 
H        46     0.4302     0.01 

Sample autocorrelations of squared residuals:
Order     Autcor         SE    Q-stats       DF P-values     Parcor         SE 
1         0.0872     0.0854     1.0636        1     0.30     0.0872     0.0854 
2         0.1231     0.0861     3.2021        2     0.20     0.1164     0.0854 
3         0.2515     0.0874    12.1884        3     0.01     0.2368     0.0854 
4         0.1994     0.0925    17.8786        4     0.00     0.1669     0.0854 
5         0.0294     0.0956    18.0033        5     0.00    -0.0399     0.0854 
6         0.0104     0.0956    18.0188        6     0.01    -0.0933     0.0854 
7         0.0575     0.0957    18.5028        7     0.01    -0.0311     0.0854 
8        -0.0067     0.0959    18.5095        8     0.02    -0.0334     0.0854 
9         0.0102     0.0959    18.5249        9     0.03     0.0344     0.0854 
10       -0.1163     0.0959    20.5513       10     0.02    -0.1154     0.0854 
11       -0.0925     0.0969    21.8442       11     0.03    -0.0982     0.0854 
12       -0.0510     0.0976    22.2404       12     0.03    -0.0308     0.0854 
13       -0.0169     0.0978    22.2843       13     0.05     0.0651     0.0854 
14       -0.1218     0.0978    24.5828       14     0.04    -0.0282     0.0854 
15       -0.1011     0.0989    26.1778       15     0.04    -0.0584     0.0854 
16       -0.0114     0.0996    26.1984       16     0.05    -0.0050     0.0854 
17       -0.0776     0.0997    27.1546       17     0.06    -0.0367     0.0854 
18       -0.0536     0.1001    27.6146       18     0.07     0.0173     0.0854 
19       -0.0343     0.1003    27.8044       19     0.09     0.0119     0.0854 
20        0.0023     0.1004    27.8053       20     0.11     0.0128     0.0854 
21        0.0326     0.1004    27.9798       21     0.14     0.0474     0.0854 
22        0.0594     0.1005    28.5643       22     0.16     0.0656     0.0854 
23       -0.0700     0.1007    29.3822       23     0.17    -0.0931     0.0854 
24        0.0579     0.1011    29.9475       24     0.19     0.0155     0.0854 
25        0.0980     0.1013    31.5804       25     0.17     0.0481     0.0854 
26        0.0830     0.1020    32.7612       26     0.17     0.0951     0.0854 
27        0.0121     0.1025    32.7867       27     0.20    -0.0006     0.0854 
28        0.1162     0.1025    35.1442       28     0.17     0.0426     0.0854 
29        0.1185     0.1035    37.6213       29     0.13     0.0273     0.0854 
30       -0.0366     0.1045    37.8600       30     0.15    -0.0871     0.0854 
31        0.0441     0.1045    38.2090       31     0.17     0.0009     0.0854 
32       -0.0377     0.1047    38.4664       32     0.20    -0.0871     0.0854 
33        0.0677     0.1048    39.3059       33     0.21     0.0627     0.0854 
34        0.0550     0.1051    39.8647       34     0.23     0.0932     0.0854 
35        0.0695     0.1053    40.7665       35     0.23     0.1160     0.0854 
36       -0.0856     0.1056    42.1480       36     0.22    -0.0903     0.0854 
_________
When DF is positive, P-values should be greater than 0.05
(at the 5 per cent level) for model adequacy
Elapsed time:     1.48

