Series:IPI
Number of observations:   52
 Year         I       II      III       IV
 1995    86.800   87.433   75.800   85.133
 1996    84.567   84.967   76.433   86.900
 1997    85.267   92.767   83.333   94.333
 1998    93.933   96.067   87.667   97.100
 1999    95.133   98.400   90.767  100.400
 2000   103.167  103.333   92.433  101.133
 2001   102.200  102.000   92.067   99.100
 2002    97.433  103.000   93.300  102.033
 2003   101.067  102.500   94.500  104.067
 2004   103.233  105.633   97.033  103.300
 2005   100.633  108.067   96.733  104.033
 2006   107.100  109.367   99.900  108.267
 2007   111.700  112.000  101.233  109.533

Series:GDP
Number of observations:   13
 1995    81.775
 1996    83.752
 1997    86.995
 1998    90.883
 1999    95.192
 2000   100.000
 2001   103.650
 2002   106.453
 2003   109.748
 2004   113.330
 2005   117.430
 2006   121.965
 2007   126.632

Estimation results:
Parameter           Estimate   Std. Error      T-ratio 
Sigma level 11        1.5343          NaN          NaN 
Sigma level 21        0.1383       0.0720       0.0000 
Sigma level 22       -0.0000       0.1322       0.0000 
Sigma slope 11        0.0731       0.0773       0.0000 
Sigma slope 21        0.0983       0.0218       0.0000 
Sigma slope 22       -0.0000       0.1232       0.0000 
Sigma seas. 11        0.0150       0.1399       0.0000 
Sigma seas. 21        0.0073       0.2110       0.0000 
Sigma seas. 22        0.0000          NaN          NaN 
Sigma irreg 11        0.8734       0.3321       0.0000 
Sigma irreg 21        0.0425       0.1347       0.0000 
Sigma irreg 22        0.0004       0.2454       0.0000 

Residual standard error:     2.0163
Residual standard error:     2.5777
Residual standard error:     3.0456
Residual standard error:     3.4557
Residual standard error:     0.5753
Parameter Sigma level 11  is concentrated out of the likelihood

Information criteria:    
AIC        412.2696 
BIC        418.4509 

Residuals:
     0.388    1.427    1.313   -0.430    4.414    1.292    0.948    1.393    0.377   -0.519    0.817   -0.480
     1.378   -1.119    0.059    1.206   -0.172    1.260    2.454   -1.601   -1.786   -1.425    0.863    0.494
    -1.958   -0.946   -2.328   -1.975   -1.596    2.323    0.303   -0.414   -1.890   -0.422   -0.734    1.086
     0.534    1.854   -0.303   -0.037    0.522   -2.202    0.164   -2.156    3.391   -0.896   -1.491    2.139
     2.304   -0.106   -0.182   -0.541   -0.479    2.630   -1.450   -1.401   -0.749    1.100

Sample autocorrelations and partial autocorrelations:
Order     Autcor         SE    Q-stats       DF P-values     Parcor         SE 
1         0.0529     0.1313     0.1709        0     1.00     0.0529     0.1313 
2         0.0137     0.1317     0.1825        0     1.00     0.0109     0.1313 
3        -0.0004     0.1317     0.1825        0     1.00    -0.0017     0.1313 
4         0.0769     0.1317     0.5637        1     0.45     0.0771     0.1313 
5         0.0714     0.1325     0.8985        2     0.64     0.0639     0.1313 
6         0.0806     0.1331     1.3337        3     0.72     0.0730     0.1313 
7         0.0282     0.1340     1.3882        4     0.85     0.0206     0.1313 
8         0.0467     0.1341     1.5398        5     0.91     0.0388     0.1313 
9        -0.0595     0.1344     1.7913        6     0.94    -0.0741     0.1313 
10       -0.1087     0.1348     2.6485        7     0.92    -0.1221     0.1313 
11        0.1154     0.1363     3.6338        8     0.89     0.1162     0.1313 
12       -0.0849     0.1380     4.1789        9     0.90    -0.1150     0.1313 
13        0.1615     0.1389     6.1971       10     0.80     0.1815     0.1313 
14        0.0161     0.1421     6.2176       11     0.86     0.0165     0.1313 
15       -0.0071     0.1421     6.2217       12     0.90    -0.0042     0.1313 
16       -0.1779     0.1421     8.8445       13     0.78    -0.1725     0.1313 
17       -0.0453     0.1459     9.0189       14     0.83    -0.0501     0.1313 
18        0.0021     0.1462     9.0193       15     0.88    -0.0036     0.1313 
19       -0.0088     0.1462     9.0262       16     0.91    -0.0626     0.1313 
20       -0.1957     0.1462    12.5333       17     0.77    -0.1738     0.1313 
21       -0.1169     0.1506    13.8177       18     0.74    -0.0755     0.1313 
22       -0.0348     0.1522    13.9350       19     0.79    -0.0124     0.1313 
23       -0.1504     0.1523    16.1843       20     0.71    -0.0778     0.1313 
24       -0.0822     0.1548    16.8752       21     0.72    -0.0811     0.1313 
25       -0.0325     0.1556    16.9863       22     0.76     0.0276     0.1313 
26       -0.0693     0.1557    17.5081       23     0.78    -0.1171     0.1313 
27       -0.0615     0.1562    17.9325       24     0.81     0.0067     0.1313 
28       -0.0775     0.1567    18.6296       25     0.81    -0.0775     0.1313 
29        0.0052     0.1573    18.6329       26     0.85     0.0762     0.1313 
30        0.1245     0.1573    20.5579       27     0.81     0.1401     0.1313 
31       -0.0031     0.1590    20.5591       28     0.84     0.0382     0.1313 
32        0.0602     0.1590    21.0446       29     0.86     0.0628     0.1313 
33        0.0028     0.1594    21.0457       30     0.89     0.0170     0.1313 
34       -0.0340     0.1594    21.2136       31     0.91     0.0187     0.1313 
35        0.0984     0.1595    22.6786       32     0.89     0.0983     0.1313 
36        0.0237     0.1606    22.7671       33     0.91    -0.0670     0.1313 
_________
When DF is positive, P-values should be greater than 0.05
(at the 5 per cent level) for model adequacy

Residual diagnostics:             
Sample size          58 
                
Median             -0.0715 
Mean                0.1145 
Std of mean         0.1956 
T-value of mean     0.5855 

                           P-values 
Normality (BS)      2.1853     0.34 
Skewness            0.4717     0.14 
Kurtosis            2.8809     0.85 

                            P-value 
Durbin-Watson       1.8837     0.66 
                   
Standard error         1.5343 
Sigma square           2.3542 
Residual variance      2.2193 
Residual std. dev.     1.4897 

Approximate test of runs on residuals:               
Number of runs       29 
Number of (+)        29 
Number of (-)        29 
              
T-value            -0.2649 

Heteroscedasticity test:
         DF       stat  P-value 
H        19     1.1411     0.78 

Sample autocorrelations of squared residuals:
Order     Autcor         SE    Q-stats       DF P-values     Parcor         SE 
1        -0.0372     0.1313     0.0844        1     0.77    -0.0372     0.1313 
2        -0.0670     0.1315     0.3636        2     0.83    -0.0685     0.1313 
3         0.0788     0.1321     0.7564        3     0.86     0.0740     0.1313 
4        -0.1612     0.1329     2.4306        4     0.66    -0.1620     0.1313 
5        -0.0722     0.1362     2.7733        5     0.73    -0.0741     0.1313 
6        -0.0336     0.1369     2.8486        6     0.83    -0.0692     0.1313 
7        -0.0765     0.1370     3.2478        7     0.86    -0.0707     0.1313 
8        -0.0573     0.1377     3.4763        8     0.90    -0.0918     0.1313 
9         0.0238     0.1382     3.5165        9     0.94    -0.0130     0.1313 
10       -0.1157     0.1382     4.4870       10     0.92    -0.1507     0.1313 
11       -0.0252     0.1399     4.5339       11     0.95    -0.0675     0.1313 
12       -0.0685     0.1400     4.8888       12     0.96    -0.1527     0.1313 
13       -0.1305     0.1405     6.2053       13     0.94    -0.1811     0.1313 
14        0.1002     0.1426     6.9995       14     0.93    -0.0110     0.1313 
15        0.0306     0.1438     7.0755       15     0.96    -0.0532     0.1313 
16        0.0375     0.1439     7.1920       16     0.97    -0.0270     0.1313 
17        0.0480     0.1441     7.3874       17     0.98    -0.0751     0.1313 
18       -0.0429     0.1444     7.5475       18     0.98    -0.1238     0.1313 
19       -0.0415     0.1446     7.7014       19     0.99    -0.1322     0.1313 
20        0.0640     0.1448     8.0764       20     0.99    -0.0388     0.1313 
21       -0.0549     0.1453     8.3599       21     0.99    -0.1403     0.1313 
22        0.0935     0.1456     9.2053       22     0.99     0.0201     0.1313 
23        0.0469     0.1467     9.4236       23     0.99    -0.0853     0.1313 
24        0.0395     0.1469     9.5829       24     1.00     0.0133     0.1313 
25        0.1207     0.1471    11.1199       25     0.99     0.0431     0.1313 
26        0.0060     0.1488    11.1238       26     1.00     0.0165     0.1313 
27       -0.0396     0.1488    11.2996       27     1.00    -0.0042     0.1313 
28        0.0328     0.1490    11.4243       28     1.00     0.0582     0.1313 
29       -0.0353     0.1491    11.5734       29     1.00     0.0113     0.1313 
30       -0.0648     0.1493    12.0961       30     1.00     0.0033     0.1313 
31       -0.0568     0.1498    12.5126       31     1.00    -0.0738     0.1313 
32       -0.0919     0.1501    13.6437       32     1.00    -0.0576     0.1313 
33        0.0153     0.1511    13.6762       33     1.00     0.0521     0.1313 
34       -0.0790     0.1511    14.5813       34     1.00    -0.0906     0.1313 
35       -0.0463     0.1518    14.9060       35     1.00    -0.0101     0.1313 
36       -0.0646     0.1521    15.5663       36     1.00    -0.1505     0.1313 
_________
When DF is positive, P-values should be greater than 0.05
(at the 5 per cent level) for model adequacy

Series: Interpolated GDP
Number of observations:   52
 Year         I       II      III       IV
 1995    82.014   83.600   78.012   83.474
 1996    83.685   85.349   80.125   85.851
 1997    86.218   88.625   83.584   89.553
 1998    90.177   92.353   87.508   93.492
 1999    94.142   96.553   91.945   98.130
 2000    99.262  101.512   96.624  102.601
 2001   103.404  105.344  100.181  105.671
 2002   105.972  108.145  102.991  108.702
 2003   109.227  111.265  106.336  112.162
 2004   112.715  114.868  109.994  115.743
 2005   116.396  119.099  114.172  120.053
 2006   121.104  123.434  118.648  124.673
 2007   125.843  128.105  123.274  129.308


Series: Root Mean Squared Errors: GDP
Number of observations:   52
 Year         I       II      III       IV
 1995     0.214    0.176    0.184    0.195
 1996     0.188    0.175    0.176    0.186
 1997     0.184    0.174    0.174    0.183
 1998     0.183    0.173    0.173    0.183
 1999     0.182    0.173    0.173    0.182
 2000     0.182    0.172    0.172    0.182
 2001     0.182    0.172    0.172    0.182
 2002     0.182    0.172    0.172    0.182
 2003     0.182    0.173    0.173    0.182
 2004     0.183    0.173    0.173    0.183
 2005     0.183    0.174    0.174    0.184
 2006     0.186    0.176    0.175    0.188
 2007     0.195    0.183    0.176    0.214

