Series:bjsales (starting year is 1012)
Number of observations:  138
    201.50   203.50   204.90   207.10   210.50   210.50
    209.80   208.80   209.50   213.20   213.70   215.10
    218.70   219.80   220.50   223.80   222.80   223.80
    221.70   222.30   220.80   219.40   220.10   220.60
    218.90   217.80   217.70   215.00   215.30   215.90
    216.70   216.70   217.70   218.70   222.90   224.90
    222.20   220.70   220.00   218.70   217.00   215.90
    215.80   214.10   212.30   213.90   214.60   213.60
    212.10   211.40   213.10   212.90   213.30   211.50
    212.30   213.00   211.00   210.70   210.10   211.40
    210.00   209.70   208.80   208.80   208.80   210.60
    211.90   212.80   212.50   214.80   215.30   217.50
    218.80   220.70   222.20   226.70   228.40   233.20
    235.70   237.10   240.60   243.80   245.30   246.00
    246.30   247.70   247.60   247.80   249.40   249.00
    249.90   250.50   251.50   249.00   247.60   248.80
    250.40   250.70   253.00   253.70   255.00   256.20
    256.00   257.40   260.40   260.00   261.30   260.40
    261.60   260.80   259.80   259.00   258.90   257.40
    257.70   257.90   257.40   257.30   257.60   258.90
    257.80   257.70   257.20   257.50   256.80   257.50
    257.00   257.60   257.30   257.50   259.60   261.10
    262.90   263.30   262.80   261.80   262.20   262.70


Identified model is: ( 0 , 1 , 1 )     with mean 

Initial parameter values:
     -0.4369

Arima Estimation (Levenberg-Marquardt):
Number of iterations:     2
Number of function evaluations:     5
Parameter     Estimate   Std. Error      T-ratio        Lag 
ma1            -0.4852       0.0884      -5.4894          1 

Residual standard error:     0.2353

Root          Real p.     Imag. p.      Modulus  Argument    Period 
rmaroot1       0.4852       0.0000       0.4852    0.0000       Inf 


Correlations of the estimates:
Parameter          ma1 
ma1             1.0000 

Parameter     Estimate   Std. Error    T-ratio 
mean           0.04665      0.01142       4.09 
inp1_3         4.72341      0.07241      65.23 
inp1_4         3.46494      0.07215      48.03 
inp1_5         2.35862      0.07191      32.80 
inp1_6         1.78505      0.07221      24.72 
inp1_7         1.23667      0.07311      16.92 
inp1_8         1.07030      0.07327      14.61 
inp1_9         0.74436      0.07217      10.31 
inp1_10        0.49535      0.07183       6.90 
inp1_11        0.42750      0.07249       5.90 
inp1_12        0.29197      0.07252       4.03 


Correlations of the regression estimates:
Parameter         mean       inp1_3       inp1_4       inp1_5       inp1_6       inp1_7 
mean            1.0000      -0.1100      -0.1076      -0.1066      -0.1042      -0.1025 
inp1_3         -0.1100       1.0000      -0.0020      -0.0465      -0.0243      -0.1302 
inp1_4         -0.1076      -0.0020       1.0000       0.0071      -0.0508      -0.0300 
inp1_5         -0.1066      -0.0465       0.0071       1.0000       0.0085      -0.0469 
inp1_6         -0.1042      -0.0243      -0.0508       0.0085       1.0000       0.0242 
inp1_7         -0.1025      -0.1302      -0.0300      -0.0469       0.0242       1.0000 
inp1_8         -0.1072       0.0236      -0.1300      -0.0349      -0.0407       0.0302 
inp1_9         -0.1226      -0.0520       0.0230      -0.1320      -0.0337      -0.0548 
inp1_10        -0.1207       0.0272      -0.0386       0.0133      -0.1389      -0.0408 
inp1_11        -0.1086      -0.0742       0.0353      -0.0369       0.0046      -0.1411 
inp1_12        -0.1085       0.0485      -0.0770       0.0382      -0.0420      -0.0037 
Parameter       inp1_8       inp1_9      inp1_10      inp1_11      inp1_12 
mean           -0.1072      -0.1226      -0.1207      -0.1086      -0.1085 
inp1_3          0.0236      -0.0520       0.0272      -0.0742       0.0485 
inp1_4         -0.1300       0.0230      -0.0386       0.0353      -0.0770 
inp1_5         -0.0349      -0.1320       0.0133      -0.0369       0.0382 
inp1_6         -0.0407      -0.0337      -0.1389       0.0046      -0.0420 
inp1_7          0.0302      -0.0548      -0.0408      -0.1411      -0.0037 
inp1_8          1.0000       0.0286      -0.0633      -0.0515      -0.1407 
inp1_9          0.0286       1.0000       0.0408      -0.0558      -0.0488 
inp1_10        -0.0633       0.0408       1.0000       0.0431      -0.0488 
inp1_11        -0.0515      -0.0558       0.0431       1.0000       0.0449 
inp1_12        -0.1407      -0.0488      -0.0488       0.0449       1.0000 


Information criteria:    
AIC        541.0723 
BIC        576.1121 

Residuals:
     0.203    0.171   -0.017    0.169   -0.048   -0.022    0.089    0.362   -0.043   -0.216    0.374    0.121
     0.170    0.524   -0.420    0.312    0.227   -0.123   -0.200   -0.360   -0.166    0.132    0.371    0.283
    -0.204   -0.416   -0.077   -0.024   -0.350   -0.348   -0.108    0.200   -0.121    0.255   -0.222   -0.099
    -0.150   -0.089   -0.455    0.169   -0.143   -0.075    0.087    0.098   -0.085    0.305   -0.247    0.069
    -0.384    0.178   -0.073   -0.581   -0.235    0.120   -0.396   -0.285   -0.254    0.351    0.213    0.163
    -0.243   -0.063   -0.376    0.434    0.248    0.125   -0.141   -0.493    0.319    0.068    0.245    0.075
    -0.446   -0.013    0.193    0.047    0.089    0.226    0.007    0.432   -0.004   -0.416    0.022    0.059
     0.007   -0.003    0.013    0.083    0.040    0.171    0.157   -0.222   -0.109   -0.338    0.396    0.130
    -0.022    0.405   -0.303    0.038   -0.007    0.162    0.188    0.021    0.315   -0.261   -0.230   -0.277
     0.089   -0.177   -0.135   -0.142   -0.354    0.027    0.108   -0.002    0.159   -0.047   -0.119    0.239
    -0.381    0.195    0.106    0.137    0.027   -0.240

Sample autocorrelations and partial autocorrelations:
Order     Autcor         SE    Q-stats       DF P-values     Parcor         SE 
1        -0.0005     0.0891     0.0000        0     1.00    -0.0005     0.0891 
2        -0.0243     0.0891     0.0766        1     0.78    -0.0243     0.0891 
3        -0.0759     0.0891     0.8327        2     0.66    -0.0760     0.0891 
4        -0.1000     0.0897     2.1539        3     0.54    -0.1014     0.0891 
5         0.1502     0.0905     5.1626        4     0.27     0.1478     0.0891 
6         0.0969     0.0925     6.4243        5     0.27     0.0902     0.0891 
7        -0.0381     0.0933     6.6210        6     0.36    -0.0490     0.0891 
8        -0.0059     0.0934     6.6258        7     0.47     0.0080     0.0891 
9        -0.0659     0.0934     7.2249        8     0.51    -0.0246     0.0891 
10        0.1531     0.0938    10.4853        9     0.31     0.1505     0.0891 
11        0.0673     0.0958    11.1208       10     0.35     0.0338     0.0891 
12        0.0037     0.0961    11.1227       11     0.43     0.0028     0.0891 
13       -0.0709     0.0961    11.8412       12     0.46    -0.0563     0.0891 
14        0.0510     0.0965    12.2158       13     0.51     0.1067     0.0891 
15       -0.0255     0.0968    12.3103       14     0.58    -0.0507     0.0891 
16        0.0401     0.0968    12.5465       15     0.64    -0.0131     0.0891 
17       -0.1170     0.0969    14.5707       16     0.56    -0.1329     0.0891 
18        0.0033     0.0981    14.5724       17     0.63     0.0384     0.0891 
19        0.0236     0.0981    14.6566       18     0.69     0.0238     0.0891 
20        0.1151     0.0981    16.6717       19     0.61     0.0871     0.0891 
_________
When DF is positive, P-values should be greater than 0.05
(at the 5 per cent level) for model adequacy

Residual diagnostics:             
Sample size         126 
                
Median              0.0068 
Mean               -0.0086 
Std of mean         0.0209 
T-value of mean    -0.4128 

                           P-values 
Normality (BS)      2.4441     0.29 
Skewness           -0.1657     0.45 
Kurtosis            2.4036     0.17 

                            P-value 
Durbin-Watson       1.9867     0.94 
                   
Standard error         0.2353 
Sigma square           0.0554 
Residual variance      0.0548 
Residual std. dev.     0.2342 

Approximate test of runs on residuals:               
Number of runs       60 
Number of (+)        63 
Number of (-)        63 
              
T-value            -0.7156 

Heteroscedasticity test:
         DF       stat  P-value 
H        42     0.6552     0.17 

Sample autocorrelations of squared residuals:
Order     Autcor         SE    Q-stats       DF P-values     Parcor         SE 
1        -0.0062     0.0891     0.0050        1     0.94    -0.0062     0.0891 
2        -0.1071     0.0891     1.4965        2     0.47    -0.1071     0.0891 
3         0.1492     0.0901     4.4161        3     0.22     0.1495     0.0891 
4         0.0032     0.0920     4.4175        4     0.35    -0.0089     0.0891 
5         0.0453     0.0920     4.6907        5     0.45     0.0799     0.0891 
6         0.0552     0.0922     5.1008        6     0.53     0.0322     0.0891 
7        -0.0269     0.0925     5.1988        7     0.64    -0.0134     0.0891 
8        -0.1125     0.0925     6.9292        8     0.54    -0.1261     0.0891 
9         0.0988     0.0936     8.2753        9     0.51     0.0877     0.0891 
10       -0.0116     0.0945     8.2939       10     0.60    -0.0407     0.0891 
11       -0.0833     0.0945     9.2666       11     0.60    -0.0327     0.0891 
12        0.0823     0.0950    10.2252       12     0.60     0.0549     0.0891 
13        0.0537     0.0956    10.6371       13     0.64     0.0684     0.0891 
14       -0.0379     0.0958    10.8444       14     0.70    -0.0144     0.0891 
15        0.0614     0.0960    11.3925       15     0.72     0.0527     0.0891 
16        0.1343     0.0963    14.0381       16     0.60     0.1179     0.0891 
17       -0.0864     0.0978    15.1420       17     0.59    -0.0650     0.0891 
18       -0.0188     0.0984    15.1950       18     0.65    -0.0367     0.0891 
19       -0.0168     0.0984    15.2373       19     0.71    -0.0804     0.0891 
20       -0.1959     0.0984    21.0787       20     0.39    -0.1783     0.0891 
_________
When DF is positive, P-values should be greater than 0.05
(at the 5 per cent level) for model adequacy

Second Round of the Program:


Arima Estimation (Levenberg-Marquardt):
Number of iterations:     2
Number of function evaluations:    13
Parameter     Estimate   Std. Error      T-ratio        Lag 
ma1            -0.6146       0.0698      -8.8082          1 
omg13           4.7112       0.0626      75.2524          1 
omg14           0.0257       0.0870       0.2957          1 
omg15          -0.1762       0.0862      -2.0445          1 
del11          -0.7353       0.0065    -113.1898          1 

Residual standard error:     0.2121

Root           Real p.     Imag. p.      Modulus  Argument    Period 
rmaroot1        0.6146       0.0000       0.6146    0.0000       Inf 
omgroot11      -0.1961       0.0000       0.1961   -0.0000       Inf 
omgroot12       0.1907       0.0000       0.1907    0.0000       Inf 
delroot11       0.7353       0.0000       0.7353    0.0000       Inf 


Correlations of the estimates:
Parameter          ma1        omg13        omg14        omg15        del11 
ma1             1.0000       0.0673      -0.0815      -0.1616      -0.1962 
omg13           0.0673       1.0000      -0.6137      -0.0790      -0.0726 
omg14          -0.0815      -0.6137       1.0000      -0.1680       0.3744 
omg15          -0.1616      -0.0790      -0.1680       1.0000       0.6894 
del11          -0.1962      -0.0726       0.3744       0.6894       1.0000 

Parameter     Estimate   Std. Error    T-ratio 
mean           0.03292      0.00677       4.86 


Correlations of the regression estimates:
Parameter         mean 
mean            1.0000 


Information criteria:    
AIC        563.7442 
BIC        581.7678 

Residuals:
     0.001    0.002    0.002   -0.068    0.106    0.068    0.132   -0.158   -0.396    0.071    0.196    0.211
    -0.077   -0.096    0.079   -0.159   -0.039   -0.174   -0.187    0.343    0.098    0.167    0.129    0.024
    -0.181    0.016   -0.042    0.123    0.177    0.324    0.075   -0.217    0.291   -0.011    0.169    0.358
    -0.395    0.245    0.408   -0.043   -0.088   -0.200   -0.215    0.080    0.401    0.425   -0.078   -0.122
     0.035    0.119   -0.223   -0.289   -0.121    0.168   -0.295    0.016   -0.247   -0.032   -0.087   -0.006
    -0.331    0.259   -0.033    0.098    0.246    0.194   -0.081    0.462   -0.097    0.234   -0.353    0.192
    -0.048   -0.487   -0.236    0.036   -0.326   -0.272   -0.231    0.249    0.277    0.284   -0.072   -0.020
    -0.283    0.310    0.200    0.059   -0.128   -0.596    0.265   -0.079    0.230    0.037   -0.465   -0.231
     0.081   -0.193   -0.131    0.041   -0.152    0.152   -0.153   -0.483   -0.097   -0.021   -0.041    0.042
    -0.082    0.050   -0.018    0.138    0.082   -0.057    0.014   -0.257    0.369    0.168   -0.070    0.427
    -0.289    0.053    0.001    0.204    0.056    0.023    0.260   -0.154   -0.327   -0.264    0.090   -0.093
    -0.083   -0.027   -0.248    0.017    0.211    0.051    0.211   -0.076   -0.040    0.231   -0.282    0.167
     0.175    0.217    0.145   -0.116

Sample autocorrelations and partial autocorrelations:
Order     Autcor         SE    Q-stats       DF P-values     Parcor         SE 
1         0.0228     0.0822     0.0783        0     1.00     0.0228     0.0822 
2        -0.0177     0.0822     0.1257        0     1.00    -0.0182     0.0822 
3        -0.0499     0.0823     0.5073        0     1.00    -0.0491     0.0822 
4        -0.0846     0.0825     1.6099        0     1.00    -0.0829     0.0822 
5         0.1381     0.0831     4.5698        0     1.00     0.1412     0.0822 
6         0.0784     0.0846     5.5313        1     0.02     0.0684     0.0822 
7        -0.0743     0.0851     6.4000        2     0.04    -0.0848     0.0822 
8        -0.0123     0.0855     6.4240        3     0.09    -0.0015     0.0822 
9        -0.1079     0.0855     8.2834        4     0.08    -0.0807     0.0822 
10        0.0601     0.0864     8.8646        5     0.11     0.0534     0.0822 
11       -0.0574     0.0867     9.3981        6     0.15    -0.0998     0.0822 
12       -0.0768     0.0870    10.3608        7     0.17    -0.0690     0.0822 
13       -0.1347     0.0874    13.3459        8     0.10    -0.1374     0.0822 
14        0.0245     0.0888    13.4458        9     0.14     0.0577     0.0822 
15       -0.0106     0.0889    13.4645       10     0.20    -0.0395     0.0822 
16        0.0615     0.0889    14.1003       11     0.23     0.0403     0.0822 
17       -0.0843     0.0892    15.3047       12     0.23    -0.0792     0.0822 
18        0.0912     0.0897    16.7257       13     0.21     0.1433     0.0822 
19        0.0814     0.0903    17.8666       14     0.21     0.0881     0.0822 
20       -0.0074     0.0908    17.8761       15     0.27    -0.0459     0.0822 
_________
When DF is positive, P-values should be greater than 0.05
(at the 5 per cent level) for model adequacy

Residual diagnostics:             
Sample size         148 
                
Median              0.0014 
Mean               -0.0000 
Std of mean         0.0171 
T-value of mean    -0.0026 

                           P-values 
Normality (BS)      1.0405     0.59 
Skewness           -0.1720     0.39 
Kurtosis            2.7755     0.58 

                            P-value 
Durbin-Watson       1.9524     0.77 
                   
Standard error         0.2121 
Sigma square           0.0450 
Residual variance      0.0435 
Residual std. dev.     0.2085 

Approximate test of runs on residuals:               
Number of runs       79 
Number of (+)        74 
Number of (-)        74 
              
T-value             0.6598 

Heteroscedasticity test:
         DF       stat  P-value 
H        49     0.8495     0.57 

Sample autocorrelations of squared residuals:
Order     Autcor         SE    Q-stats       DF P-values     Parcor         SE 
1         0.0250     0.0822     0.0945        1     0.76     0.0250     0.0822 
2        -0.1253     0.0823     2.4830        2     0.29    -0.1260     0.0822 
3         0.1100     0.0835     4.3366        3     0.23     0.1187     0.0822 
4        -0.0048     0.0845     4.3402        4     0.36    -0.0296     0.0822 
5         0.0051     0.0845     4.3443        5     0.50     0.0370     0.0822 
6         0.0725     0.0845     5.1654        6     0.52     0.0548     0.0822 
7        -0.0087     0.0849     5.1774        7     0.64    -0.0054     0.0822 
8        -0.0069     0.0849     5.1848        8     0.74     0.0062     0.0822 
9         0.2068     0.0849    12.0152        9     0.21     0.1977     0.0822 
10       -0.0183     0.0883    12.0690       10     0.28    -0.0357     0.0822 
11       -0.0810     0.0883    13.1311       11     0.28    -0.0300     0.0822 
12       -0.0514     0.0888    13.5630       12     0.33    -0.1073     0.0822 
13        0.1364     0.0890    16.6233       13     0.22     0.1539     0.0822 
14        0.0231     0.0904    16.7116       14     0.27    -0.0102     0.0822 
15       -0.0913     0.0904    18.1043       15     0.26    -0.0687     0.0822 
16        0.1975     0.0911    24.6644       16     0.08     0.1984     0.0822 
17       -0.0435     0.0939    24.9852       17     0.10    -0.0848     0.0822 
18       -0.0837     0.0940    26.1828       18     0.10    -0.0571     0.0822 
19       -0.0000     0.0946    26.1828       19     0.13    -0.0574     0.0822 
20       -0.1244     0.0946    28.8647       20     0.09    -0.1107     0.0822 
_________
When DF is positive, P-values should be greater than 0.05
(at the 5 per cent level) for model adequacy
Elapsed time:     0.46

