Series:bjsgairl
Number of observations:  144
 Year       Jan      Feb      Mar      Apr      May      Jun      Jul      Aug      Sep      Oct      Nov      Dec
 1949   112.000  118.000  132.000  129.000  121.000  135.000  148.000  148.000  136.000  119.000  104.000  118.000
 1950   115.000  126.000  141.000  135.000  125.000  149.000  170.000  170.000  158.000  133.000  114.000  140.000
 1951   145.000  150.000  178.000  163.000  172.000  178.000  199.000  199.000  184.000  162.000  146.000  166.000
 1952   171.000  180.000  193.000  181.000  183.000  218.000  230.000  242.000  209.000  191.000  172.000  194.000
 1953   196.000  196.000  236.000  235.000  229.000  243.000  264.000  272.000  237.000  211.000  180.000  201.000
 1954   204.000  188.000  235.000  227.000  234.000  264.000  302.000  293.000  259.000  229.000  203.000  229.000
 1955   242.000  233.000  267.000  269.000  270.000  315.000  364.000  347.000  312.000  274.000  237.000  278.000
 1956   284.000  277.000  317.000  313.000  318.000  374.000  413.000  405.000  355.000  306.000  271.000  306.000
 1957   315.000  301.000  356.000  348.000  355.000  422.000  465.000  467.000  404.000  347.000  305.000  336.000
 1958   340.000  318.000  362.000  348.000  363.000  435.000  491.000  505.000  404.000  359.000  310.000  337.000
 1959   360.000  342.000  406.000  396.000  420.000  472.000  548.000  559.000  463.000  407.000  362.000  405.000
 1960   417.000  391.000  419.000  461.000  472.000  535.000  622.000  606.000  508.000  461.000  390.000  432.000

Logs of the series:
Number of observations:  144
 Year       Jan      Feb      Mar      Apr      May      Jun      Jul      Aug      Sep      Oct      Nov      Dec
 1949     4.718      NaN      NaN      NaN      NaN      NaN      NaN    4.997    4.913    4.779    4.644    4.771
 1950     4.745    4.836    4.949    4.905    4.828    5.004    5.136      NaN    5.063    4.890    4.736    4.942
 1951     4.977    5.011    5.182    5.094    5.147    5.182    5.293    5.293    5.215    5.088    4.984    5.112
 1952     5.142    5.193    5.263    5.198    5.209    5.384    5.438    5.489    5.342    5.252    5.147    5.268
 1953     5.278    5.278    5.464    5.460    5.434    5.493    5.576    5.606    5.468    5.352    5.193    5.303
 1954     5.318    5.236    5.460    5.425    5.455    5.576    5.710    5.680    5.557    5.434    5.313    5.434
 1955     5.489    5.451    5.587    5.595    5.598    5.753    5.897    5.849    5.743    5.613    5.468    5.628
 1956     5.649    5.624    5.759    5.746    5.762    5.924    6.023    6.004    5.872    5.724    5.602    5.724
 1957     5.753    5.707    5.875    5.852    5.872    6.045    6.142    6.146    6.001    5.849    5.720    5.817
 1958     5.829    5.762    5.892    5.852    5.894    6.075    6.196    6.225    6.001    5.883    5.737    5.820
 1959     5.886    5.835    6.006    5.981    6.040    6.157    6.306    6.326    6.138    6.009    5.892    6.004
 1960     6.033    5.969    6.038    6.133    6.157    6.282    6.433    6.407    6.230    6.133    5.966    6.068

Estimation results:
Parameter        Estimate   Std. Error      T-ratio 
Sigma irreg.       0.0169          NaN          NaN 
Sigma level        0.0166       0.3086       3.2062 
Sigma seaso.      -0.0019       0.0423      -2.7007 
Parameter Sigma irreg. is concentrated out of the likelihood

Correlations of the estimates:
Parameter     Sigma level Sigma seaso. 
Sigma level        1.0000      -0.7316 
Sigma seaso.      -0.7316       1.0000 


Coefficient of determination R_S^2     -0.0674
Prediction error variance               0.0015
Residual standard error                 0.0382

Regression parameters:
Parameter     Estimate   Std. Error    T-ratio 
slope          0.00969      0.00140       6.91 


Correlations of the regression estimates:
Parameter        slope 
slope           1.0000 

Interpolated value     Estimate   Std. Error 
interp. 2               4.75750      0.08913 
interp. 3               4.87762      0.09076 
interp. 4               4.82132      0.09280 
interp. 5               4.78641      0.09130 
interp. 6               4.91452      0.08893 
interp. 7               5.01769      0.08431 
interp. 20              5.12932      0.06841 

Interpolated value (levels)     Estimate   Std. Error 
interp. 2                      116.91787    109.01949 
interp. 3                      131.85946    143.81070 
interp. 4                      124.66436    134.40703 
interp. 5                      120.37142    121.28615 
interp. 6                      136.79371    148.55957 
interp. 7                      151.59917    163.93250 
interp. 20                     169.29720    134.42868 


Information criteria:    
AIC         49.8939 
BIC         58.4027 

Residuals:
     0.000    0.019   -0.009   -0.013    0.025    0.035   -0.002    0.025   -0.002    0.054   -0.024   -0.018
     0.006   -0.003    0.015    0.027   -0.002    0.007    0.008   -0.029   -0.007    0.000    0.040   -0.006
     0.023   -0.016    0.015    0.021   -0.001   -0.002   -0.024    0.026    0.043    0.011   -0.026   -0.009
    -0.001   -0.008   -0.004   -0.020   -0.019   -0.010   -0.050    0.007    0.006    0.020    0.024    0.033
    -0.007   -0.004   -0.005    0.002    0.001    0.014    0.008   -0.020    0.012    0.005    0.026    0.030
    -0.002    0.007   -0.000   -0.008    0.014    0.001    0.006   -0.006   -0.001    0.008    0.021    0.001
     0.006   -0.003   -0.012    0.002   -0.007   -0.002   -0.007    0.007    0.001    0.007    0.018    0.004
     0.015   -0.001   -0.007   -0.004   -0.017   -0.016   -0.020   -0.023   -0.020    0.003    0.012    0.015
     0.024   -0.027   -0.004   -0.012   -0.023    0.006    0.001    0.012    0.008    0.019   -0.012    0.011
     0.010    0.001   -0.000    0.006    0.010   -0.004   -0.006   -0.042    0.033    0.011   -0.002    0.010
    -0.014   -0.002    0.012   -0.011   -0.009

Sample autocorrelations and partial autocorrelations:
Order     Autcor         SE    Q-stats       DF P-values     Parcor         SE 
1         0.1061     0.0894     1.4422        0     1.00     0.1061     0.0894 
2         0.0560     0.0904     1.8466        0     1.00     0.0452     0.0894 
3        -0.0635     0.0907     2.3718        1     0.12    -0.0750     0.0894 
4        -0.0975     0.0911     3.6183        2     0.16    -0.0875     0.0894 
5         0.0192     0.0919     3.6672        3     0.30     0.0467     0.0894 
6        -0.0195     0.0919     3.7180        4     0.45    -0.0203     0.0894 
7        -0.0810     0.0920     4.6013        5     0.47    -0.0961     0.0894 
8         0.0092     0.0925     4.6128        6     0.59     0.0259     0.0894 
9         0.1096     0.0925     6.2580        7     0.51     0.1265     0.0894 
10       -0.0563     0.0936     6.6959        8     0.57    -0.1044     0.0894 
11        0.0325     0.0939     6.8426        9     0.65     0.0194     0.0894 
12        0.0044     0.0939     6.8454       10     0.74     0.0411     0.0894 
13        0.0806     0.0939     7.7670       11     0.73     0.0857     0.0894 
14        0.0715     0.0945     8.4975       12     0.75     0.0194     0.0894 
15        0.0485     0.0949     8.8374       13     0.79     0.0503     0.0894 
16       -0.1358     0.0951    11.5232       14     0.64    -0.1275     0.0894 
17        0.0044     0.0967    11.5260       15     0.71     0.0341     0.0894 
18       -0.0247     0.0967    11.6162       16     0.77    -0.0088     0.0894 
19       -0.1069     0.0967    13.3286       17     0.71    -0.1063     0.0894 
20       -0.0817     0.0977    14.3376       18     0.71    -0.0922     0.0894 
21        0.0024     0.0982    14.3385       19     0.76     0.0710     0.0894 
22       -0.0193     0.0982    14.3956       20     0.81    -0.0556     0.0894 
23        0.2317     0.0982    22.7491       21     0.36     0.1981     0.0894 
24        0.0327     0.1025    22.9172       22     0.41    -0.0169     0.0894 
25        0.0274     0.1026    23.0362       23     0.46     0.0441     0.0894 
26        0.0828     0.1027    24.1367       24     0.45     0.0434     0.0894 
27       -0.0134     0.1032    24.1660       25     0.51     0.0215     0.0894 
28       -0.0829     0.1032    25.2907       26     0.50    -0.1202     0.0894 
29       -0.0694     0.1037    26.0869       27     0.51    -0.0072     0.0894 
30       -0.0894     0.1041    27.4223       28     0.50    -0.0466     0.0894 
31       -0.0336     0.1047    27.6132       29     0.54    -0.0048     0.0894 
32        0.0941     0.1048    29.1239       30     0.51     0.0274     0.0894 
33       -0.1701     0.1055    34.1165       31     0.32    -0.1324     0.0894 
34       -0.0168     0.1076    34.1658       32     0.36    -0.0212     0.0894 
35       -0.0043     0.1077    34.1690       33     0.41     0.0093     0.0894 
36        0.0238     0.1077    34.2704       34     0.45    -0.0333     0.0894 
_________
When DF is positive, P-values should be greater than 0.05
(at the 5 per cent level) for model adequacy

Residual diagnostics:             
Sample size         125 
                
Median              0.0006 
Mean                0.0020 
Std of mean         0.0015 
T-value of mean     1.3172 

                           P-values 
Normality (BS)      3.3402     0.19 
Skewness            0.0962     0.66 
Kurtosis            3.7774     0.08 

                            P-value 
Durbin-Watson       1.7854     0.23 
                   
Standard error         0.0382 
Sigma square           0.0015 
Residual variance      0.0003 
Residual std. dev.     0.0166 

Approximate test of runs on residuals:               
Number of runs       53 
Number of (+)        63 
Number of (-)        62 
              
T-value            -1.8853 

Heteroscedasticity test:
         DF       stat  P-value 
H        42     0.5536     0.06 

Sample autocorrelations of squared residuals:
Order     Autcor         SE    Q-stats       DF P-values     Parcor         SE 
1         0.0499     0.0894     0.3190        1     0.57     0.0499     0.0894 
2         0.0397     0.0897     0.5225        2     0.77     0.0373     0.0894 
3        -0.0444     0.0898     0.7785        3     0.85    -0.0483     0.0894 
4         0.0293     0.0900     0.8911        4     0.93     0.0326     0.0894 
5         0.0797     0.0901     1.7305        5     0.89     0.0808     0.0894 
6        -0.0532     0.0906     2.1079        6     0.91    -0.0667     0.0894 
7        -0.0847     0.0909     3.0727        7     0.88    -0.0838     0.0894 
8         0.0601     0.0915     3.5632        8     0.89     0.0831     0.0894 
9        -0.0963     0.0918     4.8335        9     0.85    -0.1099     0.0894 
10        0.2470     0.0926    13.2526       10     0.21     0.2502     0.0894 
11       -0.0091     0.0977    13.2641       11     0.28    -0.0156     0.0894 
12        0.0540     0.0978    13.6741       12     0.32     0.0350     0.0894 
13        0.1457     0.0980    16.6834       13     0.21     0.1666     0.0894 
14       -0.0710     0.0997    17.4043       14     0.24    -0.1167     0.0894 
15        0.1197     0.1001    19.4717       15     0.19     0.1103     0.0894 
16       -0.0012     0.1013    19.4719       16     0.24     0.0077     0.0894 
17        0.1006     0.1013    20.9590       17     0.23     0.1284     0.0894 
18        0.0148     0.1020    20.9915       18     0.28    -0.0512     0.0894 
19       -0.0687     0.1021    21.6974       19     0.30     0.0127     0.0894 
20        0.0669     0.1024    22.3739       20     0.32     0.0231     0.0894 
21       -0.0192     0.1028    22.4303       21     0.38    -0.0602     0.0894 
22       -0.0339     0.1028    22.6078       22     0.42     0.0083     0.0894 
23        0.2165     0.1029    29.9057       23     0.15     0.1562     0.0894 
24       -0.0290     0.1065    30.0378       24     0.18     0.0185     0.0894 
25        0.0962     0.1065    31.5077       25     0.17     0.0016     0.0894 
26       -0.0432     0.1072    31.8071       26     0.20    -0.0101     0.0894 
27        0.1057     0.1074    33.6186       27     0.18     0.0704     0.0894 
28       -0.0012     0.1082    33.6188       28     0.21    -0.0967     0.0894 
29       -0.0974     0.1082    35.1872       29     0.20    -0.0528     0.0894 
30       -0.0822     0.1089    36.3168       30     0.20    -0.1095     0.0894 
31       -0.0182     0.1094    36.3724       31     0.23     0.0095     0.0894 
32       -0.0126     0.1094    36.3994       32     0.27     0.0170     0.0894 
33        0.1976     0.1094    43.1358       33     0.11     0.1094     0.0894 
34       -0.0829     0.1123    44.3347       34     0.11    -0.0608     0.0894 
35       -0.0274     0.1127    44.4670       35     0.13    -0.1015     0.0894 
36       -0.0005     0.1128    44.4671       36     0.16     0.0128     0.0894 
_________
When DF is positive, P-values should be greater than 0.05
(at the 5 per cent level) for model adequacy
