Series:btozone3
Number of observations:  216
 Year       Jan      Feb      Mar      Apr      May      Jun      Jul      Aug      Sep      Oct      Nov      Dec
 1955      2.70      NaN     3.60     5.00     6.50     6.10     5.90     5.00     6.40     7.40     8.20     3.90
 1956      4.10     4.50     5.50     3.80     4.80     5.60     6.30     5.90     8.70     5.30     5.70     5.70
 1957      3.00     3.40     4.90     4.50     4.00     5.70     6.30     7.10     8.00      NaN      NaN      NaN
 1958       NaN      NaN      NaN      NaN     4.10     4.60     4.40     4.20     5.10     4.60     4.40     4.00
 1959      2.90     2.40     4.70     5.10     4.00     7.50     7.70     6.30     5.30     5.70     4.80     2.70
 1960      1.70     2.00     3.40     4.00     4.30     5.00     5.50     5.00     5.40     3.80     2.40     2.00
 1961      2.20     2.50     2.60     3.30     2.90     4.30     4.20     4.20     3.90     3.90     2.50     2.20
 1962      2.40     1.90     2.10     4.50     3.30     3.40     4.10     5.70     4.80     5.00     2.80     2.90
 1963      1.70     3.20     2.70     3.00     3.40     3.80     5.00     4.80     4.90     3.50     2.50     2.40
 1964      1.60     2.30     2.50     3.10     3.50     4.50     5.70     5.00     4.60     4.80     2.10     1.40
 1965      2.10     2.90     2.70     4.20     3.90     4.10     4.60     5.80     4.40     6.10     3.50     1.90
 1966      1.80     1.90     3.70     4.40     3.80     5.60     5.70     5.10     5.60     4.80     2.50     1.50
 1967      1.80     2.50     2.60     1.80     3.70     3.70     4.90     5.10     3.70     5.40     3.00     1.80
 1968      2.10     2.60     2.80     3.20     3.50     3.50     4.90     4.20     4.70     3.70     3.20     1.80
 1969      2.00     1.70     2.80     3.20     4.40     3.40     3.90     5.50     3.80     3.20     2.30     2.20
 1970      1.30     2.30     2.70     3.30     3.70     3.00     3.80     4.70     4.60     2.90     1.70     1.30
 1971      1.80     2.00     2.20     3.00     2.40     3.50     3.50     3.30     2.70     2.50     1.60     1.20
 1972      1.50     2.00     3.10     3.00     3.50     3.40     4.00     3.80      NaN     2.10     1.60     1.30

Series:btozone3 with missing values filled
Number of observations:  216
 Year       Jan      Feb      Mar      Apr      May      Jun      Jul      Aug      Sep      Oct      Nov      Dec
 1955      2.70     5.52     3.60     5.00     6.50     6.10     5.90     5.00     6.40     7.40     8.20     3.90
 1956      4.10     4.50     5.50     3.80     4.80     5.60     6.30     5.90     8.70     5.30     5.70     5.70
 1957      3.00     3.40     4.90     4.50     4.00     5.70     6.30     7.10     8.00     4.67     4.67     4.67
 1958      4.67     4.67     4.67     4.67     4.10     4.60     4.40     4.20     5.10     4.60     4.40     4.00
 1959      2.90     2.40     4.70     5.10     4.00     7.50     7.70     6.30     5.30     5.70     4.80     2.70
 1960      1.70     2.00     3.40     4.00     4.30     5.00     5.50     5.00     5.40     3.80     2.40     2.00
 1961      2.20     2.50     2.60     3.30     2.90     4.30     4.20     4.20     3.90     3.90     2.50     2.20
 1962      2.40     1.90     2.10     4.50     3.30     3.40     4.10     5.70     4.80     5.00     2.80     2.90
 1963      1.70     3.20     2.70     3.00     3.40     3.80     5.00     4.80     4.90     3.50     2.50     2.40
 1964      1.60     2.30     2.50     3.10     3.50     4.50     5.70     5.00     4.60     4.80     2.10     1.40
 1965      2.10     2.90     2.70     4.20     3.90     4.10     4.60     5.80     4.40     6.10     3.50     1.90
 1966      1.80     1.90     3.70     4.40     3.80     5.60     5.70     5.10     5.60     4.80     2.50     1.50
 1967      1.80     2.50     2.60     1.80     3.70     3.70     4.90     5.10     3.70     5.40     3.00     1.80
 1968      2.10     2.60     2.80     3.20     3.50     3.50     4.90     4.20     4.70     3.70     3.20     1.80
 1969      2.00     1.70     2.80     3.20     4.40     3.40     3.90     5.50     3.80     3.20     2.30     2.20
 1970      1.30     2.30     2.70     3.30     3.70     3.00     3.80     4.70     4.60     2.90     1.70     1.30
 1971      1.80     2.00     2.20     3.00     2.40     3.50     3.50     3.30     2.70     2.50     1.60     1.20
 1972      1.50     2.00     3.10     3.00     3.50     3.40     4.00     3.80     2.47     2.10     1.60     1.30

Logs of the series:
Number of observations:  216
 Year       Jan      Feb      Mar      Apr      May      Jun      Jul      Aug      Sep      Oct      Nov      Dec
 1955      0.99     1.71     1.28     1.61     1.87     1.81     1.77     1.61     1.86     2.00     2.10     1.36
 1956      1.41     1.50     1.70     1.34     1.57     1.72     1.84     1.77     2.16     1.67     1.74     1.74
 1957      1.10     1.22     1.59     1.50     1.39     1.74     1.84     1.96     2.08     1.54     1.54     1.54
 1958      1.54     1.54     1.54     1.54     1.41     1.53     1.48     1.44     1.63     1.53     1.48     1.39
 1959      1.06     0.88     1.55     1.63     1.39     2.01     2.04     1.84     1.67     1.74     1.57     0.99
 1960      0.53     0.69     1.22     1.39     1.46     1.61     1.70     1.61     1.69     1.34     0.88     0.69
 1961      0.79     0.92     0.96     1.19     1.06     1.46     1.44     1.44     1.36     1.36     0.92     0.79
 1962      0.88     0.64     0.74     1.50     1.19     1.22     1.41     1.74     1.57     1.61     1.03     1.06
 1963      0.53     1.16     0.99     1.10     1.22     1.34     1.61     1.57     1.59     1.25     0.92     0.88
 1964      0.47     0.83     0.92     1.13     1.25     1.50     1.74     1.61     1.53     1.57     0.74     0.34
 1965      0.74     1.06     0.99     1.44     1.36     1.41     1.53     1.76     1.48     1.81     1.25     0.64
 1966      0.59     0.64     1.31     1.48     1.34     1.72     1.74     1.63     1.72     1.57     0.92     0.41
 1967      0.59     0.92     0.96     0.59     1.31     1.31     1.59     1.63     1.31     1.69     1.10     0.59
 1968      0.74     0.96     1.03     1.16     1.25     1.25     1.59     1.44     1.55     1.31     1.16     0.59
 1969      0.69     0.53     1.03     1.16     1.48     1.22     1.36     1.70     1.34     1.16     0.83     0.79
 1970      0.26     0.83     0.99     1.19     1.31     1.10     1.34     1.55     1.53     1.06     0.53     0.26
 1971      0.59     0.69     0.79     1.10     0.88     1.25     1.25     1.19     0.99     0.92     0.47     0.18
 1972      0.41     0.69     1.13     1.10     1.25     1.22     1.39     1.34     0.90     0.74     0.47     0.26


   Model changed to: ( 0 , 0 , 1 )( 0 , 1 , 1 )_ 12  in logs


Identified model is: ( 0 , 0 , 1 )( 0 , 1 , 1 )_ 12  in logs

Initial parameter values:
      0.1893     -0.5916

Outliers detected (C =  3.0 , Method is Exact max. likelihood):
 Order  Obs. number  Type  Year  Period
  out1          148    AO  1967       4

Initial parameter values:
      0.2097     -0.5821

Arima Estimation (Levenberg-Marquardt):
Number of iterations:     3
Number of function evaluations:    10
Parameter     Estimate   Std. Error      T-ratio        Lag 
ma1             0.2383       0.0706       3.3757          1 
ma12           -0.7020       0.0724      -9.6941         12 

Residual standard error:     0.2049

Root          Real p.     Imag. p.      Modulus  Argument    Period 
rmaroot1      -0.2383       0.0000       0.2383   -0.0000       Inf 
smaroot1       0.7020       0.0000       0.7020    0.0000       Inf 


Correlations of the estimates:
Parameter          ma1         ma12 
ma1             1.0000      -0.1818 
ma12           -0.1818       1.0000 

Parameter     Estimate   Std. Error    T-ratio 
miss1          0.55997      0.20145        NaN 
miss2         -0.24519      0.19299        NaN 
miss3         -0.06061      0.19860        NaN 
miss4          0.22878      0.19847        NaN 
miss5          0.45378      0.19719        NaN 
miss6          0.36382      0.19898        NaN 
miss7          0.06346      0.19719        NaN 
miss8         -0.00739      0.19149        NaN 
miss9         -0.19963      0.20124        NaN 
int1          -0.34442      0.05394      -6.39 
int2          -0.06030      0.01711      -3.52 
int3          -0.09543      0.06701      -1.42 
out1          -0.61969      0.18503      -3.35 


Correlations of the regression estimates:
Parameter        miss1        miss2        miss3        miss4        miss5        miss6 
miss1           1.0000       0.0032       0.0039      -0.0036       0.0050       0.1338 
miss2           0.0032       1.0000       0.2359       0.0053       0.0071       0.0074 
miss3           0.0039       0.2359       1.0000       0.2306       0.0086       0.0090 
miss4          -0.0036       0.0053       0.2306       1.0000       0.2299       0.0078 
miss5           0.0050       0.0071       0.0086       0.2299       1.0000       0.2327 
miss6           0.1338       0.0074       0.0090       0.0078       0.2327       1.0000 
miss7           0.0050       0.0071       0.0086       0.0083       0.0112       0.2327 
miss8           0.0042       0.0059       0.0071       0.0069       0.0093       0.0097 
miss9           0.0002      -0.0013       0.0003       0.0003       0.0004       0.0005 
int1            0.0473       0.0672       0.0805       0.0781       0.1052       0.1104 
int2           -0.0021       0.0041      -0.0034      -0.0033      -0.0047      -0.0049 
int3            0.0016      -0.0041       0.0066       0.0065       0.0038       0.0040 
out1           -0.0001      -0.0000      -0.0012      -0.0012      -0.0011      -0.0011 
Parameter        miss7        miss8        miss9         int1         int2         int3 
miss1           0.0050       0.0042       0.0002       0.0473      -0.0021       0.0016 
miss2           0.0071       0.0059      -0.0013       0.0672       0.0041      -0.0041 
miss3           0.0086       0.0071       0.0003       0.0805      -0.0034       0.0066 
miss4           0.0083       0.0069       0.0003       0.0781      -0.0033       0.0065 
miss5           0.0112       0.0093       0.0004       0.1052      -0.0047       0.0038 
miss6           0.2327       0.0097       0.0005       0.1104      -0.0049       0.0040 
miss7           1.0000       0.2389       0.0004       0.1052      -0.0047       0.0038 
miss8           0.2389       1.0000       0.0003       0.0875      -0.0034       0.0017 
miss9           0.0004       0.0003       1.0000       0.0052      -0.1481      -0.0104 
int1            0.1052       0.0875       0.0052       1.0000      -0.0502      -0.0670 
int2           -0.0047      -0.0034      -0.1481      -0.0502       1.0000       0.0586 
int3            0.0038       0.0017      -0.0104      -0.0670       0.0586       1.0000 
out1           -0.0011       0.0087       0.0008       0.0002      -0.0043      -0.1050 
Parameter         out1 
miss1          -0.0001 
miss2          -0.0000 
miss3          -0.0012 
miss4          -0.0012 
miss5          -0.0011 
miss6          -0.0011 
miss7          -0.0011 
miss8           0.0087 
miss9           0.0008 
int1            0.0002 
int2           -0.0043 
int3           -0.1050 
out1            1.0000 

Interpolated value     Estimate   Std. Error 
interp. 2               1.14808      0.20145 
interp. 34              1.78528      0.19299 
interp. 35              1.60069      0.19860 
interp. 36              1.31130      0.19847 
interp. 37              1.08630      0.19719 
interp. 38              1.17627      0.19898 
interp. 39              1.47662      0.19719 
interp. 40              1.54748      0.19149 
interp. 213             1.10354      0.20124 

Interpolated value (levels)     Estimate   Std. Error 
interp. 2                        3.21676      0.42858 
interp. 34                       6.07329      1.39973 
interp. 35                       5.05519      1.02809 
interp. 36                       3.78482      0.57552 
interp. 37                       3.02148      0.36198 
interp. 38                       3.30709      0.44170 
interp. 39                       4.46410      0.79016 
interp. 40                       4.78656      0.85574 
interp. 213                      3.07648      0.39115 


Information criteria:    
AIC        789.7282 
BIC        835.5502 

Residuals:
     0.087    0.057    0.024   -0.307    0.052    0.016    0.240   -0.001    0.407   -0.268   -0.465   -0.174
    -0.024   -0.007    0.151   -0.202   -0.172   -0.288   -0.286   -0.332   -0.378   -0.255    0.116   -0.031
    -0.286    0.081    0.075   -0.153    0.370    0.243    0.105   -0.254   -0.034   -0.137   -0.317   -0.191
    -0.070   -0.029    0.097    0.222    0.040    0.150    0.113    0.101   -0.225   -0.467   -0.160    0.110
     0.116   -0.327   -0.051   -0.210   -0.036   -0.149   -0.035   -0.227   -0.059   -0.307   -0.021    0.142
    -0.209   -0.372    0.308   -0.099   -0.271   -0.070    0.272   -0.022    0.174   -0.152    0.247   -0.307
     0.472   -0.157   -0.214    0.063   -0.110    0.130   -0.024    0.056   -0.252   -0.131   -0.011   -0.232
     0.005   -0.109   -0.117    0.065    0.087    0.183    0.002   -0.028    0.155   -0.345   -0.486    0.223
     0.143   -0.033    0.211    0.084   -0.041   -0.061    0.195   -0.110    0.370    0.206   -0.142   -0.045
    -0.274    0.381    0.098    0.045    0.326    0.127    0.008    0.234   -0.014   -0.165   -0.301   -0.022
     0.041   -0.179    0.034   -0.025   -0.132    0.064    0.052   -0.221    0.240    0.007   -0.058    0.102
     0.040   -0.054   -0.208   -0.018   -0.108    0.088   -0.128    0.163   -0.246    0.168   -0.080    0.032
    -0.387    0.061   -0.170    0.222   -0.121   -0.116    0.262   -0.142   -0.217   -0.202    0.221   -0.474
     0.149   -0.094   -0.056   -0.033   -0.125   -0.057    0.061    0.161   -0.272   -0.415   -0.306    0.102
    -0.139   -0.213   -0.100   -0.441    0.206   -0.153   -0.244   -0.312   -0.199   -0.350   -0.281   -0.095
    -0.058    0.184   -0.149    0.086    0.061    0.086   -0.036   -0.280   -0.259   -0.217   -0.124

Sample autocorrelations and partial autocorrelations:
Order     Autcor         SE    Q-stats       DF P-values     Parcor         SE 
1         0.0942     0.0724     1.7206        0     1.00     0.0942     0.0724 
2         0.1280     0.0730     4.9185        0     1.00     0.1202     0.0724 
3         0.0686     0.0742     5.8412        1     0.02     0.0478     0.0724 
4         0.1100     0.0745     8.2278        2     0.02     0.0876     0.0724 
5        -0.0395     0.0753     8.5375        3     0.04    -0.0707     0.0724 
6         0.0980     0.0754    10.4511        4     0.03     0.0837     0.0724 
7         0.0953     0.0761    12.2695        5     0.03     0.0862     0.0724 
8         0.0155     0.0767    12.3180        6     0.06    -0.0230     0.0724 
9         0.1056     0.0768    14.5761        7     0.04     0.0934     0.0724 
10        0.1098     0.0775    17.0321        8     0.03     0.0702     0.0724 
11        0.1248     0.0783    20.2215        9     0.02     0.0907     0.0724 
12        0.0239     0.0794    20.3395       10     0.03    -0.0138     0.0724 
13        0.1486     0.0794    24.9154       11     0.01     0.0930     0.0724 
14        0.1132     0.0808    27.5835       12     0.01     0.0868     0.0724 
15        0.0238     0.0817    27.7026       13     0.01    -0.0348     0.0724 
16        0.0615     0.0817    28.5005       14     0.01     0.0252     0.0724 
17        0.0464     0.0819    28.9563       15     0.02    -0.0105     0.0724 
18        0.0064     0.0821    28.9649       16     0.02    -0.0234     0.0724 
19       -0.0120     0.0821    28.9960       17     0.03    -0.0330     0.0724 
20        0.0924     0.0821    30.8373       18     0.03     0.0371     0.0724 
21       -0.0256     0.0826    30.9792       19     0.04    -0.0534     0.0724 
22        0.0783     0.0827    32.3173       20     0.04     0.0498     0.0724 
23        0.0291     0.0831    32.5037       21     0.05    -0.0146     0.0724 
24        0.0784     0.0831    33.8596       22     0.05     0.0219     0.0724 
25        0.1098     0.0835    36.5376       23     0.04     0.1095     0.0724 
26        0.0446     0.0843    36.9822       24     0.04    -0.0222     0.0724 
27        0.0427     0.0844    37.3922       25     0.05    -0.0009     0.0724 
28       -0.0032     0.0845    37.3945       26     0.07    -0.0256     0.0724 
29        0.0009     0.0845    37.3947       27     0.09    -0.0313     0.0724 
30        0.1282     0.0845    41.1593       28     0.05     0.1515     0.0724 
31        0.0107     0.0855    41.1857       29     0.07    -0.0479     0.0724 
32       -0.0126     0.0855    41.2224       30     0.08    -0.0352     0.0724 
33        0.1068     0.0855    43.8859       31     0.06     0.0929     0.0724 
34        0.1275     0.0862    47.7022       32     0.04     0.0834     0.0724 
35        0.0091     0.0872    47.7216       33     0.05    -0.0192     0.0724 
36        0.0738     0.0872    49.0171       34     0.05    -0.0002     0.0724 
_________
When DF is positive, P-values should be greater than 0.05
(at the 5 per cent level) for model adequacy

Pierce Qs:
Order    Qs-stat      DF  P-value 
1         0.1180       0     1.00 
2         1.4739       1     0.22 
3         2.7695       2     0.25 


Stable seasonality F-test based on residuals:
        DFn     DFd       stat  P-value 
F        11     180     1.6648     0.17 


Residual diagnostics:             
Sample size         191 
                
Median             -0.0364 
Mean               -0.0486 
Std of mean         0.0140 
T-value of mean    -3.4685 

                           P-values 
Normality (BS)      1.4435     0.49 
Skewness            0.0628     0.72 
Kurtosis            2.5931     0.25 

                            P-value 
Durbin-Watson       1.8086     0.19 
                   
Standard error         0.2049 
Sigma square           0.0420 
Residual variance      0.0374 
Residual std. dev.     0.1935 

Approximate test of runs on residuals:               
Number of runs       92 
Number of (+)        96 
Number of (-)        95 
              
T-value            -0.6526 

Heteroscedasticity test:
         DF       stat  P-value 
H        64     0.8757     0.60 

Sample autocorrelations of squared residuals:
Order     Autcor         SE    Q-stats       DF P-values     Parcor         SE 
1         0.1336     0.0724     3.4626        1     0.06     0.1336     0.0724 
2        -0.0086     0.0736     3.4770        2     0.18    -0.0269     0.0724 
3        -0.0826     0.0736     4.8152        3     0.19    -0.0793     0.0724 
4        -0.0227     0.0741     4.9164        4     0.30    -0.0011     0.0724 
5        -0.0804     0.0742     6.1960        5     0.29    -0.0812     0.0724 
6         0.0116     0.0746     6.2230        6     0.40     0.0271     0.0724 
7        -0.1132     0.0746     8.7920        7     0.27    -0.1259     0.0724 
8        -0.0759     0.0755     9.9532        8     0.27    -0.0586     0.0724 
9        -0.0133     0.0759     9.9892        9     0.35     0.0026     0.0724 
10        0.2014     0.0759    18.2474       10     0.05     0.1838     0.0724 
11        0.2123     0.0787    27.4745       11     0.00     0.1664     0.0724 
12       -0.0228     0.0816    27.5813       12     0.01    -0.0926     0.0724 
13       -0.0895     0.0817    29.2407       13     0.01    -0.0582     0.0724 
14       -0.0331     0.0822    29.4693       14     0.01     0.0003     0.0724 
15       -0.0272     0.0822    29.6238       15     0.01    -0.0103     0.0724 
16        0.0508     0.0823    30.1675       16     0.02     0.0663     0.0724 
17       -0.0279     0.0824    30.3326       17     0.02    -0.0319     0.0724 
18       -0.1003     0.0825    32.4772       18     0.02    -0.0507     0.0724 
19       -0.0714     0.0831    33.5703       19     0.02    -0.0333     0.0724 
20       -0.0948     0.0835    35.5090       20     0.02    -0.1534     0.0724 
21        0.0857     0.0840    37.1017       21     0.02     0.0426     0.0724 
22        0.0499     0.0845    37.6445       22     0.02     0.0019     0.0724 
23        0.0468     0.0846    38.1254       23     0.02     0.0881     0.0724 
24       -0.0188     0.0848    38.2031       24     0.03     0.0015     0.0724 
25        0.0158     0.0848    38.2583       25     0.04    -0.0185     0.0724 
26       -0.0050     0.0848    38.2640       26     0.06    -0.0234     0.0724 
27        0.0508     0.0848    38.8445       27     0.07     0.0037     0.0724 
28       -0.0611     0.0850    39.6881       28     0.07    -0.0215     0.0724 
29       -0.0918     0.0852    41.6054       29     0.06    -0.0364     0.0724 
30       -0.1123     0.0857    44.4929       30     0.04    -0.0385     0.0724 
31       -0.0537     0.0865    45.1573       31     0.05    -0.0334     0.0724 
32        0.0620     0.0866    46.0482       32     0.05     0.0205     0.0724 
33        0.0082     0.0869    46.0637       33     0.06    -0.0711     0.0724 
34       -0.0432     0.0869    46.5020       34     0.07    -0.0589     0.0724 
35        0.0221     0.0870    46.6173       35     0.09     0.0349     0.0724 
36       -0.0352     0.0870    46.9118       36     0.11    -0.0439     0.0724 
_________
When DF is positive, P-values should be greater than 0.05
(at the 5 per cent level) for model adequacy
Elapsed time:     0.69

