Series:btozone1
Number of observations:  216
 Year       Jan      Feb      Mar      Apr      May      Jun      Jul      Aug      Sep      Oct      Nov      Dec
 1955      2.70     2.00     3.60     5.00     6.50     6.10     5.90     5.00     6.40     7.40     8.20     3.90
 1956      4.10     4.50     5.50     3.80     4.80     5.60     6.30     5.90     8.70     5.30     5.70     5.70
 1957      3.00     3.40     4.90     4.50     4.00     5.70     6.30     7.10     8.00     5.20     5.00     4.70
 1958      3.70     3.10     2.50     4.00     4.10     4.60     4.40     4.20     5.10     4.60     4.40     4.00
 1959      2.90     2.40     4.70     5.10     4.00     7.50     7.70     6.30     5.30     5.70     4.80     2.70
 1960      1.70     2.00     3.40     4.00     4.30     5.00     5.50     5.00     5.40     3.80     2.40     2.00
 1961      2.20     2.50     2.60     3.30     2.90     4.30     4.20     4.20     3.90     3.90     2.50     2.20
 1962      2.40     1.90     2.10     4.50     3.30     3.40     4.10     5.70     4.80     5.00     2.80     2.90
 1963      1.70     3.20     2.70     3.00     3.40     3.80     5.00     4.80     4.90     3.50     2.50     2.40
 1964      1.60     2.30     2.50     3.10     3.50     4.50     5.70     5.00     4.60     4.80     2.10     1.40
 1965      2.10     2.90     2.70     4.20     3.90     4.10     4.60     5.80     4.40     6.10     3.50     1.90
 1966      1.80     1.90     3.70     4.40     3.80     5.60     5.70     5.10     5.60     4.80     2.50     1.50
 1967      1.80     2.50     2.60     1.80     3.70     3.70     4.90     5.10     3.70     5.40     3.00     1.80
 1968      2.10     2.60     2.80     3.20     3.50     3.50     4.90     4.20     4.70     3.70     3.20     1.80
 1969      2.00     1.70     2.80     3.20     4.40     3.40     3.90     5.50     3.80     3.20     2.30     2.20
 1970      1.30     2.30     2.70     3.30     3.70     3.00     3.80     4.70     4.60     2.90     1.70     1.30
 1971      1.80     2.00     2.20     3.00     2.40     3.50     3.50     3.30     2.70     2.50     1.60     1.20
 1972      1.50     2.00     3.10     3.00     3.50     3.40     4.00     3.80     3.10     2.10     1.60     1.30


Model is: ( 0 , 0 , 1 )( 0 , 1 , 1 )_ 12

Initial parameter values:
      0.2841     -0.5931

Arima Estimation (Levenberg-Marquardt):
Number of iterations:     2
Number of function evaluations:     7
Parameter     Estimate   Std. Error      T-ratio        Lag 
ma1             0.2659       0.0654       4.0660          1 
ma12           -0.7613       0.0667     -11.4158         12 

Residual standard error:     0.7986

Root          Real p.     Imag. p.      Modulus  Argument    Period 
rmaroot1      -0.2659       0.0000       0.2659   -0.0000       Inf 
smaroot1       0.7613       0.0000       0.7613    0.0000       Inf 


Correlations of the estimates:
Parameter          ma1         ma12 
ma1             1.0000       0.0722 
ma12            0.0722       1.0000 

Parameter     Estimate   Std. Error    T-ratio 
int1          -1.33036      0.19653      -6.77 
int2          -0.23700      0.06026      -3.93 
int3          -0.31174      0.24463      -1.27 


Correlations of the regression estimates:
Parameter         int1         int2         int3 
int1            1.0000      -0.0863      -0.1180 
int2           -0.0863       1.0000       0.0748 
int3           -0.1180       0.0748       1.0000 


Information criteria:    
AIC       1383.4831 
BIC       1400.0737 

Residuals:
    -1.236   -1.024   -0.126    0.352    0.623    1.665   -2.113   -1.427    1.918   -0.830    0.314    0.203
     0.056   -1.486    0.267    0.104    1.456   -0.016   -1.006   -1.462    0.304    0.334   -0.312   -2.015
     0.132   -0.908   -0.891   -1.458   -1.398   -2.147   -0.666   -1.534   -0.311   -0.406   -0.732    0.856
     0.559   -0.863    2.255    1.418    0.407   -1.693    0.648   -0.992   -1.514   -0.026    0.114    0.287
     0.530    0.748   -0.067    0.439    0.290   -0.022   -0.607   -1.688   -0.427    0.293    0.498   -0.690
    -0.060   -0.711   -0.407   -0.867   -0.260   -1.378    0.009   -1.280   -0.113    0.364   -0.261   -0.847
     1.237   -0.477   -1.217   -0.509    1.260   -0.526    0.967   -0.918    0.601   -0.605    1.333   -0.449
    -0.612    0.150   -0.657    0.443   -0.166   -0.001   -0.871   -0.567   -0.079   -0.416    0.101   -0.298
    -0.376    0.190    0.181    0.854   -0.064   -0.317    0.722   -1.197   -0.855    0.394    0.487   -0.136
     0.790    0.258   -0.293   -0.336    1.013   -0.722    1.975    0.111   -0.420   -0.061   -0.533    1.137
     0.471    0.131    1.397    0.516   -0.032    0.966   -0.098   -0.503   -0.576    0.009    0.167   -0.400
    -1.918    0.592   -0.866    0.208    0.127   -1.103    1.116   -0.199   -0.187    0.240    0.165   -0.114
    -0.110   -0.108   -0.608    0.247   -0.725    0.482   -1.099    0.567   -0.333    0.134   -0.761    0.149
    -0.146    0.834   -0.704   -0.645    1.072   -0.863   -0.907   -0.450    0.381   -0.767    0.251   -0.208
     0.074   -0.114   -0.634   -0.463    0.111    0.433   -1.178   -0.813   -0.485    0.122   -0.296   -0.528
    -0.145   -1.333    0.451   -0.798   -1.094   -1.154   -0.800   -0.745   -0.436   -0.189   -0.150    0.478
    -0.345    0.147    0.037    0.077   -0.412   -0.488   -1.010   -0.460   -0.260

Sample autocorrelations and partial autocorrelations:
Order     Autcor         SE    Q-stats       DF P-values     Parcor         SE 
1         0.0462     0.0705     0.4363        0     1.00     0.0462     0.0705 
2         0.1148     0.0707     3.1396        0     1.00     0.1129     0.0705 
3         0.1115     0.0716     5.7010        1     0.02     0.1031     0.0705 
4         0.1526     0.0725    10.5255        2     0.01     0.1355     0.0705 
5         0.0090     0.0740    10.5426        3     0.01    -0.0224     0.0705 
6         0.1525     0.0741    15.4080        4     0.00     0.1169     0.0705 
7         0.0034     0.0756    15.4104        5     0.01    -0.0325     0.0705 
8         0.0098     0.0756    15.4307        6     0.02    -0.0343     0.0705 
9         0.0173     0.0756    15.4941        7     0.03    -0.0041     0.0705 
10        0.0470     0.0756    15.9665        8     0.04     0.0156     0.0705 
11        0.0657     0.0758    16.8924        9     0.05     0.0767     0.0705 
12        0.1105     0.0761    19.5303       10     0.03     0.0929     0.0705 
13        0.0894     0.0768    21.2637       11     0.03     0.0769     0.0705 
14        0.0578     0.0774    21.9919       12     0.04     0.0238     0.0705 
15       -0.0507     0.0776    22.5553       13     0.05    -0.1120     0.0705 
16        0.0753     0.0777    23.8070       14     0.05     0.0230     0.0705 
17       -0.0233     0.0781    23.9269       15     0.07    -0.0622     0.0705 
18        0.0556     0.0781    24.6161       16     0.08     0.0378     0.0705 
19        0.0352     0.0783    24.8935       17     0.10     0.0468     0.0705 
20       -0.0138     0.0784    24.9366       18     0.13    -0.0304     0.0705 
21       -0.0159     0.0784    24.9941       19     0.16     0.0109     0.0705 
22        0.1344     0.0784    29.1119       20     0.09     0.1061     0.0705 
23       -0.0128     0.0796    29.1492       21     0.11    -0.0303     0.0705 
24        0.0884     0.0796    30.9522       22     0.10     0.0517     0.0705 
25       -0.0132     0.0801    30.9928       23     0.12    -0.0710     0.0705 
26        0.0195     0.0801    31.0815       24     0.15    -0.0152     0.0705 
27        0.0716     0.0801    32.2828       25     0.15     0.0890     0.0705 
28        0.0353     0.0804    32.5759       26     0.17    -0.0027     0.0705 
29       -0.0436     0.0805    33.0260       27     0.20    -0.0336     0.0705 
30        0.1722     0.0806    40.1009       28     0.06     0.1512     0.0705 
31        0.0897     0.0824    42.0318       29     0.06     0.0912     0.0705 
32       -0.0357     0.0829    42.3403       30     0.07    -0.0785     0.0705 
33        0.0484     0.0830    42.9094       31     0.08    -0.0048     0.0705 
34        0.1286     0.0831    46.9518       32     0.04     0.0691     0.0705 
35       -0.0133     0.0841    46.9955       33     0.05    -0.0555     0.0705 
36        0.0787     0.0841    48.5271       34     0.05     0.0366     0.0705 
_________
When DF is positive, P-values should be greater than 0.05
(at the 5 per cent level) for model adequacy

Pierce Qs:
Order    Qs-stat      DF  P-value 
1         2.6378       0     1.00 
2         4.4408       1     0.04 
3         5.9724       2     0.05 


Residual diagnostics:             
Sample size         201 
                
Median             -0.1505 
Mean               -0.1837 
Std of mean         0.0545 
T-value of mean    -3.3682 

                           P-values 
Normality (BS)      2.6897     0.26 
Skewness            0.1964     0.26 
Kurtosis            3.4084     0.24 

                            P-value 
Durbin-Watson       1.8949     0.46 
                   
Standard error         0.7986 
Sigma square           0.6378 
Residual variance      0.5977 
Residual std. dev.     0.7731 

Approximate test of runs on residuals:               
Number of runs      103 
Number of (+)       101 
Number of (-)       100 
              
T-value             0.2125 

Heteroscedasticity test:
         DF       stat  P-value 
H        67     0.3647     0.00 

Sample autocorrelations of squared residuals:
Order     Autcor         SE    Q-stats       DF P-values     Parcor         SE 
1         0.1396     0.0705     3.9733        1     0.05     0.1396     0.0705 
2         0.1569     0.0719     9.0179        2     0.01     0.1401     0.0705 
3         0.0864     0.0736    10.5559        3     0.01     0.0499     0.0705 
4         0.0126     0.0741    10.5889        4     0.03    -0.0262     0.0705 
5         0.0279     0.0741    10.7515        5     0.06     0.0104     0.0705 
6         0.1125     0.0741    13.3977        6     0.04     0.1106     0.0705 
7         0.0310     0.0750    13.5997        7     0.06     0.0025     0.0705 
8         0.0511     0.0751    14.1521        8     0.08     0.0145     0.0705 
9         0.0194     0.0752    14.2324        9     0.11    -0.0064     0.0705 
10        0.2112     0.0752    23.7594       10     0.01     0.2138     0.0705 
11        0.1058     0.0781    26.1632       11     0.01     0.0576     0.0705 
12        0.0690     0.0789    27.1906       12     0.01    -0.0202     0.0705 
13        0.0710     0.0792    28.2836       13     0.01     0.0155     0.0705 
14       -0.0249     0.0795    28.4194       14     0.01    -0.0466     0.0705 
15        0.1311     0.0795    32.1918       15     0.01     0.1443     0.0705 
16        0.0345     0.0806    32.4542       16     0.01    -0.0351     0.0705 
17        0.0492     0.0806    32.9916       17     0.01    -0.0003     0.0705 
18        0.0963     0.0808    35.0575       18     0.01     0.0674     0.0705 
19        0.0123     0.0814    35.0914       19     0.01    -0.0079     0.0705 
20        0.0239     0.0814    35.2202       20     0.02    -0.0292     0.0705 
21        0.0918     0.0814    37.1313       21     0.02     0.0278     0.0705 
22        0.0683     0.0819    38.1934       22     0.02     0.0580     0.0705 
23        0.1404     0.0822    42.7103       23     0.01     0.1015     0.0705 
24        0.0713     0.0834    43.8822       24     0.01     0.0288     0.0705 
25        0.0510     0.0837    44.4862       25     0.01    -0.0454     0.0705 
26        0.0285     0.0838    44.6750       26     0.01    -0.0079     0.0705 
27       -0.0286     0.0839    44.8664       27     0.02    -0.0470     0.0705 
28        0.0420     0.0839    45.2832       28     0.02     0.0036     0.0705 
29       -0.0043     0.0840    45.2875       29     0.03    -0.0213     0.0705 
30        0.0499     0.0841    45.8806       30     0.03     0.0347     0.0705 
31        0.0243     0.0842    46.0218       31     0.04    -0.0025     0.0705 
32        0.1475     0.0842    51.2744       32     0.02     0.1365     0.0705 
33        0.0879     0.0855    53.1523       33     0.01    -0.0081     0.0705 
34        0.0116     0.0860    53.1851       34     0.02    -0.0883     0.0705 
35        0.0326     0.0860    53.4465       35     0.02     0.0151     0.0705 
36        0.1587     0.0860    59.6732       36     0.01     0.1683     0.0705 
_________
When DF is positive, P-values should be greater than 0.05
(at the 5 per cent level) for model adequacy
Elapsed time:     0.10

