Series:btozone2
Number of observations:  216
 Year       Jan      Feb      Mar      Apr      May      Jun      Jul      Aug      Sep      Oct      Nov      Dec
 1955      2.70      NaN     3.60     5.00     6.50     6.10     5.90     5.00     6.40     7.40     8.20     3.90
 1956      4.10     4.50     5.50     3.80     4.80     5.60     6.30     5.90     8.70     5.30     5.70     5.70
 1957      3.00     3.40     4.90     4.50     4.00     5.70     6.30     7.10     8.00      NaN      NaN      NaN
 1958       NaN      NaN      NaN      NaN     4.10     4.60     4.40     4.20     5.10     4.60     4.40     4.00
 1959      2.90     2.40     4.70     5.10     4.00     7.50     7.70     6.30     5.30     5.70     4.80     2.70
 1960      1.70     2.00     3.40     4.00     4.30     5.00     5.50     5.00     5.40     3.80     2.40     2.00
 1961      2.20     2.50     2.60     3.30     2.90     4.30     4.20     4.20     3.90     3.90     2.50     2.20
 1962      2.40     1.90     2.10     4.50     3.30     3.40     4.10     5.70     4.80     5.00     2.80     2.90
 1963      1.70     3.20     2.70     3.00     3.40     3.80     5.00     4.80     4.90     3.50     2.50     2.40
 1964      1.60     2.30     2.50     3.10     3.50     4.50     5.70     5.00     4.60     4.80     2.10     1.40
 1965      2.10     2.90     2.70     4.20     3.90     4.10     4.60     5.80     4.40     6.10     3.50     1.90
 1966      1.80     1.90     3.70     4.40     3.80     5.60     5.70     5.10     5.60     4.80     2.50     1.50
 1967      1.80     2.50     2.60     1.80     3.70     3.70     4.90     5.10     3.70     5.40     3.00     1.80
 1968      2.10     2.60     2.80     3.20     3.50     3.50     4.90     4.20     4.70     3.70     3.20     1.80
 1969      2.00     1.70     2.80     3.20     4.40     3.40     3.90     5.50     3.80     3.20     2.30     2.20
 1970      1.30     2.30     2.70     3.30     3.70     3.00     3.80     4.70     4.60     2.90     1.70     1.30
 1971      1.80     2.00     2.20     3.00     2.40     3.50     3.50     3.30     2.70     2.50     1.60     1.20
 1972      1.50     2.00     3.10     3.00     3.50     3.40     4.00     3.80      NaN     2.10     1.60     1.30

Series:btozone2 with missing values filled
Number of observations:  216
 Year       Jan      Feb      Mar      Apr      May      Jun      Jul      Aug      Sep      Oct      Nov      Dec
 1955      2.70     5.52     3.60     5.00     6.50     6.10     5.90     5.00     6.40     7.40     8.20     3.90
 1956      4.10     4.50     5.50     3.80     4.80     5.60     6.30     5.90     8.70     5.30     5.70     5.70
 1957      3.00     3.40     4.90     4.50     4.00     5.70     6.30     7.10     8.00     4.67     4.67     4.67
 1958      4.67     4.67     4.67     4.67     4.10     4.60     4.40     4.20     5.10     4.60     4.40     4.00
 1959      2.90     2.40     4.70     5.10     4.00     7.50     7.70     6.30     5.30     5.70     4.80     2.70
 1960      1.70     2.00     3.40     4.00     4.30     5.00     5.50     5.00     5.40     3.80     2.40     2.00
 1961      2.20     2.50     2.60     3.30     2.90     4.30     4.20     4.20     3.90     3.90     2.50     2.20
 1962      2.40     1.90     2.10     4.50     3.30     3.40     4.10     5.70     4.80     5.00     2.80     2.90
 1963      1.70     3.20     2.70     3.00     3.40     3.80     5.00     4.80     4.90     3.50     2.50     2.40
 1964      1.60     2.30     2.50     3.10     3.50     4.50     5.70     5.00     4.60     4.80     2.10     1.40
 1965      2.10     2.90     2.70     4.20     3.90     4.10     4.60     5.80     4.40     6.10     3.50     1.90
 1966      1.80     1.90     3.70     4.40     3.80     5.60     5.70     5.10     5.60     4.80     2.50     1.50
 1967      1.80     2.50     2.60     1.80     3.70     3.70     4.90     5.10     3.70     5.40     3.00     1.80
 1968      2.10     2.60     2.80     3.20     3.50     3.50     4.90     4.20     4.70     3.70     3.20     1.80
 1969      2.00     1.70     2.80     3.20     4.40     3.40     3.90     5.50     3.80     3.20     2.30     2.20
 1970      1.30     2.30     2.70     3.30     3.70     3.00     3.80     4.70     4.60     2.90     1.70     1.30
 1971      1.80     2.00     2.20     3.00     2.40     3.50     3.50     3.30     2.70     2.50     1.60     1.20
 1972      1.50     2.00     3.10     3.00     3.50     3.40     4.00     3.80     2.47     2.10     1.60     1.30


Model is: ( 0 , 0 , 1 )( 0 , 1 , 1 )_ 12

Initial parameter values:
      0.2550     -0.5418

Arima Estimation (Levenberg-Marquardt):
Number of iterations:     3
Number of function evaluations:    10
Parameter     Estimate   Std. Error      T-ratio        Lag 
ma1             0.2453       0.0697       3.5206          1 
ma12           -0.7689       0.0751     -10.2388         12 

Residual standard error:     0.8125

Root          Real p.     Imag. p.      Modulus  Argument    Period 
rmaroot1      -0.2453       0.0000       0.2453   -0.0000       Inf 
smaroot1       0.7689       0.0000       0.7689    0.0000       Inf 


Correlations of the estimates:
Parameter          ma1         ma12 
ma1             1.0000       0.0462 
ma12            0.0462       1.0000 

Parameter     Estimate   Std. Error    T-ratio 
miss1          2.25682      0.79734        NaN 
miss2         -1.41236      0.78261        NaN 
miss3         -0.47713      0.80699        NaN 
miss4          0.73761      0.80640        NaN 
miss5          1.40069      0.80155        NaN 
miss6          1.10640      0.80827        NaN 
miss7          0.17248      0.80155        NaN 
miss8         -0.01191      0.77688        NaN 
miss9         -0.61607      0.79710        NaN 
int1          -1.40249      0.20021      -7.01 
int2          -0.23531      0.06046      -3.89 
int3          -0.31959      0.24307      -1.31 


Correlations of the regression estimates:
Parameter        miss1        miss2        miss3        miss4        miss5        miss6 
miss1           1.0000       0.0046       0.0058      -0.0017       0.0068       0.1289 
miss2           0.0046       1.0000       0.2437       0.0072       0.0088       0.0093 
miss3           0.0058       0.2437       1.0000       0.2385       0.0110       0.0116 
miss4          -0.0017       0.0072       0.2385       1.0000       0.2376       0.0103 
miss5           0.0068       0.0088       0.0110       0.2376       1.0000       0.2400 
miss6           0.1289       0.0093       0.0116       0.0103       0.2400       1.0000 
miss7           0.0068       0.0088       0.0110       0.0106       0.0128       0.2400 
miss8           0.0056       0.0073       0.0091       0.0088       0.0106       0.0112 
miss9           0.0004      -0.0035       0.0005       0.0005       0.0007       0.0007 
int1            0.0588       0.0787       0.0940       0.0912       0.1114       0.1176 
int2           -0.0047       0.0088      -0.0073      -0.0071      -0.0090      -0.0096 
int3            0.0039      -0.0084       0.0122       0.0120       0.0075       0.0079 
Parameter        miss7        miss8        miss9         int1         int2         int3 
miss1           0.0068       0.0056       0.0004       0.0588      -0.0047       0.0039 
miss2           0.0088       0.0073      -0.0035       0.0787       0.0088      -0.0084 
miss3           0.0110       0.0091       0.0005       0.0940      -0.0073       0.0122 
miss4           0.0106       0.0088       0.0005       0.0912      -0.0071       0.0120 
miss5           0.0128       0.0106       0.0007       0.1114      -0.0090       0.0075 
miss6           0.2400       0.0112       0.0007       0.1176      -0.0096       0.0079 
miss7           1.0000       0.2463       0.0007       0.1114      -0.0091       0.0075 
miss8           0.2463       1.0000       0.0004       0.0923      -0.0064       0.0052 
miss9           0.0007       0.0004       1.0000       0.0085      -0.1528      -0.0134 
int1            0.1114       0.0923       0.0085       1.0000      -0.0929      -0.1193 
int2           -0.0091      -0.0064      -0.1528      -0.0929       1.0000       0.0721 
int3            0.0075       0.0052      -0.0134      -0.1193       0.0721       1.0000 

Interpolated value     Estimate   Std. Error 
interp. 2               3.26136      0.79734 
interp. 34              6.07736      0.78261 
interp. 35              5.14213      0.80699 
interp. 36              3.92739      0.80640 
interp. 37              3.26431      0.80155 
interp. 38              3.55860      0.80827 
interp. 39              4.49252      0.80155 
interp. 40              4.67691      0.77688 
interp. 213             3.08530      0.79710 


Information criteria:    
AIC       1329.4408 
BIC       1375.2628 

Residuals:
    -0.787    0.242    0.229    0.053   -1.481    0.235    0.117    1.452    0.016    1.257   -1.396   -1.913
    -0.751    0.085    0.020    0.627   -1.031   -0.878   -1.475   -1.415   -2.163   -1.589   -1.573    0.488
    -0.099   -0.883    0.204    0.410   -0.821    2.218    1.464    0.420   -1.693   -0.022   -1.001   -0.946
     0.029   -0.101   -0.296    0.296    0.660   -0.170    0.322    0.183   -0.150   -1.188   -1.844   -0.146
     0.381    0.331   -1.115   -0.253   -0.776   -0.510   -0.953   -0.363   -1.476   -0.457   -1.391    0.091
     0.438   -0.382   -1.187    1.086   -0.504   -1.302   -0.597    1.186   -0.582    0.616   -0.992    0.750
    -0.530    1.216   -0.677   -0.723    0.096   -0.712    0.373   -0.196   -0.074   -1.116   -0.666    0.051
    -0.378    0.025   -0.495   -0.459    0.150    0.135    0.817   -0.081   -0.373    0.521   -1.246   -0.779
     0.410    0.447   -0.285    0.724    0.251   -0.329   -0.366    0.981   -0.742    1.810    0.097   -0.356
    -0.044   -0.568    1.004    0.455    0.117    1.381    0.534   -0.031    0.938   -0.164   -0.790   -0.706
    -0.173   -0.048   -0.669   -2.142    0.355   -0.788    0.179    0.149   -1.105    1.037   -0.392   -0.295
     0.106    0.004   -0.324   -0.293   -0.259   -0.559    0.242   -0.695    0.465   -1.109    0.366   -0.391
     0.022   -0.882   -0.032   -0.278    0.714   -0.638   -0.647    1.086   -0.824   -0.947   -0.595    0.315
    -0.834    0.131   -0.323   -0.041   -0.193   -0.592   -0.456    0.140    0.452   -1.178   -0.947   -0.538
     0.050   -0.369   -0.633   -0.237   -1.398    0.467   -0.761   -1.076   -1.146   -0.824   -0.848   -0.484
    -0.244   -0.214    0.396   -0.399    0.078    0.092    0.096   -0.378   -1.851   -0.679   -0.641   -0.275

Sample autocorrelations and partial autocorrelations:
Order     Autcor         SE    Q-stats       DF P-values     Parcor         SE 
1         0.1718     0.0722     5.7556        0     1.00     0.1718     0.0722 
2         0.2073     0.0743    14.1764        0     1.00     0.1831     0.0722 
3         0.0876     0.0772    15.6902        1     0.00     0.0289     0.0722 
4         0.1502     0.0777    20.1578        2     0.00     0.1027     0.0722 
5         0.0209     0.0792    20.2449        3     0.00    -0.0364     0.0722 
6         0.1567     0.0793    25.1621        4     0.00     0.1207     0.0722 
7         0.0914     0.0809    26.8445        5     0.00     0.0505     0.0722 
8         0.0986     0.0814    28.8106        6     0.00     0.0245     0.0722 
9         0.0469     0.0820    29.2592        7     0.00     0.0018     0.0722 
10        0.0968     0.0822    31.1770        8     0.00     0.0402     0.0722 
11        0.0973     0.0827    33.1262        9     0.00     0.0672     0.0722 
12        0.1032     0.0833    35.3318       10     0.00     0.0403     0.0722 
13        0.1121     0.0840    37.9448       11     0.00     0.0551     0.0722 
14        0.1241     0.0848    41.1665       12     0.00     0.0545     0.0722 
15        0.0293     0.0857    41.3474       13     0.00    -0.0453     0.0722 
16        0.1461     0.0858    45.8625       14     0.00     0.1034     0.0722 
17        0.0276     0.0871    46.0241       15     0.00    -0.0431     0.0722 
18        0.0429     0.0871    46.4181       16     0.00    -0.0284     0.0722 
19        0.0165     0.0872    46.4767       17     0.00    -0.0117     0.0722 
20        0.0879     0.0872    48.1483       18     0.00     0.0333     0.0722 
21        0.0622     0.0877    48.9922       19     0.00     0.0476     0.0722 
22        0.1520     0.0879    54.0544       20     0.00     0.0907     0.0722 
23        0.0219     0.0893    54.1597       21     0.00    -0.0521     0.0722 
24        0.1649     0.0893    60.1870       22     0.00     0.1089     0.0722 
25        0.0188     0.0909    60.2656       23     0.00    -0.0398     0.0722 
26        0.0531     0.0909    60.8972       24     0.00    -0.0276     0.0722 
27        0.0521     0.0911    61.5109       25     0.00     0.0272     0.0722 
28        0.0365     0.0912    61.8138       26     0.00    -0.0497     0.0722 
29        0.0270     0.0913    61.9807       27     0.00     0.0165     0.0722 
30        0.1558     0.0913    67.5653       28     0.00     0.1196     0.0722 
31        0.0583     0.0927    68.3513       29     0.00     0.0067     0.0722 
32        0.0388     0.0929    68.7018       30     0.00    -0.0388     0.0722 
33        0.0985     0.0930    70.9758       31     0.00     0.0684     0.0722 
34        0.1718     0.0935    77.9307       32     0.00     0.1218     0.0722 
35        0.0599     0.0952    78.7814       33     0.00    -0.0273     0.0722 
36        0.1407     0.0953    83.5110       34     0.00     0.0558     0.0722 
_________
When DF is positive, P-values should be greater than 0.05
(at the 5 per cent level) for model adequacy

Pierce Qs:
Order    Qs-stat      DF  P-value 
1         2.2056       0     1.00 
2         8.2329       1     0.00 
3        12.9625       2     0.00 


Residual diagnostics:             
Sample size         192 
                
Median             -0.2668 
Mean               -0.2489 
Std of mean         0.0540 
T-value of mean    -4.6080 

                           P-values 
Normality (BS)      1.8937     0.39 
Skewness            0.1581     0.37 
Kurtosis            3.3698     0.30 

                            P-value 
Durbin-Watson       1.6506     0.02 
                   
Standard error         0.8125 
Sigma square           0.6602 
Residual variance      0.5604 
Residual std. dev.     0.7486 

Approximate test of runs on residuals:               
Number of runs      103 
Number of (+)        96 
Number of (-)        96 
              
T-value             0.8683 

Heteroscedasticity test:
         DF       stat  P-value 
H        64     0.4630     0.00 

Sample autocorrelations of squared residuals:
Order     Autcor         SE    Q-stats       DF P-values     Parcor         SE 
1         0.1633     0.0722     5.2007        1     0.02     0.1633     0.0722 
2         0.1184     0.0741     7.9504        2     0.02     0.0943     0.0722 
3         0.0095     0.0750     7.9683        3     0.05    -0.0242     0.0722 
4        -0.0016     0.0751     7.9688        4     0.09    -0.0111     0.0722 
5        -0.0205     0.0751     8.0523        5     0.15    -0.0173     0.0722 
6        -0.0423     0.0751     8.4104        6     0.21    -0.0363     0.0722 
7         0.0119     0.0752     8.4389        7     0.30     0.0287     0.0722 
8         0.0330     0.0752     8.6600        8     0.37     0.0367     0.0722 
9         0.1517     0.0753    13.3463        9     0.15     0.1419     0.0722 
10        0.2083     0.0769    22.2302       10     0.01     0.1679     0.0722 
11        0.1869     0.0798    29.4201       11     0.00     0.1153     0.0722 
12        0.1052     0.0820    31.7093       12     0.00     0.0359     0.0722 
13        0.0606     0.0827    32.4736       13     0.00     0.0231     0.0722 
14        0.0081     0.0829    32.4873       14     0.00    -0.0059     0.0722 
15       -0.0842     0.0829    33.9781       15     0.00    -0.0832     0.0722 
16        0.0398     0.0834    34.3128       16     0.00     0.0792     0.0722 
17       -0.0079     0.0835    34.3261       17     0.01    -0.0013     0.0722 
18        0.1002     0.0835    36.4743       18     0.01     0.0799     0.0722 
19       -0.0292     0.0841    36.6573       19     0.01    -0.1030     0.0722 
20       -0.0421     0.0842    37.0412       20     0.01    -0.1305     0.0722 
21       -0.0076     0.0843    37.0538       21     0.02    -0.0629     0.0722 
22       -0.0186     0.0843    37.1298       22     0.02    -0.0578     0.0722 
23        0.0186     0.0843    37.2061       23     0.03     0.0005     0.0722 
24        0.0620     0.0843    38.0582       24     0.03     0.0912     0.0722 
25        0.0915     0.0846    39.9270       25     0.03     0.0995     0.0722 
26        0.0167     0.0851    39.9893       26     0.04    -0.0137     0.0722 
27       -0.0082     0.0851    40.0044       27     0.05    -0.0624     0.0722 
28        0.0342     0.0851    40.2708       28     0.06     0.0155     0.0722 
29       -0.0097     0.0852    40.2924       29     0.08    -0.0001     0.0722 
30       -0.0490     0.0852    40.8434       30     0.09    -0.0028     0.0722 
31       -0.0653     0.0853    41.8287       31     0.09     0.0179     0.0722 
32       -0.0441     0.0856    42.2822       32     0.11     0.0107     0.0722 
33       -0.0257     0.0857    42.4364       33     0.13     0.0040     0.0722 
34       -0.0081     0.0857    42.4520       34     0.15    -0.0817     0.0722 
35        0.0893     0.0857    44.3443       35     0.13     0.0357     0.0722 
36        0.1265     0.0862    48.1660       36     0.08     0.0942     0.0722 
_________
When DF is positive, P-values should be greater than 0.05
(at the 5 per cent level) for model adequacy
Elapsed time:     0.13

