Series:CWage_STSM_sl_int_slope
Number of observations:  167
 Year         I       II      III       IV
 1970     2.392    2.415    2.422    2.422
 1971     2.449    2.447    2.458    2.449
 1972     2.471    2.470    2.467    2.460
 1973     2.490    2.484    2.486    2.487
 1974     2.493    2.511    2.517    2.525
 1975     2.516    2.519    2.518    2.518
 1976     2.521    2.528    2.532    2.536
 1977     2.545    2.552    2.551    2.557
 1978     2.564    2.570    2.579    2.581
 1979     2.588    2.584    2.581    2.580
 1980     2.585    2.590    2.596    2.596
 1981     2.578    2.585    2.574    2.570
 1982     2.564    2.565    2.559    2.556
 1983     2.557    2.556    2.558    2.555
 1984     2.571    2.546    2.558    2.559
 1985     2.564    2.562    2.572    2.574
 1986     2.587    2.600    2.616    2.622
 1987     2.624    2.643    2.647    2.653
 1988     2.646    2.658    2.662    2.662
 1989     2.661    2.660    2.668    2.669
 1990     2.685    2.686    2.690    2.699
 1991     2.692    2.723    2.718    2.733
 1992     2.743    2.762    2.785    2.776
 1993     2.775    2.785    2.782    2.783
 1994     2.777    2.770    2.767    2.776
 1995     2.783    2.796    2.795    2.800
 1996     2.809    2.797    2.797    2.801
 1997     2.805    2.776    2.776    2.781
 1998     2.788    2.790    2.790    2.787
 1999     2.803    2.804    2.805    2.798
 2000     2.802    2.813    2.821    2.822
 2001     2.825    2.820    2.821    2.835
 2002     2.833    2.822    2.830    2.843
 2003     2.831    2.834    2.835    2.838
 2004     2.832    2.827    2.820    2.809
 2005     2.825    2.801    2.806    2.798
 2006     2.801    2.804    2.806    2.801
 2007     2.795    2.798    2.795    2.796
 2008     2.798    2.779    2.789    2.820
 2009     2.816    2.821    2.822    2.814
 2010     2.815    2.811    2.810    2.807
 2011     2.814    2.818    2.811

Estimation results:
Parameter        Estimate   Std. Error      T-ratio 
Sigma cycle        0.0238          NaN          NaN 
Sigma irreg.       0.0025       0.0658       3.4179 
Sigma level        0.0000          NaN          NaN 
Sigma slope        0.0000          NaN          NaN 
Cycle rho          0.9390       0.0224      43.9386 
Cycle freq.        0.1090       0.0295       2.8232 
Parameter Sigma cycle  is concentrated out of the likelihood

Coefficient of determination R^2      0.9951
Prediction error variance               0.0001
Residual standard error                 0.0092

Regression parameters:
Parameter     Estimate   Std. Error    T-ratio 
reg1          -0.00490      0.00081      -6.06 


Information criteria:    
AIC       -388.3732 
BIC       -375.9494 

Residuals:
    -0.033    0.038   -0.033   -0.001   -0.047    0.031   -0.024   -0.027   -0.034    0.058   -0.032   -0.011
    -0.014    0.001    0.028    0.001    0.002   -0.041   -0.010   -0.017   -0.012   -0.005    0.003   -0.001
    -0.004    0.010    0.005   -0.017   -0.001    0.003   -0.001    0.009   -0.011    0.003   -0.027   -0.021
    -0.018    0.002   -0.000    0.003   -0.014   -0.057    0.004   -0.038   -0.023   -0.025   -0.008   -0.026
    -0.018   -0.008   -0.014   -0.009   -0.019    0.027   -0.077    0.013   -0.010   -0.003   -0.020    0.011
    -0.010    0.015    0.019    0.025   -0.002   -0.010    0.032   -0.004   -0.001   -0.031    0.016    0.002
    -0.012   -0.013   -0.011    0.010   -0.004    0.032   -0.001    0.001    0.016   -0.023    0.071   -0.016
     0.030    0.021    0.044    0.057   -0.025   -0.009    0.022   -0.007    0.001   -0.017   -0.019   -0.008
     0.024    0.020    0.034   -0.003    0.010    0.023   -0.031   -0.004    0.009    0.009   -0.076   -0.009
     0.010    0.014    0.002   -0.008   -0.015    0.032   -0.002   -0.008   -0.027   -0.001    0.018    0.011
    -0.008   -0.006   -0.024   -0.010    0.025   -0.016   -0.040    0.006    0.021   -0.028    0.009    0.006
     0.011   -0.013   -0.010   -0.017   -0.026    0.043   -0.056    0.011   -0.016    0.011    0.011    0.008
    -0.010   -0.013    0.011   -0.006    0.007    0.009   -0.044    0.027    0.086    0.000    0.018    0.010
    -0.011    0.010    0.002    0.006    0.005    0.029    0.025   -0.004

Sample autocorrelations and partial autocorrelations:
Order     Autcor         SE    Q-stats       DF P-values     Parcor         SE 
1        -0.0970     0.0781     1.5729        0     1.00    -0.0970     0.0781 
2         0.1083     0.0788     3.5428        0     1.00     0.0998     0.0781 
3         0.0098     0.0797     3.5592        0     1.00     0.0296     0.0781 
4         0.1964     0.0797    10.1238        1     0.00     0.1930     0.0781 
5         0.0725     0.0826    11.0249        2     0.00     0.1105     0.0781 
6         0.0409     0.0830    11.3127        3     0.01     0.0241     0.0781 
7         0.0228     0.0831    11.4027        4     0.02     0.0035     0.0781 
8        -0.0411     0.0832    11.6976        5     0.04    -0.0934     0.0781 
9         0.1169     0.0833    14.0986        6     0.03     0.0661     0.0781 
10        0.1030     0.0843    15.9736        7     0.03     0.1224     0.0781 
11        0.0925     0.0851    17.4960        8     0.03     0.1061     0.0781 
12       -0.0329     0.0857    17.6899        9     0.04    -0.0118     0.0781 
13        0.0949     0.0857    19.3126       10     0.04     0.0418     0.0781 
14        0.0342     0.0864    19.5246       11     0.05    -0.0112     0.0781 
15        0.1030     0.0865    21.4615       12     0.04     0.0413     0.0781 
16       -0.0302     0.0872    21.6293       13     0.06    -0.0363     0.0781 
17        0.0161     0.0873    21.6775       14     0.09    -0.0192     0.0781 
18       -0.0095     0.0873    21.6941       15     0.12    -0.0201     0.0781 
19        0.0174     0.0873    21.7513       16     0.15    -0.0287     0.0781 
20        0.0244     0.0873    21.8637       17     0.19    -0.0057     0.0781 
21       -0.0017     0.0874    21.8642       18     0.24    -0.0000     0.0781 
22       -0.0196     0.0874    21.9377       19     0.29    -0.0272     0.0781 
23        0.0359     0.0874    22.1859       20     0.33     0.0331     0.0781 
24        0.1166     0.0875    24.8295       21     0.25     0.1046     0.0781 
25       -0.0833     0.0884    26.1874       22     0.24    -0.0824     0.0781 
26       -0.0887     0.0889    27.7392       23     0.23    -0.1482     0.0781 
27        0.0402     0.0894    28.0596       24     0.26     0.0174     0.0781 
28        0.0136     0.0895    28.0969       25     0.30    -0.0003     0.0781 
29       -0.0436     0.0896    28.4799       26     0.34    -0.0210     0.0781 
30       -0.0387     0.0897    28.7845       27     0.37    -0.0029     0.0781 
31       -0.0072     0.0898    28.7951       28     0.42     0.0167     0.0781 
32       -0.0347     0.0898    29.0433       29     0.46    -0.0202     0.0781 
33        0.0522     0.0899    29.6100       30     0.49     0.0290     0.0781 
_________
When DF is positive, P-values should be greater than 0.05
(at the 5 per cent level) for model adequacy

Residual diagnostics:             
Sample size         164 
                
Median             -0.0019 
Mean               -0.0017 
Std of mean         0.0018 
T-value of mean    -0.9333 

                           P-values 
Normality (BS)     23.6301     0.00 
Skewness            0.1790     0.35 
Kurtosis            4.8248     0.00 

                            P-value 
Durbin-Watson       2.1817     0.24 
                   
Standard error         0.0092 
Sigma square           0.0001 
Residual variance      0.0006 
Residual std. dev.     0.0235 

Approximate test of runs on residuals:               
Number of runs       81 
Number of (+)        82 
Number of (-)        82 
              
T-value            -0.3133 

Heteroscedasticity test:
         DF       stat  P-value 
H        55     0.8092     0.43 

Sample autocorrelations of squared residuals:
Order     Autcor         SE    Q-stats       DF P-values     Parcor         SE 
1         0.0355     0.0781     0.2100        1     0.65     0.0355     0.0781 
2         0.0453     0.0782     0.5543        2     0.76     0.0441     0.0781 
3        -0.0663     0.0783     1.2969        3     0.73    -0.0696     0.0781 
4        -0.0074     0.0787     1.3062        4     0.86    -0.0046     0.0781 
5         0.0203     0.0787     1.3767        5     0.93     0.0272     0.0781 
6        -0.0919     0.0787     2.8329        6     0.83    -0.0986     0.0781 
7        -0.0499     0.0794     3.2645        7     0.86    -0.0466     0.0781 
8        -0.0390     0.0796     3.5306        8     0.90    -0.0235     0.0781 
9        -0.0221     0.0797     3.6164        9     0.93    -0.0292     0.0781 
10       -0.0234     0.0797     3.7133       10     0.96    -0.0281     0.0781 
11       -0.0521     0.0798     4.1964       11     0.96    -0.0495     0.0781 
12        0.0089     0.0800     4.2106       12     0.98     0.0040     0.0781 
13        0.0496     0.0800     4.6544       13     0.98     0.0432     0.0781 
14        0.0303     0.0802     4.8214       14     0.99     0.0120     0.0781 
15        0.0013     0.0802     4.8217       15     0.99    -0.0106     0.0781 
16       -0.0006     0.0802     4.8218       16     1.00    -0.0004     0.0781 
17       -0.1024     0.0802     6.7628       17     0.99    -0.1147     0.0781 
18       -0.0648     0.0810     7.5465       18     0.98    -0.0695     0.0781 
19        0.0104     0.0813     7.5667       19     0.99     0.0284     0.0781 
20        0.0271     0.0813     7.7059       20     0.99     0.0224     0.0781 
21       -0.0983     0.0814     9.5460       21     0.98    -0.1163     0.0781 
22       -0.0753     0.0821    10.6340       22     0.98    -0.0682     0.0781 
23       -0.0425     0.0825    10.9826       23     0.98    -0.0402     0.0781 
24        0.1046     0.0827    13.1106       24     0.96     0.0846     0.0781 
25       -0.0707     0.0835    14.0892       25     0.96    -0.1008     0.0781 
26       -0.0135     0.0838    14.1253       26     0.97    -0.0314     0.0781 
27       -0.0688     0.0839    15.0648       27     0.97    -0.0757     0.0781 
28        0.0732     0.0842    16.1384       28     0.96     0.0374     0.0781 
29       -0.0466     0.0846    16.5756       29     0.97    -0.0885     0.0781 
30       -0.0487     0.0847    17.0575       30     0.97    -0.0458     0.0781 
31       -0.0217     0.0849    17.1536       31     0.98    -0.0186     0.0781 
32        0.0918     0.0849    18.8899       32     0.97     0.0735     0.0781 
33        0.0011     0.0856    18.8901       33     0.98    -0.0551     0.0781 
_________
When DF is positive, P-values should be greater than 0.05
(at the 5 per cent level) for model adequacy
