Series:front
Number of observations:  168
 Year       Jan      Feb      Mar      Apr      May      Jun      Jul      Aug      Sep      Oct      Nov      Dec
 1969     6.765    6.715    6.692    6.702    6.899    6.851    6.912    6.995    6.865    6.745    7.011    7.015
 1970     6.830    6.806    6.914    6.793    6.898    6.764    6.999    7.093    6.936    7.045    7.066    7.169
 1971     6.850    6.773    6.733    6.795    6.915    6.880    7.000    7.085    6.896    6.982    6.952    7.017
 1972     6.913    6.753    6.779    6.788    6.980    7.022    7.082    6.964    6.845    6.979    6.993    7.097
 1973     6.806    6.820    6.668    7.016    6.922    6.930    7.016    7.032    7.013    6.916    6.820    6.900
 1974     6.594    6.500    6.585    6.612    6.813    6.783    6.802    6.963    6.981    6.823    6.824    6.860
 1975     6.498    6.409    6.655    6.450    6.673    6.672    6.688    6.784    6.645    6.596    6.756    6.902
 1976     6.557    6.528    6.509    6.466    6.648    6.468    6.719    6.617    6.642    6.715    6.697    6.894
 1977     6.571    6.340    6.423    6.519    6.609    6.733    6.789    6.748    6.652    6.723    6.790    6.953
 1978     6.790    6.439    6.695    6.615    6.625    6.763    6.888    6.866    6.752    6.682    6.848    6.918
 1979     6.680    6.466    6.677    6.620    6.696    6.574    6.746    6.836    6.726    6.636    6.780    6.982
 1980     6.617    6.385    6.579    6.471    6.640    6.709    6.693    6.786    6.688    6.757    6.715    6.815
 1981     6.557    6.538    6.534    6.571    6.702    6.601    6.775    6.720    6.707    6.848    6.662    6.713
 1982     6.389    6.512    6.492    6.516    6.627    6.703    6.765    6.838    6.682    6.856    6.715    6.815

Series:rear 
Number of observations:  168
 Year       Jan      Feb      Mar      Apr      May      Jun      Jul      Aug      Sep      Oct      Nov      Dec
 1969     5.595    5.580    5.765    6.009    6.118    6.057    6.258    6.284    6.004    6.080    6.073    6.080
 1970     5.756    5.740    5.861    5.892    6.186    6.061    6.312    6.471    6.122    6.163    6.122    6.148
 1971     5.875    5.602    5.869    6.057    6.142    6.087    6.290    6.471    6.125    6.100    5.996    6.089
 1972     5.883    5.811    5.743    6.057    6.073    6.186    6.344    6.260    6.035    6.114    6.136    6.209
 1973     5.869    5.849    5.620    6.157    6.188    6.225    6.428    6.461    6.326    6.116    6.035    6.038
 1974     5.568    5.700    5.714    5.994    6.023    6.054    6.246    6.397    6.129    6.094    6.021    5.991
 1975     5.628    5.710    5.943    5.631    6.091    6.014    6.031    6.236    5.974    5.844    5.969    6.153
 1976     5.583    5.743    5.704    5.922    6.021    5.775    6.127    6.057    5.846    6.043    5.841    5.913
 1977     5.673    5.412    5.583    5.823    5.697    5.956    6.172    6.159    5.805    5.969    5.913    6.066
 1978     5.903    5.521    5.872    5.717    5.938    6.087    6.215    6.236    5.951    5.903    6.068    5.966
 1979     5.724    5.447    5.835    5.796    5.976    5.872    5.953    6.138    6.116    5.922    5.994    6.144
 1980     5.724    5.572    5.778    5.737    6.050    5.999    6.006    6.144    5.943    5.911    5.935    5.971
 1981     5.649    5.756    5.771    5.881    5.935    5.945    6.071    6.227    6.059    6.172    5.913    5.855
 1982     5.472    5.652    5.781    5.846    6.016    6.019    6.207    6.280    5.981    6.153    5.953    6.019

Estimation results:
Parameter           Estimate   Std. Error      T-ratio 
Sigma level 11        0.0158          NaN          NaN 
Sigma level 21        0.0143       0.1380       6.5532 
Sigma level 22        0.0043       0.1456       1.8507 
Sigma seas  11       -0.0000       0.0772      -0.0118 
Sigma seas  21        0.0006       0.0824       0.4751 
Sigma seas  22        0.0001       0.0590       0.1199 
Sigma irreg 11        0.0681       0.8855       4.8570 
Sigma irreg 21        0.0613       0.8414       4.5979 
Sigma irreg 22        0.0667       0.8226       5.1196 

Residual standard error:     0.0841
Residual standard error:     0.1044
Parameter Sigma level 11  is concentrated out of the likelihood

Regression parameters:
Parameter     Estimate   Std. Error    T-ratio 
reg1           0.24321      0.14003       1.74 
reg2           0.52734      0.15055       3.50 
reg3          -0.33721      0.10460      -3.22 
reg4          -0.09009      0.10974      -0.82 


Information criteria:    
AIC        868.6697 
BIC        891.1277 

Residuals:
     0.024   -0.021    0.008   -0.030   -0.013    0.008   -0.021    0.012    0.007   -0.003    0.007    0.016
     0.002    0.008    0.036   -0.030   -0.006   -0.002    0.006   -0.016   -0.010    0.023   -0.022   -0.024
    -0.023    0.019   -0.002    0.008   -0.003   -0.009    0.010   -0.006   -0.005   -0.013    0.002    0.011
    -0.009    0.009    0.007   -0.019   -0.023   -0.008   -0.020    0.004    0.012    0.006   -0.013    0.029
    -0.006   -0.023   -0.003    0.004    0.012   -0.028    0.029   -0.010    0.005   -0.012   -0.027   -0.014
    -0.018   -0.004    0.004   -0.009   -0.009    0.014   -0.000    0.011   -0.016    0.018    0.004    0.016
    -0.031   -0.026    0.040   -0.018   -0.005    0.014   -0.002    0.013   -0.003    0.023   -0.008    0.015
     0.015    0.023   -0.015    0.003   -0.040    0.016   -0.012    0.011   -0.034   -0.017   -0.025    0.027
     0.001    0.009   -0.008    0.013    0.013   -0.019    0.009   -0.011   -0.004    0.009    0.015   -0.000
     0.038   -0.022   -0.005    0.004   -0.002   -0.007   -0.016   -0.016   -0.020    0.003   -0.025    0.027
     0.025    0.033   -0.030   -0.038   -0.014    0.020   -0.006    0.001   -0.012   -0.019   -0.008   -0.003
    -0.016    0.009   -0.023   -0.012    0.004   -0.001    0.014    0.014   -0.002   -0.016    0.005    0.008
    -0.008    0.004   -0.022    0.026   -0.010    0.004   -0.035   -0.012    0.007   -0.001   -0.030   -0.012
    -0.000   -0.018    0.016    0.011   -0.002   -0.015    0.021   -0.027    0.005    0.012   -0.029   -0.023
    -0.018   -0.001    0.008   -0.003   -0.003   -0.048    0.023   -0.017    0.012    0.002   -0.007   -0.000
    -0.014   -0.017    0.004    0.002    0.006   -0.004    0.009    0.003    0.037    0.026   -0.016   -0.004
     0.017    0.012   -0.002   -0.034   -0.030    0.013    0.007    0.018    0.012   -0.003    0.001   -0.006
    -0.009   -0.003   -0.021   -0.007    0.005    0.014   -0.003   -0.009    0.017    0.012   -0.010   -0.024
     0.017    0.007   -0.001   -0.015   -0.005   -0.000   -0.016   -0.006    0.006   -0.040    0.019   -0.026
     0.006    0.027   -0.016   -0.007    0.001   -0.004    0.014    0.005   -0.006   -0.002   -0.026    0.001
     0.003   -0.001   -0.018   -0.009   -0.001    0.013    0.018   -0.004   -0.012   -0.011    0.001   -0.009
    -0.000   -0.008    0.010   -0.028   -0.014   -0.003   -0.019   -0.000   -0.010   -0.010    0.016    0.014
     0.001    0.002    0.010    0.004    0.014   -0.023   -0.006    0.007    0.010   -0.012   -0.005    0.016
     0.010    0.010    0.029    0.010   -0.022   -0.007   -0.021   -0.004   -0.033   -0.011    0.008   -0.011
    -0.011    0.012   -0.005    0.002   -0.001    0.012    0.018   -0.003   -0.000    0.015    0.014   -0.001
     0.000   -0.007    0.024    0.003   -0.008   -0.007   -0.013   -0.002

Sample autocorrelations and partial autocorrelations:
Order     Autcor         SE    Q-stats       DF P-values     Parcor         SE 
1        -0.0475     0.0570     0.7007        0     1.00    -0.0475     0.0570 
2         0.0150     0.0571     0.7712        0     1.00     0.0128     0.0570 
3        -0.0727     0.0571     2.4242        1     0.12    -0.0715     0.0570 
4         0.0339     0.0574     2.7851        2     0.25     0.0272     0.0570 
5         0.0284     0.0575     3.0398        3     0.39     0.0332     0.0570 
6         0.0041     0.0575     3.0452        4     0.55     0.0010     0.0570 
7        -0.0689     0.0575     4.5506        5     0.47    -0.0656     0.0570 
8        -0.0624     0.0578     5.7902        6     0.45    -0.0659     0.0570 
9        -0.0229     0.0580     5.9578        7     0.54    -0.0292     0.0570 
10       -0.0196     0.0580     6.0804        8     0.64    -0.0314     0.0570 
11        0.0207     0.0581     6.2183        9     0.72     0.0141     0.0570 
12        0.0222     0.0581     6.3777       10     0.78     0.0295     0.0570 
13        0.0509     0.0581     7.2177       11     0.78     0.0564     0.0570 
14       -0.0174     0.0583     7.3161       12     0.84    -0.0118     0.0570 
15       -0.0171     0.0583     7.4110       13     0.88    -0.0255     0.0570 
16        0.0012     0.0583     7.4114       14     0.92    -0.0043     0.0570 
17        0.0799     0.0583     9.5051       15     0.85     0.0680     0.0570 
18        0.0084     0.0587     9.5282       16     0.89     0.0099     0.0570 
19        0.0373     0.0587     9.9870       17     0.90     0.0445     0.0570 
20        0.0177     0.0587    10.0910       18     0.93     0.0457     0.0570 
21       -0.0388     0.0588    10.5922       19     0.94    -0.0339     0.0570 
22        0.0395     0.0588    11.1135       20     0.94     0.0344     0.0570 
23        0.0323     0.0589    11.4623       21     0.95     0.0369     0.0570 
24        0.0277     0.0590    11.7211       22     0.96     0.0287     0.0570 
25       -0.0094     0.0590    11.7507       23     0.97     0.0066     0.0570 
26        0.0052     0.0590    11.7600       24     0.98     0.0195     0.0570 
27        0.0367     0.0590    12.2187       25     0.98     0.0553     0.0570 
28       -0.0163     0.0591    12.3096       26     0.99    -0.0158     0.0570 
29        0.0054     0.0591    12.3196       27     0.99     0.0015     0.0570 
30        0.0856     0.0591    14.8373       28     0.98     0.0952     0.0570 
31        0.0313     0.0595    15.1754       29     0.98     0.0447     0.0570 
32       -0.0073     0.0596    15.1937       30     0.99    -0.0008     0.0570 
33       -0.0051     0.0596    15.2028       31     0.99     0.0109     0.0570 
34        0.0298     0.0596    15.5126       32     0.99     0.0395     0.0570 
35        0.0085     0.0596    15.5377       33     1.00     0.0007     0.0570 
36        0.0314     0.0596    15.8843       34     1.00     0.0203     0.0570 
_________
When DF is positive, P-values should be greater than 0.05
(at the 5 per cent level) for model adequacy

Residual diagnostics:             
Sample size         308 
                
Median             -0.0019 
Mean               -0.0019 
Std of mean         0.0009 
T-value of mean    -2.1334 

                           P-values 
Normality (BS)      0.4417     0.80 
Skewness           -0.0496     0.72 
Kurtosis            2.8432     0.57 

                            P-value 
Durbin-Watson       2.0875     0.44 
                   
Standard error         0.0158 
Sigma square           0.0003 
Residual variance      0.0002 
Residual std. dev.     0.0156 

Approximate test of runs on residuals:               
Number of runs      158 
Number of (+)       154 
Number of (-)       154 
              
T-value             0.3424 

Heteroscedasticity test:
         DF       stat  P-value 
H       103     0.6320     0.02 

Sample autocorrelations of squared residuals:
Order     Autcor         SE    Q-stats       DF P-values     Parcor         SE 
1         0.1422     0.0570     6.2860        1     0.01     0.1422     0.0570 
2         0.0268     0.0581     6.5104        2     0.04     0.0067     0.0570 
3        -0.0105     0.0582     6.5452        3     0.09    -0.0156     0.0570 
4         0.0355     0.0582     6.9410        4     0.14     0.0398     0.0570 
5        -0.0797     0.0582     8.9417        5     0.11    -0.0917     0.0570 
6        -0.0585     0.0586    10.0229        6     0.12    -0.0368     0.0570 
7         0.1309     0.0588    15.4616        7     0.03     0.1537     0.0570 
8        -0.0523     0.0597    16.3311        8     0.04    -0.1014     0.0570 
9        -0.0511     0.0599    17.1664        9     0.05    -0.0315     0.0570 
10       -0.0862     0.0600    19.5448       10     0.03    -0.0688     0.0570 
11       -0.0004     0.0604    19.5448       11     0.05    -0.0012     0.0570 
12       -0.0915     0.0604    22.2459       12     0.03    -0.0656     0.0570 
13        0.0165     0.0609    22.3344       13     0.05     0.0489     0.0570 
14        0.0448     0.0609    22.9852       14     0.06     0.0096     0.0570 
15        0.0658     0.0610    24.3963       15     0.06     0.0598     0.0570 
16        0.0731     0.0612    26.1418       16     0.05     0.0643     0.0570 
17       -0.0928     0.0615    28.9660       17     0.03    -0.1233     0.0570 
18       -0.0507     0.0619    29.8138       18     0.04    -0.0427     0.0570 
19       -0.0206     0.0621    29.9545       19     0.05     0.0260     0.0570 
20        0.0897     0.0621    32.6199       20     0.04     0.0741     0.0570 
21       -0.0073     0.0625    32.6376       21     0.05    -0.0173     0.0570 
22       -0.0230     0.0625    32.8137       22     0.06    -0.0538     0.0570 
23        0.0528     0.0626    33.7471       23     0.07     0.0465     0.0570 
24       -0.0585     0.0627    34.8991       24     0.07    -0.0498     0.0570 
25       -0.0249     0.0629    35.1091       25     0.09     0.0232     0.0570 
26        0.0585     0.0629    36.2677       26     0.09     0.0814     0.0570 
27        0.0815     0.0631    38.5256       27     0.07     0.0119     0.0570 
28       -0.0014     0.0634    38.5263       28     0.09     0.0065     0.0570 
29        0.0235     0.0634    38.7156       29     0.11     0.0141     0.0570 
30        0.0627     0.0635    40.0678       30     0.10     0.0277     0.0570 
31        0.0182     0.0637    40.1824       31     0.12     0.0254     0.0570 
32        0.0105     0.0637    40.2205       32     0.15     0.0430     0.0570 
33        0.0612     0.0637    41.5217       33     0.15     0.0611     0.0570 
34        0.1350     0.0639    47.8745       34     0.06     0.0986     0.0570 
35        0.0443     0.0648    48.5609       35     0.06     0.0240     0.0570 
36       -0.0528     0.0649    49.5406       36     0.07    -0.0914     0.0570 
_________
When DF is positive, P-values should be greater than 0.05
(at the 5 per cent level) for model adequacy
