Series:front
Number of observations:  192
 Year       Jan      Feb      Mar      Apr      May      Jun      Jul      Aug      Sep      Oct      Nov      Dec
 1969     6.765    6.715    6.692    6.702    6.899    6.851    6.912    6.995    6.865    6.745    7.011    7.015
 1970     6.830    6.806    6.914    6.793    6.898    6.764    6.999    7.093    6.936    7.045    7.066    7.169
 1971     6.850    6.773    6.733    6.795    6.915    6.880    7.000    7.085    6.896    6.982    6.952    7.017
 1972     6.913    6.753    6.779    6.788    6.980    7.022    7.082    6.964    6.845    6.979    6.993    7.097
 1973     6.806    6.820    6.668    7.016    6.922    6.930    7.016    7.032    7.013    6.916    6.820    6.900
 1974     6.594    6.500    6.585    6.612    6.813    6.783    6.802    6.963    6.981    6.823    6.824    6.860
 1975     6.498    6.409    6.655    6.450    6.673    6.672    6.688    6.784    6.645    6.596    6.756    6.902
 1976     6.557    6.528    6.509    6.466    6.648    6.468    6.719    6.617    6.642    6.715    6.697    6.894
 1977     6.571    6.340    6.423    6.519    6.609    6.733    6.789    6.748    6.652    6.723    6.790    6.953
 1978     6.790    6.439    6.695    6.615    6.625    6.763    6.888    6.866    6.752    6.682    6.848    6.918
 1979     6.680    6.466    6.677    6.620    6.696    6.574    6.746    6.836    6.726    6.636    6.780    6.982
 1980     6.617    6.385    6.579    6.471    6.640    6.709    6.693    6.786    6.688    6.757    6.715    6.815
 1981     6.557    6.538    6.534    6.571    6.702    6.601    6.775    6.720    6.707    6.848    6.662    6.713
 1982     6.389    6.512    6.492    6.516    6.627    6.703    6.765    6.838    6.682    6.856    6.715    6.815
 1983     6.428    6.054    6.163    6.321    6.326    6.180    6.375    6.422    6.426    6.495    6.252    6.372
 1984     6.180    6.073    6.240    6.306    6.373    6.258    6.399    6.468    6.466    6.463    6.567    6.581

Series:rear 
Number of observations:  192
 Year       Jan      Feb      Mar      Apr      May      Jun      Jul      Aug      Sep      Oct      Nov      Dec
 1969     5.595    5.580    5.765    6.009    6.118    6.057    6.258    6.284    6.004    6.080    6.073    6.080
 1970     5.756    5.740    5.861    5.892    6.186    6.061    6.312    6.471    6.122    6.163    6.122    6.148
 1971     5.875    5.602    5.869    6.057    6.142    6.087    6.290    6.471    6.125    6.100    5.996    6.089
 1972     5.883    5.811    5.743    6.057    6.073    6.186    6.344    6.260    6.035    6.114    6.136    6.209
 1973     5.869    5.849    5.620    6.157    6.188    6.225    6.428    6.461    6.326    6.116    6.035    6.038
 1974     5.568    5.700    5.714    5.994    6.023    6.054    6.246    6.397    6.129    6.094    6.021    5.991
 1975     5.628    5.710    5.943    5.631    6.091    6.014    6.031    6.236    5.974    5.844    5.969    6.153
 1976     5.583    5.743    5.704    5.922    6.021    5.775    6.127    6.057    5.846    6.043    5.841    5.913
 1977     5.673    5.412    5.583    5.823    5.697    5.956    6.172    6.159    5.805    5.969    5.913    6.066
 1978     5.903    5.521    5.872    5.717    5.938    6.087    6.215    6.236    5.951    5.903    6.068    5.966
 1979     5.724    5.447    5.835    5.796    5.976    5.872    5.953    6.138    6.116    5.922    5.994    6.144
 1980     5.724    5.572    5.778    5.737    6.050    5.999    6.006    6.144    5.943    5.911    5.935    5.971
 1981     5.649    5.756    5.771    5.881    5.935    5.945    6.071    6.227    6.059    6.172    5.913    5.855
 1982     5.472    5.652    5.781    5.846    6.016    6.019    6.207    6.280    5.981    6.153    5.953    6.019
 1983     5.638    5.704    5.762    5.969    5.986    5.820    6.168    6.045    6.205    6.155    5.908    5.844
 1984     5.690    5.765    5.855    5.927    6.089    6.142    6.157    6.256    6.061    6.011    6.194    6.196

Estimation results:
Parameter           Estimate   Std. Error      T-ratio 
Sigma level 11        0.0150          NaN          NaN 
Sigma level 21        0.0135       0.1598       5.6528 
Sigma level 22       -0.0048       0.1743      -1.8298 
Sigma seas  11        0.0000          NaN          NaN 
Sigma seas  21        0.0000          NaN          NaN 
Sigma seas  22        0.0000          NaN          NaN 
Sigma irreg 11        0.0742       1.4428       3.4344 
Sigma irreg 21        0.0609       1.2244       3.3218 
Sigma irreg 22        0.0716       1.3224       3.6175 

Residual standard error:     0.0844
Residual standard error:     0.1036
Parameter Sigma level 11  is concentrated out of the likelihood

Regression parameters:
Parameter     Estimate   Std. Error    T-ratio 
reg1           0.15219      0.12883       1.18 
reg2           0.52571      0.14150       3.72 
reg3          -0.31635      0.10302      -3.07 
reg4          -0.08694      0.10935      -0.80 
reg5          -0.33810      0.02630     -12.86 


Information criteria:    
AIC       1052.8316 
BIC       1080.0344 

Residuals:
    -0.019    0.007   -0.027   -0.010    0.006   -0.018    0.010    0.007   -0.003    0.007    0.014    0.003
     0.006    0.033   -0.026   -0.004   -0.002    0.008   -0.016   -0.007    0.020   -0.016   -0.025   -0.020
     0.015   -0.000    0.005   -0.004   -0.008    0.008   -0.005   -0.004   -0.013    0.001    0.010   -0.008
     0.007    0.008   -0.019   -0.021   -0.009   -0.016    0.001    0.010    0.006   -0.011    0.024   -0.006
    -0.022   -0.002    0.002    0.010   -0.027    0.026   -0.009    0.007   -0.012   -0.024   -0.013   -0.016
    -0.004    0.005   -0.010   -0.008    0.012    0.000    0.010   -0.014    0.016    0.003    0.015   -0.027
    -0.027    0.036   -0.017   -0.005    0.011    0.000    0.009   -0.003    0.019   -0.007    0.012    0.013
     0.020   -0.012   -0.001   -0.037    0.013   -0.014    0.011   -0.034   -0.015   -0.025    0.027   -0.002
     0.007   -0.007    0.010    0.011   -0.018    0.008   -0.010   -0.006    0.009    0.013    0.001    0.034
    -0.019   -0.004    0.003   -0.004   -0.003   -0.014   -0.014   -0.021    0.006   -0.026    0.032    0.022
     0.031   -0.028   -0.036   -0.011    0.016   -0.004   -0.002   -0.013   -0.016   -0.008   -0.003   -0.013
     0.006   -0.021   -0.013    0.002   -0.000    0.014    0.012   -0.004   -0.014    0.001    0.014   -0.007
     0.004   -0.018    0.020   -0.008    0.002   -0.031   -0.014    0.005   -0.003   -0.028   -0.012    0.000
    -0.019    0.014    0.009   -0.002   -0.014    0.018   -0.025    0.004    0.011   -0.030   -0.016   -0.015
    -0.001    0.006   -0.002   -0.003   -0.044    0.022   -0.017    0.012    0.001   -0.007    0.000   -0.010
    -0.019    0.004    0.002    0.006   -0.005    0.013   -0.001    0.034    0.025   -0.019    0.001    0.017
     0.013   -0.002   -0.034   -0.024    0.007    0.009    0.012    0.012   -0.004    0.000   -0.006   -0.006
    -0.007   -0.018   -0.007    0.006    0.012   -0.000   -0.013    0.013    0.015   -0.014   -0.019    0.015
     0.010    0.002   -0.020   -0.006    0.000   -0.014   -0.006    0.005   -0.037    0.015   -0.023    0.006
     0.026   -0.015   -0.005    0.001   -0.000    0.017    0.001   -0.005    0.003   -0.026    0.003    0.004
     0.003   -0.014   -0.014   -0.003    0.015    0.016   -0.005   -0.008   -0.015    0.002   -0.013   -0.001
    -0.005    0.008   -0.027   -0.013    0.000   -0.013   -0.004   -0.009   -0.005    0.010    0.016    0.002
     0.006    0.010   -0.000    0.009   -0.018   -0.005    0.005    0.012   -0.016   -0.004    0.013    0.009
     0.012    0.028    0.007   -0.021   -0.004   -0.020   -0.003   -0.032   -0.006    0.005   -0.006   -0.009
     0.015   -0.003   -0.002   -0.001    0.011    0.017   -0.004    0.005    0.006    0.014   -0.003   -0.000
    -0.005    0.027   -0.001   -0.010   -0.005   -0.011   -0.003   -0.033    0.007   -0.007    0.016    0.001
    -0.005    0.034   -0.009    0.008   -0.013   -0.017   -0.020    0.002   -0.000    0.007   -0.039    0.023
     0.025    0.023   -0.003   -0.030   -0.000   -0.021   -0.024   -0.003   -0.002   -0.009    0.022    0.013
     0.003    0.018   -0.019    0.011    0.003   -0.008    0.032   -0.002   -0.007    0.007   -0.005    0.018
    -0.017    0.010   -0.027    0.023    0.003    0.002    0.008

Sample autocorrelations and partial autocorrelations:
Order     Autcor         SE    Q-stats       DF P-values     Parcor         SE 
1        -0.0567     0.0531     1.1512        0     1.00    -0.0567     0.0531 
2         0.0385     0.0532     1.6845        0     1.00     0.0354     0.0531 
3        -0.0792     0.0533     3.9440        1     0.05    -0.0754     0.0531 
4         0.0141     0.0537     4.0161        2     0.13     0.0046     0.0531 
5         0.0302     0.0537     4.3466        3     0.23     0.0369     0.0531 
6        -0.0372     0.0537     4.8503        4     0.30    -0.0408     0.0531 
7        -0.0771     0.0538     7.0141        5     0.22    -0.0830     0.0531 
8        -0.0615     0.0541     8.3944        6     0.21    -0.0631     0.0531 
9        -0.0063     0.0543     8.4090        7     0.30    -0.0146     0.0531 
10       -0.0138     0.0543     8.4784        8     0.39    -0.0241     0.0531 
11        0.0583     0.0543     9.7297        9     0.37     0.0522     0.0531 
12        0.0481     0.0545    10.5863       10     0.39     0.0604     0.0531 
13        0.0516     0.0546    11.5738       11     0.40     0.0506     0.0531 
14       -0.0424     0.0547    12.2435       12     0.43    -0.0433     0.0531 
15       -0.0008     0.0548    12.2437       13     0.51    -0.0126     0.0531 
16       -0.0156     0.0548    12.3349       14     0.58    -0.0186     0.0531 
17        0.0540     0.0548    13.4266       15     0.57     0.0427     0.0531 
18        0.0043     0.0550    13.4335       16     0.64     0.0201     0.0531 
19        0.0226     0.0550    13.6254       17     0.69     0.0431     0.0531 
20        0.0067     0.0550    13.6423       18     0.75     0.0318     0.0531 
21       -0.0441     0.0550    14.3798       19     0.76    -0.0428     0.0531 
22        0.0584     0.0551    15.6788       20     0.74     0.0456     0.0531 
23        0.0199     0.0553    15.8299       21     0.78     0.0260     0.0531 
24        0.1150     0.0553    20.8918       22     0.53     0.1076     0.0531 
25       -0.0689     0.0560    22.7127       23     0.48    -0.0416     0.0531 
26        0.0278     0.0562    23.0103       24     0.52     0.0331     0.0531 
27       -0.0054     0.0563    23.0216       25     0.58     0.0255     0.0531 
28        0.0209     0.0563    23.1905       26     0.62     0.0036     0.0531 
29       -0.0115     0.0563    23.2424       27     0.67    -0.0129     0.0531 
30        0.0387     0.0563    23.8276       28     0.69     0.0537     0.0531 
31        0.0266     0.0564    24.1046       29     0.72     0.0510     0.0531 
32       -0.0059     0.0564    24.1181       30     0.77     0.0020     0.0531 
33        0.0155     0.0564    24.2123       31     0.80     0.0234     0.0531 
34        0.0151     0.0564    24.3029       32     0.83     0.0277     0.0531 
35        0.0026     0.0564    24.3056       33     0.86    -0.0222     0.0531 
36        0.0541     0.0564    25.4680       34     0.85     0.0500     0.0531 
_________
When DF is positive, P-values should be greater than 0.05
(at the 5 per cent level) for model adequacy

Residual diagnostics:             
Sample size         355 
                
Median             -0.0015 
Mean               -0.0017 
Std of mean         0.0008 
T-value of mean    -2.1501 

                           P-values 
Normality (BS)      0.3543     0.84 
Skewness           -0.0609     0.64 
Kurtosis            2.9046     0.71 

                            P-value 
Durbin-Watson       2.1081     0.31 
                   
Standard error         0.0150 
Sigma square           0.0002 
Residual variance      0.0002 
Residual std. dev.     0.0147 

Approximate test of runs on residuals:               
Number of runs      184 
Number of (+)       178 
Number of (-)       177 
              
T-value             0.5848 

Heteroscedasticity test:
         DF       stat  P-value 
H       118     0.8879     0.52 

Sample autocorrelations of squared residuals:
Order     Autcor         SE    Q-stats       DF P-values     Parcor         SE 
1         0.0902     0.0531     2.9151        1     0.09     0.0902     0.0531 
2         0.0247     0.0535     3.1338        2     0.21     0.0167     0.0531 
3        -0.0106     0.0535     3.1743        3     0.37    -0.0144     0.0531 
4         0.0348     0.0535     3.6114        4     0.46     0.0369     0.0531 
5        -0.0197     0.0536     3.7521        5     0.59    -0.0258     0.0531 
6        -0.0348     0.0536     4.1923        6     0.65    -0.0328     0.0531 
7         0.0698     0.0537     5.9678        7     0.54     0.0788     0.0531 
8        -0.0434     0.0539     6.6556        8     0.57    -0.0584     0.0531 
9        -0.0184     0.0540     6.7799        9     0.66    -0.0120     0.0531 
10       -0.0938     0.0541    10.0109       10     0.44    -0.0857     0.0531 
11       -0.0220     0.0545    10.1886       11     0.51    -0.0139     0.0531 
12       -0.0447     0.0545    10.9282       12     0.54    -0.0333     0.0531 
13       -0.0166     0.0546    11.0307       13     0.61    -0.0075     0.0531 
14        0.0032     0.0547    11.0345       14     0.68     0.0032     0.0531 
15        0.0764     0.0547    13.2122       15     0.59     0.0813     0.0531 
16        0.0493     0.0550    14.1221       16     0.59     0.0307     0.0531 
17       -0.0552     0.0551    15.2648       17     0.58    -0.0566     0.0531 
18       -0.0555     0.0552    16.4213       18     0.56    -0.0565     0.0531 
19       -0.0535     0.0554    17.5022       19     0.56    -0.0470     0.0531 
20        0.1206     0.0555    23.0031       20     0.29     0.1257     0.0531 
21       -0.0105     0.0563    23.0453       21     0.34    -0.0267     0.0531 
22       -0.0292     0.0563    23.3690       22     0.38    -0.0488     0.0531 
23        0.0000     0.0563    23.3690       23     0.44     0.0060     0.0531 
24       -0.0118     0.0563    23.4219       24     0.50    -0.0137     0.0531 
25       -0.0352     0.0563    23.8982       25     0.53    -0.0149     0.0531 
26        0.0241     0.0564    24.1216       26     0.57     0.0535     0.0531 
27        0.0384     0.0564    24.6903       27     0.59     0.0018     0.0531 
28       -0.0139     0.0565    24.7648       28     0.64    -0.0143     0.0531 
29        0.0412     0.0565    25.4239       29     0.66     0.0414     0.0531 
30        0.0640     0.0566    27.0225       30     0.62     0.0576     0.0531 
31       -0.0047     0.0568    27.0313       31     0.67    -0.0316     0.0531 
32       -0.0245     0.0568    27.2666       32     0.71    -0.0103     0.0531 
33        0.0092     0.0568    27.2999       33     0.75     0.0199     0.0531 
34        0.1005     0.0568    31.2861       34     0.60     0.1073     0.0531 
35        0.0802     0.0573    33.8357       35     0.52     0.0506     0.0531 
36       -0.0579     0.0576    35.1659       36     0.51    -0.0984     0.0531 
_________
When DF is positive, P-values should be greater than 0.05
(at the 5 per cent level) for model adequacy
