Original series:
Series:gasoline
Number of observations:  484
  6621.000 6433.000 6582.000 7224.000 6875.000 6947.000 7328.000 6777.000 7503.000 6916.000
  7045.000 6956.000 6976.000 7185.000 6899.000 7396.000 7287.000 7220.000 7651.000 7720.000
  7543.000 7961.000 7327.000 7380.000 7501.000 7605.000 7584.000 7401.000 7505.000 7427.000
  6993.000 7402.000 7391.000 7088.000 6949.000 7506.000 7396.000 7421.000 7159.000 7379.000
  7369.000 6652.000 6769.000 6828.000 7344.000 7447.000 7186.000 6642.000 6788.000 6783.000
  7037.000 7112.000 7039.000 6576.000 7002.000 6770.000 7002.000 6806.000 7221.000 7379.000
  7027.000 7744.000 6464.000 7376.000 7899.000 7318.000 7174.000 7086.000 7774.000 7104.000
  7129.000 7407.000 7701.000 7572.000 7813.000 7422.000 7792.000 7433.000 7796.000 7700.000
  7365.000 7814.000 7326.000 7473.000 7181.000 7286.000 7293.000 7514.000 7204.000 7276.000
  7509.000 6923.000 7056.000 7240.000 7138.000 7432.000 7354.000 7400.000 7596.000 7358.000
  6852.000 6726.000 7131.000 6603.000 7322.000 6779.000 7325.000 6961.000 7188.000 7100.000
  7239.000 7194.000 6964.000 6797.000 7561.000 7392.000 7470.000 7657.000 7649.000 7295.000
  7364.000 7018.000 7740.000 7392.000 7804.000 7868.000 7578.000 8113.000 7916.000 7336.000
  8033.000 7581.000 8187.000 7629.000 7386.000 7889.000 7478.000 7485.000 7387.000 7276.000
  7613.000 7704.000 7788.000 7640.000 7552.000 7992.000 6845.000 7430.000 8074.000 7684.000
  7411.000 7567.000 7124.000 7124.000 7157.000 6321.000 6953.000 7487.000 6993.000 7372.000
  7286.000 7214.000 7521.000 7481.000 7398.000 7187.000 7720.000 7042.000 7892.000 6824.000
  7552.000 7938.000 8028.000 7461.000 7770.000 7650.000 7909.000 7930.000 7562.000 8006.000
  7523.000 7581.000 7638.000 8187.000 7836.000 7750.000 8061.000 6955.000 7601.000 7763.000
  7733.000 7515.000 7562.000 8143.000 8204.000 7432.000 7377.000 7929.000 7431.000 7593.000
  8229.000 7933.000 8278.000 7718.000 7134.000 7534.000 7260.000 6976.000 7267.000 7132.000
  7398.000 7670.000 7194.000 7548.000 7834.000 7797.000 8195.000 7588.000 7543.000 8156.000
  7731.000 7539.000 8052.000 8183.000 7797.000 8460.000 8055.000 7971.000 8489.000 8238.000
  7996.000 7866.000 8483.000 8213.000 8402.000 7628.000 8411.000 8206.000 7825.000 8078.000
  8249.000 7821.000 7257.000 8106.000 7879.000 7712.000 8103.000 7449.000 8477.000 8021.000
  7840.000 7439.000 7949.000 7489.000 8115.000 7035.000 7958.000 7513.000 6949.000 7393.000
  7513.000 7520.000 7868.000 7826.000 7338.000 7877.000 7757.000 7900.000 7568.000 7280.000
  7804.000 7433.000 8079.000 7592.000 8267.000 7512.000 8080.000 7836.000 7946.000 7957.000
  7956.000 8563.000 8015.000 7968.000 8152.000 8067.000 8279.000 7722.000 7818.000 8364.000
  8369.000 7843.000 7537.000 8000.000 7619.000 7935.000 7637.000 7958.000 7991.000 7682.000
  7804.000 8073.000 7883.000 7370.000 7706.000 8355.000 8051.000 7740.000 7122.000 7440.000
  7408.000 7265.000 7125.000 7013.000 7530.000 8011.000 7779.000 7417.000 8125.000 7729.000
  7492.000 8115.000 7791.000 7914.000 7922.000 8224.000 7765.000 8253.000 8088.000 8154.000
  7590.000 8009.000 8557.000 8234.000 8489.000 8606.000 8595.000 8600.000 8290.000 8253.000
  8539.000 7922.000 8695.000 8053.000 8215.000 7746.000 8140.000 8379.000 8221.000 8315.000
  7741.000 8355.000 8025.000 7793.000 8043.000 7578.000 8437.000 7955.000 8151.000 8201.000
  7832.000 7673.000 7779.000 7940.000 7670.000 7673.000 8201.000 8005.000 7662.000 7744.000
  8103.000 7753.000 7996.000 8992.000 8031.000 8303.000 8118.000 8190.000 7503.000 8524.000
  8337.000 8205.000 8312.000 8103.000 8160.000 8644.000 8755.000 8234.000 8749.000 8125.000
  8997.000 8317.000 8981.000 8288.000 8607.000 8713.000 8722.000 7873.000 8359.000 8058.000
  8797.000 8049.000 8099.000 8360.000 8195.000 7711.000 8381.000 8313.000 8162.000 8314.000
  8588.000 8153.000 8519.000 7385.000 7810.000 8186.000 7866.000 7532.000 8756.000 7948.000
  8316.000 8273.000 8451.000 8367.000 8337.000 7959.000 7878.000 8066.000 8923.000 7825.000
  8059.000 8761.000 8275.000 8401.000 8193.000 8827.000 8522.000 9045.000 9076.000 8679.000
  8622.000 8639.000 8537.000 8644.000 8519.000 8415.000 8810.000 8778.000 8593.000 8504.000
  8865.000 8557.000 8433.000 8406.000 8521.000 8532.000 8333.000 8416.000 8404.000 8416.000
  7670.000 8557.000 8638.000 8590.000 8851.000 7907.000 7543.000 7919.000 8385.000 7642.000
  8375.000 8524.000 8072.000 7608.000 8662.000 8201.000 8384.000 7896.000 8655.000 8557.000
  8616.000 8302.000 8679.000 8242.000 8408.000 9075.000 8863.000 8403.000 8895.000 8475.000
  8620.000 8519.000 8844.000 8361.000 8614.000 8759.000 8813.000 8786.000 8960.000 8644.000
  8573.000 8814.000 8153.000 7819.000 8340.000 8663.000 8604.000 8942.000 8780.000 8216.000
  8419.000 8063.000 8233.000 8711.000 8475.000 8400.000 8693.000 7825.000 8225.000 7894.000
  7338.000 8589.000 8032.000 7850.000 8187.000 8489.000 8425.000 8484.000 8475.000 8507.000
  8306.000 8438.000 8708.000 8404.000 8665.000 8275.000 8917.000 8270.000 8809.000 8428.000
  8393.000 8921.000 9036.000 8622.000 9095.000 9176.000 9007.000 8959.000 8671.000 9035.000
  8943.000 8612.000 8529.000 8969.000 7834.000 8514.000 8500.000 8766.000 8619.000 8702.000
  8797.000 8771.142 8612.000 8867.714 8517.000 8327.000 8622.000 8887.714 8859.571 8287.714
  8359.142 8048.571 8184.285 8222.857 8116.857 8427.714 8729.142 8782.285 8277.428 8713.142
  8621.000 8386.000 8865.000 8840.000 8684.000 8699.000 8521.000 8548.000 9190.000 8685.000
  8778.000 9004.000 8771.000 8752.000 9172.000 9004.000 8985.000 9056.000 9093.000 9297.000
  9270.000 8939.000 9173.000 9135.000 8844.000 8899.000 8625.000 8582.000 8895.000 9090.000
  8653.000 9022.000 9324.000 8759.000 8540.000 8667.000 9060.000 8616.000 8854.000 9063.000
  8989.000 8411.000 8335.000 8645.000 8793.000 8551.000 8106.000 8454.000 8619.000 8421.000
  9020.000 8596.000 8666.000 8284.000 8458.000 8640.000 8737.000 8358.000 8834.000 8894.000
  8992.000 9299.000 8516.000 8529.000 8880.000 8833.000 9476.000 9050.000 8763.000 9177.000
  9563.000 9303.000 9381.000 9325.000 9668.000 9337.000 8886.000 8974.000 9166.000 8690.000
  9190.000 9156.000 8754.000 9413.000 9316.000 8995.000 9232.000 8725.000 8979.000 8776.000
  8930.000 9166.000 8726.000 8686.000 8411.000 8426.000 8543.000 8514.000 8627.000 8727.000
  8796.000 8970.000 8968.000 9044.000 8818.000 8731.000 9249.000 9338.000 8973.000 9255.000
  8926.000 9373.000 9119.000 9154.000 9259.000 9045.000 9219.000 9194.000 9199.000 9398.000
  9300.000 8840.000 9310.000 9263.000 9472.000 9521.000 9424.000 9267.000 9453.000 9234.000
  9005.000 8922.000 8915.000 8917.000 9177.000 8883.000 8977.000 9217.000 9237.000 8988.000
  9204.000 9107.000 9268.000 9068.000 9329.000 9287.000 8710.000 8695.000 8881.000 8848.000
  8837.000 8825.000 8898.000 8884.000 9014.000 9131.000 9069.000 9075.000 9095.000 9089.000
  9170.000 9306.000 9024.000 9175.000 9269.000

Estimation results:
Parameter          Estimate   Std. Error      T-ratio 
Sigma.autor        267.0178          NaN          NaN 
Sigma.level        -10.2013       0.0128      -3.3451 
Sigma.slope          0.0000          NaN          NaN 
Sigma.seasp{1}       0.0000          NaN          NaN 
Ar(1)                0.1927       0.0480       4.1210 
Parameter Sigma.autor is concentrated out of the likelihood

Prediction error variance           81072.2348
Residual standard error               284.7319

Information criteria:    
AIC       8706.1911 
BIC       8714.3737 

Residuals:
  -174.272   -7.997  -34.689  211.463   40.247  129.338  385.242   37.390   -6.956 -283.257 -129.777  -52.914
    98.408 -444.150  -39.748 -257.322    4.726  187.154 -199.058  375.595 -456.780  285.639  509.734  133.302
    39.319 -284.773  207.698 -208.676 -414.893 -368.205  -30.505 -249.700  121.560   70.346  164.201 -192.404
   121.372   87.115  -99.155  181.757   95.430  159.849 -371.166  109.793  130.032   45.022 -245.928 -213.660
   168.239 -368.333 -323.664  245.278  314.792  403.390   83.562 -165.920  206.669  366.451   42.855 -124.069
   -16.111 -494.987  189.735    9.595  485.565 -195.651   53.626   25.281 -138.208  -91.460 -386.740 -615.716
   373.998  242.978  -48.289  125.549  412.912   -8.217 -262.523 -367.120  237.711 -266.446   40.070  -37.067
  -182.551  442.510  201.896 -291.424  151.579 -156.100  499.924  -77.168  -96.597  387.786 -101.045  134.125
    39.566 -254.801   48.595  113.568  258.822  232.348  141.737  611.651 -207.845  107.925  434.343   71.134
  -225.482   83.234  102.702   59.087  -46.324 -771.508 -347.264  324.264   30.167   43.083  -16.696  -18.430
    42.498    8.209   -3.998 -250.792  239.781 -285.875  167.169 -831.293  -17.756  369.348  381.657  -10.521
   121.222 -114.010  -28.346 -115.774 -345.180   38.245 -346.844 -231.305 -276.843  206.363   -0.312 -104.677
   350.977 -541.260 -172.606  179.411  318.283  -28.785  -84.091  379.505  432.719  -79.210 -210.980  230.121
   187.871  261.484  379.594  154.457  490.885   84.196  -83.633  247.420  -50.252 -135.693  -42.375 -218.290
   154.431  230.620 -263.024  110.430  217.989  118.513  579.531   20.531  -97.740  483.251  -24.740 -319.425
   273.076  333.329 -141.673  550.401  241.722  -21.434  271.872  -22.464 -180.506 -311.103  228.317  203.516
   257.250 -592.251  121.090   30.229 -208.526  195.293  296.455  -97.110 -525.603  140.102  -28.742 -314.283
  -135.789 -401.328  595.859   93.961  195.111 -130.781 -179.088 -604.860  -47.734 -845.735  350.899  111.945
  -499.470   33.569  105.508   35.872  404.840  248.384 -287.240  206.899    1.457  -33.008 -280.943 -521.892
   -38.781 -337.500  104.446 -290.683  327.643 -388.001  -42.735 -173.834  -47.897  -73.435 -269.582  172.369
  -139.025 -184.241 -106.910  -88.348  123.538 -455.259 -408.006   88.530  297.301   37.178 -432.980  -18.366
   -79.863   64.255 -249.519  -32.329 -142.674 -197.989  -19.813   26.102  183.223 -124.209 -241.158  242.081
    72.184 -131.339 -429.130  -84.784  -28.294  -24.609 -251.384 -476.193   -0.476  414.271  214.687 -123.847
   338.658  -96.955 -311.452  320.219  107.572  140.359   39.426  252.725 -107.116  241.691   47.339   82.059
  -401.133  -92.496  302.693 -119.804  167.780  419.271  337.481  337.249   73.192  -40.760  244.977 -376.901
   279.602   73.080  150.570 -347.871  168.082  397.965  182.373  217.023 -514.669  146.327   89.587 -406.375
   -28.581  -94.231  376.220 -262.186 -127.330   82.290   86.765   46.064   96.154  403.482  162.783   12.294
   456.226  161.838 -237.691 -120.210   77.373 -340.784  -90.727  901.027  136.086  245.298  -32.638  -66.742
  -665.578  183.556   40.816 -114.308   56.578 -143.599 -307.368  -36.498  175.934 -187.792  153.744 -367.279
   454.055  -97.421  451.986 -156.141    5.141  370.439  501.308 -363.077   98.816 -122.932  406.370 -181.988
  -354.439  -78.832   30.186 -590.002   25.092  414.830   61.688 -143.957  133.454 -164.816  424.319 -355.311
  -144.074  349.321  168.581 -279.798  728.000  -16.816  186.726  262.564  288.870   88.804   57.464 -346.948
  -453.021 -200.040  518.763 -467.008 -313.598  304.559 -171.082 -119.916 -243.735  375.529   20.761  219.072
   289.567   36.506  -97.795 -135.920 -157.694  -78.842 -188.176 -276.192   34.490  188.389  173.213   50.634
   483.823  249.839  -82.339  -97.652  -31.150  -69.811  -48.277  -17.360  -95.729  200.474 -532.662 -143.421
    11.043   60.594  505.312  -13.063 -468.161 -214.194  423.751 -246.761  176.691  295.148 -149.615 -590.867
   249.533 -170.369  -38.054 -488.197  210.831  271.585  152.754 -182.197  222.176 -235.775

Sample autocorrelations and partial autocorrelations:
Order     Autcor         SE    Q-stats       DF P-values     Parcor         SE 
1        -0.0253     0.0476     0.2848        0     1.00    -0.0253     0.0476 
2        -0.0420     0.0476     1.0721        0     1.00    -0.0427     0.0476 
3         0.0344     0.0477     1.5996        1     0.21     0.0322     0.0476 
4         0.0728     0.0477     3.9733        2     0.14     0.0730     0.0476 
5        -0.0591     0.0480     5.5425        3     0.14    -0.0530     0.0476 
6        -0.0432     0.0482     6.3812        4     0.17    -0.0418     0.0476 
7        -0.0569     0.0482     7.8403        5     0.17    -0.0691     0.0476 
8         0.0152     0.0484     7.9450        6     0.24     0.0075     0.0476 
9         0.0124     0.0484     8.0150        7     0.33     0.0199     0.0476 
10       -0.0147     0.0484     8.1136        8     0.42    -0.0056     0.0476 
11        0.0520     0.0484     9.3463        9     0.41     0.0569     0.0476 
12        0.0443     0.0485    10.2433       10     0.42     0.0353     0.0476 
13        0.0140     0.0486    10.3334       11     0.50     0.0149     0.0476 
14        0.0213     0.0486    10.5405       12     0.57     0.0217     0.0476 
15       -0.0011     0.0487    10.5410       13     0.65    -0.0083     0.0476 
16        0.0602     0.0487    12.2078       14     0.59     0.0634     0.0476 
17        0.0403     0.0488    12.9569       15     0.61     0.0486     0.0476 
18        0.0027     0.0489    12.9603       16     0.68     0.0196     0.0476 
19       -0.0328     0.0489    13.4607       17     0.70    -0.0253     0.0476 
20        0.0689     0.0490    15.6696       18     0.62     0.0577     0.0476 
21       -0.0007     0.0492    15.6698       19     0.68     0.0030     0.0476 
22       -0.0110     0.0492    15.7262       20     0.73     0.0011     0.0476 
23       -0.0035     0.0492    15.7319       21     0.78     0.0038     0.0476 
24        0.0061     0.0492    15.7492       22     0.83    -0.0042     0.0476 
25       -0.0287     0.0492    16.1368       23     0.85    -0.0293     0.0476 
26        0.0623     0.0492    17.9649       24     0.80     0.0626     0.0476 
27        0.0011     0.0494    17.9655       25     0.84     0.0035     0.0476 
28        0.0348     0.0494    18.5408       26     0.86     0.0328     0.0476 
29        0.0159     0.0495    18.6608       27     0.88     0.0088     0.0476 
30       -0.0048     0.0495    18.6717       28     0.91    -0.0148     0.0476 
31        0.0247     0.0495    18.9631       29     0.92     0.0214     0.0476 
32        0.0055     0.0495    18.9776       30     0.94    -0.0058     0.0476 
33        0.0381     0.0495    19.6735       31     0.94     0.0480     0.0476 
34        0.0049     0.0496    19.6850       32     0.96     0.0066     0.0476 
35       -0.0644     0.0496    21.6851       33     0.93    -0.0622     0.0476 
36       -0.0491     0.0498    22.8485       34     0.93    -0.0559     0.0476 
_________
When DF is positive, P-values should be greater than 0.05
(at the 5 per cent level) for model adequacy

Residual diagnostics:             
Sample size         442 
                
Median              8.9022 
Mean                5.0270 
Std of mean        12.6697 
T-value of mean     0.3968 

                           P-values 
Normality (BS)      1.9822     0.37 
Skewness           -0.1482     0.20 
Kurtosis            3.1405     0.55 

                            P-value 
Durbin-Watson       2.0479     0.61 
                   
Standard error       284.7319 
Sigma square       81072.2348 
Residual variance  70950.6108 
Residual std. dev.   266.3656 

Approximate test of runs on residuals:               
Number of runs      207 
Number of (+)       221 
Number of (-)       221 
              
T-value            -1.4286 

Heteroscedasticity test:
         DF       stat  P-value 
H       147     1.1564     0.38 

Sample autocorrelations of squared residuals:
Order     Autcor         SE    Q-stats       DF P-values     Parcor         SE 
1        -0.0916     0.0476     3.7302        1     0.05    -0.0916     0.0476 
2         0.0031     0.0480     3.7344        2     0.15    -0.0054     0.0476 
3         0.0206     0.0480     3.9247        3     0.27     0.0206     0.0476 
4        -0.1094     0.0480     9.2848        4     0.05    -0.1065     0.0476 
5         0.0578     0.0485    10.7832        5     0.06     0.0390     0.0476 
6        -0.0363     0.0487    11.3762        6     0.08    -0.0288     0.0476 
7         0.0923     0.0488    15.2222        7     0.03     0.0924     0.0476 
8        -0.0726     0.0492    17.6033        8     0.02    -0.0725     0.0476 
9        -0.0299     0.0494    18.0087        9     0.04    -0.0302     0.0476 
10        0.0555     0.0494    19.4101       10     0.04     0.0392     0.0476 
11       -0.0367     0.0496    20.0237       11     0.05    -0.0046     0.0476 
12       -0.0614     0.0496    21.7444       12     0.04    -0.0914     0.0476 
13        0.0724     0.0498    24.1422       13     0.03     0.0671     0.0476 
14        0.0395     0.0500    24.8591       14     0.04     0.0541     0.0476 
15       -0.0511     0.0501    26.0592       15     0.04    -0.0412     0.0476 
16        0.0340     0.0502    26.5911       16     0.05     0.0120     0.0476 
17        0.0064     0.0503    26.6100       17     0.06     0.0199     0.0476 
18       -0.0262     0.0503    26.9276       18     0.08    -0.0142     0.0476 
19       -0.0352     0.0503    27.5014       19     0.09    -0.0412     0.0476 
20       -0.0124     0.0504    27.5734       20     0.12    -0.0342     0.0476 
21        0.0014     0.0504    27.5743       21     0.15    -0.0010     0.0476 
22        0.0234     0.0504    27.8301       22     0.18     0.0475     0.0476 
23        0.1193     0.0504    34.4960       23     0.06     0.1054     0.0476 
24       -0.0037     0.0510    34.5025       24     0.08     0.0039     0.0476 
25       -0.0558     0.0510    35.9698       25     0.07    -0.0361     0.0476 
26       -0.0165     0.0512    36.0980       26     0.09    -0.0206     0.0476 
27       -0.0148     0.0512    36.2019       27     0.11    -0.0137     0.0476 
28       -0.0233     0.0512    36.4588       28     0.13    -0.0319     0.0476 
29        0.0219     0.0512    36.6860       29     0.15     0.0132     0.0476 
30       -0.0325     0.0512    37.1890       30     0.17    -0.0523     0.0476 
31       -0.0670     0.0513    39.3337       31     0.14    -0.0643     0.0476 
32        0.1319     0.0515    47.6597       32     0.04     0.1433     0.0476 
33        0.0378     0.0523    48.3438       33     0.04     0.0659     0.0476 
34        0.0224     0.0523    48.5851       34     0.05     0.0243     0.0476 
35       -0.0751     0.0523    51.3076       35     0.04    -0.0783     0.0476 
36       -0.0390     0.0526    52.0415       36     0.04    -0.0503     0.0476 
_________
When DF is positive, P-values should be greater than 0.05
(at the 5 per cent level) for model adequacy
