Series:GWage_STSM
Number of observations:  167
 Year         I       II      III       IV
 1970     2.132    2.167    2.173    2.185
 1971     2.189    2.200    2.215    2.215
 1972     2.233    2.245    2.257    2.261
 1973     2.286    2.294    2.301    2.309
 1974     2.317    2.337    2.342    2.345
 1975     2.336    2.348    2.360    2.364
 1976     2.375    2.384    2.389    2.398
 1977     2.414    2.425    2.429    2.434
 1978     2.439    2.446    2.452    2.457
 1979     2.465    2.468    2.469    2.474
 1980     2.477    2.480    2.488    2.498
 1981     2.492    2.501    2.499    2.499
 1982     2.494    2.493    2.491    2.495
 1983     2.496    2.498    2.502    2.498
 1984     2.519    2.497    2.512    2.513
 1985     2.519    2.525    2.529    2.526
 1986     2.529    2.536    2.543    2.543
 1987     2.545    2.569    2.575    2.574
 1988     2.572    2.583    2.586    2.584
 1989     2.587    2.592    2.598    2.601
 1990     2.612    2.611    2.620    2.640
 1991     2.647    2.658    2.664    2.668
 1992     2.676    2.692    2.713    2.701
 1993     2.703    2.707    2.706    2.712
 1994     2.700    2.695    2.697    2.705
 1995     2.710    2.718    2.718    2.723
 1996     2.734    2.729    2.731    2.737
 1997     2.745    2.721    2.727    2.735
 1998     2.740    2.741    2.742    2.738
 1999     2.750    2.758    2.761    2.760
 2000     2.772    2.788    2.798    2.805
 2001     2.806    2.810    2.809    2.815
 2002     2.816    2.812    2.814    2.822
 2003     2.816    2.818    2.816    2.822
 2004     2.816    2.817    2.811    2.803
 2005     2.817    2.797    2.806    2.803
 2006     2.809    2.815    2.818    2.815
 2007     2.805    2.813    2.812    2.823
 2008     2.829    2.814    2.830    2.855
 2009     2.847    2.849    2.846    2.840
 2010     2.843    2.844    2.842    2.845
 2011     2.859    2.865    2.858

Estimation results:
Parameter        Estimate   Std. Error      T-ratio 
Sigma cycle        0.0215          NaN          NaN 
Sigma irreg.       0.0023       0.0678       2.5332 
Sigma level        0.0000          NaN          NaN 
Sigma slope        0.0004       0.0088       2.4366 
Cycle rho          0.9489       0.0270      35.7431 
Cycle freq.        0.1064       0.0487       1.0913 
Parameter Sigma cycle  is concentrated out of the likelihood

Coefficient of determination R_D^2      0.0293
Prediction error variance               0.0001
Residual standard error                 0.0081

Information criteria:    
AIC       -436.0573 
BIC       -423.6335 

Residuals:
    -0.054   -0.022   -0.034   -0.007    0.004   -0.033    0.014    0.003   -0.001   -0.021    0.034   -0.009
    -0.018   -0.009   -0.009    0.021   -0.017   -0.022   -0.053    0.008    0.010   -0.012    0.003    0.001
    -0.011   -0.002    0.018    0.003   -0.017   -0.014   -0.012   -0.006   -0.010   -0.008   -0.003   -0.016
    -0.019   -0.009   -0.012   -0.011    0.002    0.006   -0.036    0.003   -0.022   -0.020   -0.031   -0.019
    -0.019   -0.003   -0.009   -0.007   -0.004   -0.022    0.042   -0.074    0.024   -0.007    0.001    0.003
    -0.003   -0.023   -0.008    0.007    0.007   -0.014   -0.008    0.050    0.002   -0.017   -0.021    0.016
    -0.005   -0.019   -0.003    0.004    0.006   -0.003    0.018   -0.012    0.012    0.045    0.006    0.014
     0.001   -0.002    0.006    0.029    0.041   -0.046   -0.013   -0.004   -0.013    0.006   -0.042   -0.022
     0.001    0.018    0.006    0.017   -0.009    0.006    0.019   -0.022   -0.008    0.006    0.014   -0.074
     0.006    0.014    0.007   -0.006   -0.006   -0.017    0.024    0.012   -0.001   -0.016    0.020    0.034
     0.014    0.002   -0.013   -0.006   -0.017    0.002   -0.008   -0.022   -0.004    0.012   -0.025   -0.004
    -0.013    0.009   -0.022   -0.005   -0.020   -0.025    0.031   -0.054    0.019   -0.011    0.012    0.013
     0.002   -0.014   -0.032    0.014   -0.005    0.025    0.010   -0.047    0.034    0.062   -0.029   -0.008
    -0.018   -0.024    0.003   -0.001   -0.010    0.004    0.035    0.009   -0.024

Sample autocorrelations and partial autocorrelations:
Order     Autcor         SE    Q-stats       DF P-values     Parcor         SE 
1        -0.0602     0.0778     0.6088        0     1.00    -0.0602     0.0778 
2        -0.0179     0.0781     0.6633        0     1.00    -0.0217     0.0778 
3         0.0494     0.0782     1.0785        0     1.00     0.0472     0.0778 
4         0.1146     0.0783     3.3277        0     1.00     0.1209     0.0778 
5         0.1177     0.0794     5.7142        1     0.02     0.1372     0.0778 
6         0.0190     0.0804     5.7770        2     0.06     0.0409     0.0778 
7        -0.0021     0.0804     5.7777        3     0.12    -0.0049     0.0778 
8        -0.1582     0.0804    10.1690        4     0.04    -0.1938     0.0778 
9         0.1821     0.0823    16.0249        5     0.01     0.1266     0.0778 
10        0.0752     0.0847    17.0310        6     0.01     0.0757     0.0778 
11        0.0257     0.0851    17.1490        7     0.02     0.0660     0.0778 
12       -0.0284     0.0852    17.2946        8     0.03     0.0046     0.0778 
13        0.1114     0.0852    19.5452        9     0.02     0.1131     0.0778 
14        0.0018     0.0861    19.5457       10     0.03    -0.0448     0.0778 
15        0.0959     0.0861    21.2353       11     0.03     0.0667     0.0778 
16       -0.0094     0.0867    21.2518       12     0.05    -0.0565     0.0778 
17        0.0953     0.0867    22.9421       13     0.04     0.1479     0.0778 
18        0.1119     0.0874    25.2875       14     0.03     0.1072     0.0778 
19        0.0148     0.0882    25.3288       15     0.05     0.0220     0.0778 
20        0.0236     0.0883    25.4343       16     0.06    -0.0284     0.0778 
21        0.0511     0.0883    25.9330       17     0.08     0.0600     0.0778 
22       -0.0248     0.0885    26.0520       18     0.10    -0.1305     0.0778 
23       -0.0022     0.0885    26.0529       19     0.13    -0.0145     0.0778 
24        0.1310     0.0885    29.4075       20     0.08     0.0919     0.0778 
25       -0.0847     0.0897    30.8194       21     0.08    -0.0196     0.0778 
26       -0.1177     0.0902    33.5637       22     0.05    -0.1586     0.0778 
27        0.0565     0.0911    34.2020       23     0.06     0.0064     0.0778 
28        0.0808     0.0913    35.5138       24     0.06     0.0203     0.0778 
29        0.0114     0.0917    35.5401       25     0.08     0.0581     0.0778 
30        0.0752     0.0917    36.6937       26     0.08     0.0589     0.0778 
31       -0.0061     0.0921    36.7015       27     0.10     0.0383     0.0778 
32        0.0527     0.0921    37.2767       28     0.11     0.0728     0.0778 
33        0.0488     0.0923    37.7733       29     0.13    -0.0463     0.0778 
_________
When DF is positive, P-values should be greater than 0.05
(at the 5 per cent level) for model adequacy

Residual diagnostics:             
Sample size         165 
                
Median             -0.0044 
Mean               -0.0040 
Std of mean         0.0016 
T-value of mean    -2.4468 

                           P-values 
Normality (BS)     16.0206     0.00 
Skewness           -0.1625     0.39 
Kurtosis            4.4915     0.00 

                            P-value 
Durbin-Watson       2.0728     0.64 
                   
Standard error         0.0081 
Sigma square           0.0001 
Residual variance      0.0004 
Residual std. dev.     0.0209 

Approximate test of runs on residuals:               
Number of runs       81 
Number of (+)        83 
Number of (-)        82 
              
T-value            -0.3900 

Heteroscedasticity test:
         DF       stat  P-value 
H        55     1.1801     0.54 

Sample autocorrelations of squared residuals:
Order     Autcor         SE    Q-stats       DF P-values     Parcor         SE 
1         0.1184     0.0778     2.3557        1     0.12     0.1184     0.0778 
2         0.0166     0.0789     2.4021        2     0.30     0.0026     0.0778 
3        -0.1035     0.0790     4.2232        3     0.24    -0.1072     0.0778 
4        -0.1075     0.0798     6.2010        4     0.18    -0.0850     0.0778 
5        -0.0579     0.0806     6.7789        5     0.24    -0.0339     0.0778 
6        -0.0440     0.0809     7.1151        6     0.31    -0.0425     0.0778 
7        -0.0292     0.0810     7.2638        7     0.40    -0.0390     0.0778 
8        -0.0151     0.0811     7.3041        8     0.50    -0.0255     0.0778 
9        -0.0542     0.0811     7.8222        9     0.55    -0.0683     0.0778 
10       -0.0468     0.0813     8.2114       10     0.61    -0.0529     0.0778 
11       -0.0435     0.0815     8.5497       11     0.66    -0.0489     0.0778 
12        0.1247     0.0816    11.3507       12     0.50     0.1184     0.0778 
13        0.1339     0.0828    14.6007       13     0.33     0.0896     0.0778 
14        0.0318     0.0841    14.7857       14     0.39    -0.0207     0.0778 
15       -0.0361     0.0842    15.0253       15     0.45    -0.0385     0.0778 
16       -0.0442     0.0843    15.3866       16     0.50    -0.0051     0.0778 
17       -0.0708     0.0844    16.3197       17     0.50    -0.0432     0.0778 
18        0.0651     0.0848    17.1148       18     0.52     0.0894     0.0778 
19        0.0072     0.0851    17.1244       19     0.58    -0.0045     0.0778 
20       -0.0108     0.0851    17.1464       20     0.64    -0.0310     0.0778 
21       -0.0701     0.0851    18.0880       21     0.64    -0.0635     0.0778 
22       -0.0834     0.0854    19.4298       22     0.62    -0.0520     0.0778 
23       -0.0538     0.0859    19.9914       23     0.64    -0.0215     0.0778 
24       -0.0621     0.0861    20.7458       24     0.65    -0.0742     0.0778 
25       -0.0325     0.0864    20.9533       25     0.70    -0.0782     0.0778 
26        0.1028     0.0865    23.0468       26     0.63     0.0696     0.0778 
27       -0.0043     0.0872    23.0505       27     0.68    -0.0501     0.0778 
28       -0.0689     0.0872    24.0064       28     0.68    -0.1021     0.0778 
29       -0.0764     0.0875    25.1882       29     0.67    -0.0516     0.0778 
30       -0.0723     0.0879    26.2537       30     0.66    -0.0862     0.0778 
31       -0.0707     0.0883    27.2816       31     0.66    -0.1261     0.0778 
32        0.0826     0.0886    28.6943       32     0.63     0.0618     0.0778 
33        0.0138     0.0891    28.7338       33     0.68    -0.0272     0.0778 
_________
When DF is positive, P-values should be greater than 0.05
(at the 5 per cent level) for model adequacy
