Regression matrix is extended with mean values for prediction
in the first round of the program
Series:IPI1IEP
Number of observations:   74
 Year       Jan      Feb      Mar      Apr      May      Jun      Jul      Aug      Sep      Oct      Nov      Dec
 2011                                                                                              105.45    94.42
 2012     98.52   101.42   104.14    91.36   103.71   102.10   104.41    80.73    94.53   101.95    97.22    84.80
 2013     94.95    92.56    93.33    97.04   100.61    97.31   105.38    77.20    97.95   103.11    97.08    88.28
 2014     94.69    95.18   100.86    94.96   101.24    99.99   106.53    75.34   101.47   104.02    96.79    91.04
 2015     92.48    96.27   105.90    97.29   102.54   107.40   112.94    79.08   105.41   103.85   102.66    94.17
 2016     95.37   102.68   104.91   106.32   104.97   106.30   104.11    83.68   106.29   102.55   107.60    94.06
 2017    101.93   101.27   114.69    94.76   111.42   111.02   107.00    85.89   106.46   109.45   112.68    97.02


Identified model is: ( 0 , 1 , 1 )( 0 , 0 , 0 )_ 12

Initial parameter values:
     -0.6998

Arima Estimation (Levenberg-Marquardt):
Number of iterations:     2
Number of function evaluations:     5
Parameter     Estimate   Std. Error      T-ratio        Lag 
ma1            -0.7412       0.1127      -6.5778          1 

Residual standard error:     3.1760

Root          Real p.     Imag. p.      Modulus  Argument    Period 
rmaroot1       0.7412       0.0000       0.7412    0.0000       Inf 


Correlations of the estimates:
Parameter          ma1 
ma1             1.0000 

Parameter     Estimate   Std. Error    T-ratio 
inp1_0         0.82902      0.04869      17.03 
inp1_1         0.00522      0.05137       0.10 
inp1_2        -0.04665      0.05356      -0.87 
inp1_3        -0.03597      0.05471      -0.66 
inp1_4         0.29385      0.05459       5.38 
inp1_5        -0.06788      0.05363      -1.27 
inp1_6        -0.10622      0.05373      -1.98 
inp1_7        -0.02283      0.05358      -0.43 
inp1_8         0.02746      0.05291       0.52 
inp1_9        -0.03084      0.05067      -0.61 
inp1_10       -0.11187      0.04948      -2.26 


Correlations of the regression estimates:
Parameter       inp1_0       inp1_1       inp1_2       inp1_3       inp1_4       inp1_5 
inp1_0          1.0000       0.3640       0.2858       0.2171       0.0619       0.0705 
inp1_1          0.3640       1.0000       0.4232       0.3548       0.2297       0.1070 
inp1_2          0.2858       0.4232       1.0000       0.4724       0.3607       0.2393 
inp1_3          0.2171       0.3548       0.4724       1.0000       0.4983       0.3773 
inp1_4          0.0619       0.2297       0.3607       0.4983       1.0000       0.4761 
inp1_5          0.0705       0.1070       0.2393       0.3773       0.4761       1.0000 
inp1_6         -0.1997      -0.0196       0.0361       0.2153       0.3450       0.4419 
inp1_7         -0.0195      -0.2051      -0.0259       0.0514       0.2097       0.3279 
inp1_8         -0.0498      -0.0622      -0.2188       0.0059       0.0412       0.1757 
inp1_9          0.0664      -0.0795      -0.0651      -0.1940       0.0109       0.0909 
inp1_10         0.1876       0.0784      -0.0338      -0.0023      -0.1619       0.0640 
Parameter       inp1_6       inp1_7       inp1_8       inp1_9      inp1_10 
inp1_0         -0.1997      -0.0195      -0.0498       0.0664       0.1876 
inp1_1         -0.0196      -0.2051      -0.0622      -0.0795       0.0784 
inp1_2          0.0361      -0.0259      -0.2188      -0.0651      -0.0338 
inp1_3          0.2153       0.0514       0.0059      -0.1940      -0.0023 
inp1_4          0.3450       0.2097       0.0412       0.0109      -0.1619 
inp1_5          0.4419       0.3279       0.1757       0.0909       0.0640 
inp1_6          1.0000       0.4270       0.3020       0.1470       0.0500 
inp1_7          0.4270       1.0000       0.4223       0.2997       0.1524 
inp1_8          0.3020       0.4223       1.0000       0.3968       0.2954 
inp1_9          0.1470       0.2997       0.3968       1.0000       0.3374 
inp1_10         0.0500       0.1524       0.2954       0.3374       1.0000 


Information criteria:    
AIC        627.7778 
BIC        655.2634 

Residuals:
    -3.220   -0.457    2.237   -3.556    0.623    3.884    1.364    0.314    6.741   -6.108   -0.070    2.868
    -1.610   -4.830   -2.187    2.565    1.068   -2.596    5.413   -1.652    2.364   -3.300    3.223    0.861
    -5.271   -1.865   -1.090    1.748    4.071   -0.462    5.065   -0.856    0.937   -1.472    6.711    2.023
    -6.218   -3.639    1.648    5.080    3.596    3.730    0.744   -2.474    1.571   -3.026    0.197   -1.751
    -2.432   -3.133   -2.779   -0.036    2.107   -3.023    1.177    1.793   -2.764    3.209   -6.235    3.068
    -0.411    2.515

Sample autocorrelations and partial autocorrelations:
Order     Autcor         SE    Q-stats       DF P-values     Parcor         SE 
1        -0.1242     0.1270     1.0031        0     1.00    -0.1242     0.1270 
2        -0.0298     0.1289     1.0620        1     0.30    -0.0460     0.1270 
3        -0.0605     0.1291     1.3085        2     0.52    -0.0714     0.1270 
4        -0.0021     0.1295     1.3088        3     0.73    -0.0211     0.1270 
5        -0.0417     0.1295     1.4296        4     0.84    -0.0514     0.1270 
6        -0.1033     0.1297     2.1864        5     0.82    -0.1242     0.1270 
7         0.0475     0.1310     2.3492        6     0.88     0.0108     0.1270 
8        -0.0834     0.1313     2.8603        7     0.90    -0.0972     0.1270 
9        -0.1653     0.1322     4.9065        8     0.77    -0.2154     0.1270 
10        0.0977     0.1355     5.6356        9     0.78     0.0326     0.1270 
11        0.0180     0.1366     5.6608       10     0.84    -0.0119     0.1270 
12        0.2835     0.1366    12.0410       11     0.36     0.2693     0.1270 
13        0.0146     0.1458    12.0581       12     0.44     0.1118     0.1270 
14       -0.0412     0.1458    12.1984       13     0.51    -0.0334     0.1270 
15       -0.1352     0.1460    13.7423       14     0.47    -0.1528     0.1270 
16       -0.0478     0.1480    13.9396       15     0.53    -0.0867     0.1270 
17       -0.0537     0.1483    14.1941       16     0.58    -0.1170     0.1270 
18       -0.1362     0.1486    15.8676       17     0.53    -0.1655     0.1270 
19       -0.0859     0.1506    16.5488       18     0.55    -0.1629     0.1270 
20        0.0296     0.1514    16.6316       19     0.61    -0.0142     0.1270 
21       -0.0391     0.1515    16.7798       20     0.67     0.0209     0.1270 
22        0.0912     0.1516    17.6040       21     0.67     0.0671     0.1270 
23        0.0887     0.1525    18.4045       22     0.68     0.0484     0.1270 
24        0.1231     0.1534    19.9881       23     0.64    -0.0092     0.1270 
25       -0.0773     0.1549    20.6295       24     0.66    -0.1376     0.1270 
26        0.0232     0.1556    20.6887       25     0.71    -0.0381     0.1270 
27        0.0351     0.1556    20.8282       26     0.75     0.0523     0.1270 
28       -0.1242     0.1558    22.6291       27     0.70    -0.0874     0.1270 
29        0.0495     0.1573    22.9242       28     0.74     0.1250     0.1270 
30       -0.0870     0.1576    23.8635       29     0.74     0.0211     0.1270 
31       -0.0836     0.1584    24.7587       30     0.74    -0.0411     0.1270 
32        0.0350     0.1591    24.9208       31     0.77     0.0100     0.1270 
33        0.0987     0.1592    26.2541       32     0.75     0.0181     0.1270 
34        0.0915     0.1602    27.4413       33     0.74    -0.0572     0.1270 
35       -0.0488     0.1610    27.7920       34     0.76    -0.1001     0.1270 
36        0.0809     0.1613    28.7896       35     0.76    -0.0351     0.1270 
_________
When DF is positive, P-values should be greater than 0.05
(at the 5 per cent level) for model adequacy

Pierce Qs:
Order    Qs-stat      DF  P-value 
1         6.3801       1     0.01 
2         7.9637       2     0.02 
3         8.9614       3     0.03 


Residual diagnostics:             
Sample size          62 
                
Median              0.2557 
Mean                0.0967 
Std of mean         0.3999 
T-value of mean     0.2418 

                           P-values 
Normality (BS)      0.9760     0.61 
Skewness           -0.0254     0.94 
Kurtosis            2.3874     0.32 

                            P-value 
Durbin-Watson       2.2212     0.38 
                   
Standard error         3.1760 
Sigma square          10.0871 
Residual variance      9.9150 
Residual std. dev.     3.1488 

Approximate test of runs on residuals:               
Number of runs       36 
Number of (+)        31 
Number of (-)        31 
              
T-value             1.0244 

Heteroscedasticity test:
         DF       stat  P-value 
H        21     0.6822     0.39 

Sample autocorrelations of squared residuals:
Order     Autcor         SE    Q-stats       DF P-values     Parcor         SE 
1        -0.0722     0.1270     0.3390        1     0.56    -0.0722     0.1270 
2        -0.0536     0.1277     0.5293        2     0.77    -0.0592     0.1270 
3        -0.0584     0.1280     0.7589        3     0.86    -0.0674     0.1270 
4         0.0432     0.1285     0.8868        4     0.93     0.0306     0.1270 
5         0.0360     0.1287     0.9770        5     0.96     0.0350     0.1270 
6         0.1374     0.1288     2.3152        6     0.89     0.1458     0.1270 
7        -0.2308     0.1312     6.1581        7     0.52    -0.2065     0.1270 
8        -0.1862     0.1376     8.7046        8     0.37    -0.2135     0.1270 
9         0.0674     0.1416     9.0452        9     0.43     0.0286     0.1270 
10        0.0776     0.1421     9.5045       10     0.48     0.0425     0.1270 
11       -0.1273     0.1428    10.7649       11     0.46    -0.1400     0.1270 
12       -0.0324     0.1446    10.8480       12     0.54    -0.0417     0.1270 
13        0.0074     0.1447    10.8524       13     0.62     0.0801     0.1270 
14       -0.1867     0.1447    13.7352       14     0.47    -0.2317     0.1270 
15        0.0454     0.1486    13.9091       15     0.53    -0.1106     0.1270 
16        0.0641     0.1488    14.2639       16     0.58     0.0567     0.1270 
17       -0.0765     0.1492    14.7798       17     0.61    -0.0190     0.1270 
18       -0.0909     0.1499    15.5251       18     0.63    -0.1794     0.1270 
19        0.0943     0.1508    16.3464       19     0.63     0.0243     0.1270 
20       -0.1728     0.1517    19.1677       20     0.51    -0.1261     0.1270 
21        0.1086     0.1548    20.3084       21     0.50    -0.0245     0.1270 
22        0.1027     0.1561    21.3540       22     0.50     0.0003     0.1270 
23       -0.0352     0.1572    21.4803       23     0.55     0.0018     0.1270 
24       -0.0653     0.1573    21.9258       24     0.58    -0.0339     0.1270 
25        0.0937     0.1577    22.8664       25     0.59    -0.0558     0.1270 
26        0.0529     0.1586    23.1748       26     0.62     0.0575     0.1270 
27        0.0035     0.1589    23.1761       27     0.68    -0.0404     0.1270 
28        0.1988     0.1589    27.7905       28     0.48     0.1486     0.1270 
29       -0.0638     0.1629    28.2804       29     0.50    -0.0056     0.1270 
30       -0.0339     0.1633    28.4232       30     0.55     0.0238     0.1270 
31        0.1162     0.1634    30.1513       31     0.51     0.0599     0.1270 
32       -0.0255     0.1647    30.2376       32     0.56    -0.0931     0.1270 
33       -0.1029     0.1648    31.6877       33     0.53    -0.0368     0.1270 
34        0.0323     0.1658    31.8357       34     0.57    -0.0202     0.1270 
35       -0.0836     0.1659    32.8617       35     0.57    -0.0310     0.1270 
36       -0.0152     0.1666    32.8971       36     0.62     0.0432     0.1270 
_________
When DF is positive, P-values should be greater than 0.05
(at the 5 per cent level) for model adequacy

Second Round of the Program:


Arima Estimation (Levenberg-Marquardt):
Number of iterations:     4
Number of function evaluations:    13

   Model changed to: ( 0 , 1 , 1 )( 0 , 1 , 1 )_ 12

Arima Estimation (Levenberg-Marquardt):
Number of iterations:     4
Number of function evaluations:    17
Parameter     Estimate   Std. Error      T-ratio        Lag 
ma1            -0.7141       0.0744      -9.5934          1 
ma12           -0.5394       0.1988      -2.7138         12 
omg10           0.6180       0.0668       9.2588          1 

Residual standard error:     2.7849

Root          Real p.     Imag. p.      Modulus  Argument    Period 
rmaroot1       0.7141       0.0000       0.7141    0.0000       Inf 
smaroot1       0.5394       0.0000       0.5394    0.0000       Inf 


Correlations of the estimates:
Parameter          ma1         ma12        omg10 
ma1             1.0000       0.0724       0.0837 
ma12            0.0724       1.0000       0.2109 
omg10           0.0837       0.2109       1.0000 


Information criteria:    
AIC        586.3687 
BIC        593.1567 

Residuals:
    -0.826   -4.685    0.767    3.341   -1.188    1.548    0.612   -3.740    1.532   -1.747   -2.667    3.942
    -0.210    2.767    6.086    1.002    1.664    1.623    0.429    2.413    4.197    1.085   -4.176    1.613
     1.558    0.864    0.841    0.696   -1.632   -0.158    0.630    3.315    0.867   -1.458   -1.667   -0.058
     1.266    4.225    1.904   -1.695    2.063   -0.554    0.716    3.815    0.532    0.813   -2.664    1.717
     2.394    2.354    5.540   -6.577    0.454   -4.137    2.245   -0.359   -4.273    1.117    0.519   -0.293
    -3.810    0.902   -7.206    1.488    2.475   -2.210    1.422   -5.745    3.872    1.407    3.176

Sample autocorrelations and partial autocorrelations:
Order     Autcor         SE    Q-stats       DF P-values     Parcor         SE 
1        -0.0948     0.1187     0.6658        0     1.00    -0.0948     0.1187 
2         0.0591     0.1197     0.9278        0     1.00     0.0505     0.1187 
3        -0.0059     0.1202     0.9305        0     1.00     0.0042     0.1187 
4        -0.1320     0.1202     2.2781        1     0.13    -0.1367     0.1187 
5         0.2604     0.1222     7.6029        2     0.02     0.2437     0.1187 
6         0.1272     0.1298     8.8927        3     0.03     0.1968     0.1187 
7         0.1236     0.1315    10.1295        4     0.04     0.1321     0.1187 
8        -0.1890     0.1331    13.0697        5     0.02    -0.2248     0.1187 
9         0.0914     0.1369    13.7684        6     0.03     0.1215     0.1187 
10       -0.1008     0.1377    14.6322        7     0.04    -0.0915     0.1187 
11        0.1663     0.1388    17.0219        8     0.03     0.1107     0.1187 
12        0.0588     0.1415    17.3254        9     0.04    -0.0755     0.1187 
13       -0.1431     0.1419    19.1549       10     0.04    -0.0674     0.1187 
14        0.0222     0.1439    19.1999       11     0.06    -0.0422     0.1187 
15       -0.1587     0.1439    21.5301       12     0.04    -0.0500     0.1187 
16        0.0757     0.1464    22.0700       13     0.05    -0.0409     0.1187 
17       -0.0379     0.1469    22.2077       14     0.07    -0.0500     0.1187 
18        0.0720     0.1471    22.7150       15     0.09     0.0602     0.1187 
19       -0.1116     0.1476    23.9564       16     0.09    -0.0368     0.1187 
20       -0.0146     0.1488    23.9781       17     0.12     0.0377     0.1187 
21        0.1268     0.1488    25.6441       18     0.11     0.1596     0.1187 
22       -0.0792     0.1503    26.3071       19     0.12     0.0031     0.1187 
23        0.1268     0.1509    28.0430       20     0.11     0.0147     0.1187 
24        0.0161     0.1524    28.0716       21     0.14     0.1396     0.1187 
25       -0.0629     0.1524    28.5167       22     0.16    -0.0595     0.1187 
26        0.0816     0.1528    29.2827       23     0.17     0.0618     0.1187 
27        0.0383     0.1534    29.4550       24     0.20    -0.0119     0.1187 
28        0.0201     0.1535    29.5036       25     0.24     0.0129     0.1187 
29        0.1124     0.1535    31.0628       26     0.23     0.0627     0.1187 
30       -0.0594     0.1547    31.5088       27     0.25    -0.0974     0.1187 
31       -0.0333     0.1550    31.6526       28     0.29    -0.0397     0.1187 
32        0.0476     0.1551    31.9533       29     0.32    -0.0372     0.1187 
33        0.0323     0.1553    32.0956       30     0.36     0.0575     0.1187 
34        0.1174     0.1554    34.0261       31     0.32     0.0993     0.1187 
35       -0.0245     0.1567    34.1123       32     0.37    -0.0708     0.1187 
36       -0.1081     0.1567    35.8419       33     0.34    -0.0746     0.1187 
_________
When DF is positive, P-values should be greater than 0.05
(at the 5 per cent level) for model adequacy

Pierce Qs:
Order    Qs-stat      DF  P-value 
1         0.3035       0     1.00 
2         0.3321       1     0.56 
3         2.0617       2     0.36 


Residual diagnostics:             
Sample size          71 
                
Median              0.8406 
Mean                0.3672 
Std of mean         0.3205 
T-value of mean     1.1457 

                           P-values 
Normality (BS)      5.9639     0.05 
Skewness           -0.6787     0.02 
Kurtosis            3.4165     0.47 

                            P-value 
Durbin-Watson       2.1692     0.48 
                   
Standard error         2.7849 
Sigma square           7.7557 
Residual variance      7.2931 
Residual std. dev.     2.7006 

Approximate test of runs on residuals:               
Number of runs       36 
Number of (+)        36 
Number of (-)        35 
              
T-value            -0.1179 

Heteroscedasticity test:
         DF       stat  P-value 
H        24     1.5465     0.29 

Sample autocorrelations of squared residuals:
Order     Autcor         SE    Q-stats       DF P-values     Parcor         SE 
1        -0.0558     0.1187     0.2302        1     0.63    -0.0558     0.1187 
2         0.0271     0.1190     0.2852        2     0.87     0.0240     0.1187 
3         0.0271     0.1191     0.3412        3     0.95     0.0300     0.1187 
4        -0.1321     0.1192     1.6911        4     0.79    -0.1302     0.1187 
5         0.0683     0.1213     2.0574        5     0.84     0.0540     0.1187 
6         0.1590     0.1218     4.0722        6     0.67     0.1758     0.1187 
7        -0.0873     0.1247     4.6900        7     0.70    -0.0721     0.1187 
8        -0.0221     0.1256     4.7303        8     0.79    -0.0667     0.1187 
9         0.0142     0.1256     4.7471        9     0.86     0.0307     0.1187 
10       -0.0954     0.1256     5.5211       10     0.85    -0.0494     0.1187 
11        0.2188     0.1266     9.6581       11     0.56     0.1791     0.1187 
12        0.0600     0.1319     9.9743       12     0.62     0.0613     0.1187 
13        0.0473     0.1322    10.1743       13     0.68     0.0748     0.1187 
14        0.0137     0.1325    10.1914       14     0.75    -0.0065     0.1187 
15       -0.0973     0.1325    11.0677       15     0.75    -0.0667     0.1187 
16        0.0368     0.1335    11.1954       16     0.80     0.0469     0.1187 
17        0.1362     0.1337    12.9755       17     0.74     0.0968     0.1187 
18       -0.1059     0.1356    14.0718       18     0.72    -0.1133     0.1187 
19        0.0702     0.1368    14.5625       19     0.75     0.0453     0.1187 
20       -0.0581     0.1373    14.9058       20     0.78    -0.0302     0.1187 
21       -0.0637     0.1376    15.3263       21     0.81     0.0023     0.1187 
22       -0.1026     0.1380    16.4393       22     0.79    -0.2185     0.1187 
23        0.0036     0.1391    16.4406       23     0.84    -0.0323     0.1187 
24       -0.0353     0.1391    16.5779       24     0.87    -0.0127     0.1187 
25       -0.0026     0.1392    16.5787       25     0.90    -0.0491     0.1187 
26       -0.0863     0.1392    17.4371       26     0.90    -0.1055     0.1187 
27       -0.0900     0.1400    18.3918       27     0.89    -0.0664     0.1187 
28       -0.0445     0.1408    18.6302       28     0.91    -0.0853     0.1187 
29        0.0350     0.1410    18.7814       29     0.93     0.0497     0.1187 
30        0.0233     0.1411    18.8497       30     0.94    -0.0345     0.1187 
31        0.0503     0.1412    19.1776       31     0.95     0.1038     0.1187 
32       -0.0857     0.1414    20.1532       32     0.95    -0.0899     0.1187 
33       -0.0899     0.1421    21.2549       33     0.94    -0.0399     0.1187 
34       -0.0431     0.1429    21.5153       34     0.95    -0.0167     0.1187 
35       -0.1330     0.1431    24.0602       35     0.92    -0.1026     0.1187 
36        0.1055     0.1448    25.7096       36     0.90     0.0692     0.1187 
_________
When DF is positive, P-values should be greater than 0.05
(at the 5 per cent level) for model adequacy

      Obs.    Forecasts   Std. Error 
        85     104.6442       4.0036 
        86     105.6136       4.0873 
        87     114.2190       4.2248 
        88     103.7080       4.3580 

Elapsed time:     0.43

