Series:lbsales
Number of observations:   77
 Year       Jan      Feb      Mar      Apr      May      Jun      Jul      Aug      Sep      Oct      Nov      Dec
 1965    154.00    96.00    73.00    49.00    36.00    59.00    95.00   169.00   210.00   278.00   298.00   245.00
 1966    200.00   118.00    90.00    79.00    78.00    91.00   167.00   169.00   289.00   347.00   375.00   203.00
 1967    223.00   104.00   107.00    85.00    75.00    99.00   135.00   211.00   335.00   460.00   488.00   326.00
 1968    346.00   261.00   224.00   141.00   148.00   145.00   223.00   272.00   445.00   560.00   612.00   467.00
 1969    518.00   404.00   300.00   210.00   196.00   186.00   247.00   343.00   464.00   680.00   711.00   610.00
 1970    613.00   392.00   273.00   322.00   189.00   257.00   324.00   404.00   677.00   858.00   895.00   664.00
 1971    628.00   308.00   324.00   248.00   272.00

Logs of the series:
Number of observations:   77
 Year       Jan      Feb      Mar      Apr      May      Jun      Jul      Aug      Sep      Oct      Nov      Dec
 1965      5.04     4.56     4.29     3.89     3.58     4.08     4.55     5.13     5.35     5.63     5.70     5.50
 1966      5.30     4.77     4.50     4.37     4.36     4.51     5.12     5.13     5.67     5.85     5.93     5.31
 1967      5.41     4.64     4.67     4.44     4.32     4.60     4.91     5.35     5.81     6.13     6.19     5.79
 1968      5.85     5.56     5.41     4.95     5.00     4.98     5.41     5.61     6.10     6.33     6.42     6.15
 1969      6.25     6.00     5.70     5.35     5.28     5.23     5.51     5.84     6.14     6.52     6.57     6.41
 1970      6.42     5.97     5.61     5.77     5.24     5.55     5.78     6.00     6.52     6.75     6.80     6.50
 1971      6.44     5.73     5.78     5.51     5.61


   Model changed to: ( 2 , 1 , 0 )( 0 , 1 , 1 )_ 12  in logs


Identified model is: ( 2 , 1 , 0 )( 0 , 1 , 1 )_ 12  in logs

Initial parameter values:
      0.4819     -0.1122     -0.4334

Arima Estimation (Levenberg-Marquardt):
Number of iterations:     5
Number of function evaluations:    21
Parameter     Estimate   Std. Error      T-ratio        Lag 
phi1            0.3823       0.1494       2.5592          1 
phi2           -0.1296       0.1313      -0.9871          1 
ma12           -0.7879       0.3508      -2.2461         12 

Residual standard error:     0.1677

Root          Real p.     Imag. p.      Modulus  Argument    Period 
rarroot1      -0.5988       0.0000       0.5988   -0.0000       Inf 
rarroot2       0.2164       0.0000       0.2164    0.0000       Inf 
smaroot1       0.7879       0.0000       0.7879    0.0000       Inf 


Correlations of the estimates:
Parameter         phi1         phi2         ma12 
phi1            1.0000       0.4831       0.5167 
phi2            0.4831       1.0000       0.2209 
ma12            0.5167       0.2209       1.0000 


Information criteria:    
AIC        169.4259 
BIC        175.9025 

Residuals:
    -0.039   -0.016    0.217    0.313   -0.206   -0.029   -0.370    0.069    0.075   -0.053   -0.323    0.121
    -0.108    0.150    0.161    0.004   -0.031   -0.227    0.068    0.157    0.083    0.014   -0.020    0.120
     0.340    0.110   -0.236    0.105   -0.211   -0.168   -0.109    0.029    0.016   -0.000    0.138    0.161
     0.273   -0.053   -0.125    0.019   -0.240   -0.260   -0.003   -0.097    0.073    0.036    0.180    0.066
    -0.043   -0.165    0.419   -0.237   -0.067   -0.052   -0.173    0.103    0.006   -0.057    0.009   -0.064
    -0.299    0.189    0.083    0.221

Sample autocorrelations and partial autocorrelations:
Order     Autcor         SE    Q-stats       DF P-values     Parcor         SE 
1         0.0043     0.1250     0.0012        0     1.00     0.0043     0.1250 
2        -0.0104     0.1250     0.0086        0     1.00    -0.0104     0.1250 
3        -0.1201     0.1250     1.0071        0     1.00    -0.1200     0.1250 
4        -0.1183     0.1268     1.9924        1     0.16    -0.1193     0.1250 
5        -0.0733     0.1285     2.3771        2     0.30    -0.0789     0.1250 
6        -0.0269     0.1292     2.4297        3     0.49    -0.0478     0.1250 
7        -0.2654     0.1293     7.6507        4     0.11    -0.3095     0.1250 
8        -0.0610     0.1375     7.9314        5     0.16    -0.1304     0.1250 
9        -0.0721     0.1379     8.3308        6     0.21    -0.1560     0.1250 
10       -0.0846     0.1385     8.8900        7     0.26    -0.2551     0.1250 
11        0.3937     0.1393    21.2418        8     0.01     0.2773     0.1250 
12        0.1351     0.1557    22.7243        9     0.01     0.0537     0.1250 
13        0.0450     0.1576    22.8921       10     0.01    -0.0287     0.1250 
14       -0.1101     0.1578    23.9164       11     0.01    -0.1663     0.1250 
15       -0.0966     0.1590    24.7202       12     0.02    -0.1120     0.1250 
16        0.0698     0.1599    25.1484       13     0.02     0.0828     0.1250 
17       -0.0418     0.1603    25.3058       14     0.03    -0.1678     0.1250 
18       -0.1479     0.1605    27.3137       15     0.03    -0.0468     0.1250 
19       -0.0142     0.1626    27.3327       16     0.04     0.0334     0.1250 
20        0.0229     0.1626    27.3832       17     0.05     0.0577     0.1250 
21        0.0075     0.1627    27.3886       18     0.07     0.0422     0.1250 
22        0.1036     0.1627    28.4676       19     0.07    -0.0992     0.1250 
23        0.0828     0.1637    29.1733       20     0.08     0.0470     0.1250 
24       -0.1055     0.1644    30.3490       21     0.09    -0.2958     0.1250 
25       -0.0060     0.1654    30.3530       22     0.11     0.0013     0.1250 
26       -0.0100     0.1654    30.3641       23     0.14     0.1374     0.1250 
27       -0.0487     0.1655    30.6350       24     0.16    -0.2215     0.1250 
28        0.0266     0.1657    30.7180       25     0.20     0.0564     0.1250 
29       -0.0695     0.1657    31.3015       26     0.22    -0.0758     0.1250 
30       -0.0741     0.1662    31.9845       27     0.23    -0.0452     0.1250 
31        0.1508     0.1667    34.8944       28     0.17     0.0433     0.1250 
32        0.0812     0.1688    35.7646       29     0.18    -0.0760     0.1250 
33       -0.0428     0.1694    36.0144       30     0.21    -0.0415     0.1250 
34        0.0814     0.1696    36.9477       31     0.21    -0.1026     0.1250 
35       -0.0794     0.1702    37.8670       32     0.22     0.0843     0.1250 
36       -0.0271     0.1708    37.9775       33     0.25    -0.0420     0.1250 
_________
When DF is positive, P-values should be greater than 0.05
(at the 5 per cent level) for model adequacy

Pierce Qs:
Order    Qs-stat      DF  P-value 
1         1.4825       0     1.00 
2         2.6583       1     0.10 
3         2.7687       2     0.25 


Stable seasonality F-test based on residuals:
        DFn     DFd       stat  P-value 
F        11      53     1.6396     0.23 


Residual diagnostics:             
Sample size          64 
                
Median              0.0050 
Mean                0.0008 
Std of mean         0.0205 
T-value of mean     0.0372 

                           P-values 
Normality (BS)      0.0557     0.97 
Skewness            0.0074     0.98 
Kurtosis            2.8562     0.81 

                            P-value 
Durbin-Watson       1.9622     0.88 
                   
Standard error         0.1677 
Sigma square           0.0281 
Residual variance      0.0268 
Residual std. dev.     0.1637 

Approximate test of runs on residuals:               
Number of runs       30 
Number of (+)        32 
Number of (-)        32 
              
T-value            -0.7560 

Heteroscedasticity test:
         DF       stat  P-value 
H        21     0.9046     0.82 

Sample autocorrelations of squared residuals:
Order     Autcor         SE    Q-stats       DF P-values     Parcor         SE 
1         0.0048     0.1250     0.0015        1     0.97     0.0048     0.1250 
2        -0.1527     0.1250     1.5909        2     0.45    -0.1528     0.1250 
3        -0.1037     0.1279     2.3360        3     0.51    -0.1046     0.1250 
4         0.1274     0.1292     3.4792        4     0.48     0.1073     0.1250 
5        -0.1393     0.1311     4.8694        5     0.43    -0.1779     0.1250 
6        -0.1765     0.1334     7.1372        6     0.31    -0.1622     0.1250 
7         0.0081     0.1370     7.1421        7     0.41    -0.0122     0.1250 
8        -0.1582     0.1370     9.0305        8     0.34    -0.2849     0.1250 
9        -0.0310     0.1399     9.1045        9     0.43    -0.0561     0.1250 
10        0.1759     0.1400    11.5249       10     0.32     0.1393     0.1250 
11        0.0326     0.1434    11.6099       11     0.39    -0.1250     0.1250 
12       -0.0614     0.1435    11.9162       12     0.45    -0.0145     0.1250 
13       -0.0370     0.1439    12.0294       13     0.53    -0.0637     0.1250 
14        0.2060     0.1441    15.6154       14     0.34     0.0556     0.1250 
15       -0.0459     0.1486    15.7971       15     0.40    -0.0280     0.1250 
16       -0.0321     0.1488    15.8880       16     0.46     0.0105     0.1250 
17       -0.0708     0.1489    16.3384       17     0.50    -0.0819     0.1250 
18        0.0070     0.1494    16.3429       18     0.57    -0.0086     0.1250 
19       -0.1052     0.1495    17.3809       19     0.56    -0.1115     0.1250 
20        0.0176     0.1506    17.4106       20     0.63    -0.0074     0.1250 
21       -0.0113     0.1506    17.4232       21     0.69    -0.0725     0.1250 
22        0.0954     0.1507    18.3393       22     0.69     0.1287     0.1250 
23       -0.0283     0.1516    18.4216       23     0.73    -0.0569     0.1250 
24        0.0603     0.1517    18.8056       24     0.76    -0.0021     0.1250 
25        0.0003     0.1520    18.8057       25     0.81    -0.0121     0.1250 
26        0.1926     0.1520    22.9296       26     0.64     0.2088     0.1250 
27       -0.0343     0.1558    23.0639       27     0.68    -0.0237     0.1250 
28       -0.1268     0.1559    24.9491       28     0.63    -0.0770     0.1250 
29       -0.1397     0.1575    27.3046       29     0.56    -0.0920     0.1250 
30        0.0425     0.1595    27.5289       30     0.60     0.0088     0.1250 
31       -0.0163     0.1596    27.5627       31     0.64    -0.0180     0.1250 
32       -0.0433     0.1597    27.8102       32     0.68    -0.0069     0.1250 
33        0.0117     0.1598    27.8288       33     0.72     0.0253     0.1250 
34        0.0027     0.1599    27.8298       34     0.76    -0.0457     0.1250 
35       -0.0480     0.1599    28.1656       35     0.79    -0.0854     0.1250 
36        0.0232     0.1601    28.2470       36     0.82    -0.1390     0.1250 
_________
When DF is positive, P-values should be greater than 0.05
(at the 5 per cent level) for model adequacy
Elapsed time:     0.22

