
Information criteria:    
AIC       1754.2174 
BIC       1757.0926 

Residuals:
     0.490    2.163   -0.925    0.543    0.277    1.320   -0.121    0.001    1.188   -0.406   -0.263   -0.142
    -2.332    0.795   -1.566    3.601    0.120    0.029    2.180   -9.154    0.731    0.542   -3.092   -8.726
   -13.788    7.350  -10.276  -16.567  -33.416  -29.868   -9.740    9.063   10.200  -18.569   -6.255    9.643
    15.715  -13.797  -22.449   35.539  -39.370  -11.855  -18.314  -34.477  -17.626   36.217  -15.067  -46.402
   -19.480   -9.236  -12.806    1.991   56.259   -8.875   29.349   34.077  -19.784   -4.003    4.197   -0.614
    28.625   17.345    0.744    5.798   -0.238   14.538   24.077   28.984   43.826   18.208   19.617   -4.270
    21.714   29.229   32.777  -69.277   22.475  -25.388   13.169  -19.508    4.119   34.018   14.760    5.541
   -28.950   30.407   28.035  -50.243   -0.722   18.082  -46.555   -0.621   -6.018  -12.390  -35.613    1.445
   -34.106   39.844  -48.343  -67.333   61.095   18.008   11.884  -47.527   17.368   39.711   -8.131   -9.343
   -10.289  -20.603   -3.859   35.873  -13.385   22.407  -11.374  -16.864    9.441   -7.486   -3.557    6.495
     2.416  -23.975   -2.407    4.710   15.701   11.279  -15.403    1.625   11.012   -4.685    3.608

Sample autocorrelations and partial autocorrelations:
Order     Autcor         SE    Q-stats       DF P-values     Parcor         SE 
1        -0.0495     0.0874     0.3290        0     1.00    -0.0495     0.0874 
2        -0.0813     0.0876     1.2210        1     0.27    -0.0839     0.0874 
3         0.1228     0.0882     3.2737        2     0.19     0.1154     0.0874 
4         0.1210     0.0895     5.2839        3     0.15     0.1288     0.0874 
5         0.0766     0.0907     6.0950        4     0.19     0.1126     0.0874 
6         0.0188     0.0912     6.1441        5     0.29     0.0369     0.0874 
7         0.0104     0.0912     6.1593        6     0.41    -0.0024     0.0874 
8         0.0121     0.0912     6.1801        7     0.52    -0.0243     0.0874 
9         0.1106     0.0912     7.9256        8     0.44     0.0834     0.0874 
10       -0.0966     0.0923     9.2691        9     0.41    -0.1060     0.0874 
11        0.0116     0.0930     9.2885       10     0.50     0.0096     0.0874 
12        0.0272     0.0930     9.3969       11     0.59    -0.0140     0.0874 
13        0.0486     0.0931     9.7456       12     0.64     0.0562     0.0874 
14       -0.0023     0.0933     9.7464       13     0.71     0.0106     0.0874 
15        0.0866     0.0933    10.8721       14     0.70     0.1139     0.0874 
16        0.1369     0.0939    13.7136       15     0.55     0.1487     0.0874 
17       -0.1321     0.0954    16.3795       16     0.43    -0.1188     0.0874 
18       -0.0658     0.0968    17.0475       17     0.45    -0.1204     0.0874 
19        0.2061     0.0971    23.6583       18     0.17     0.1463     0.0874 
20       -0.0561     0.1004    24.1527       19     0.19    -0.0947     0.0874 
21       -0.0723     0.1007    24.9813       20     0.20    -0.0414     0.0874 
22       -0.0570     0.1011    25.5003       21     0.23    -0.0995     0.0874 
23       -0.0668     0.1013    26.2195       22     0.24    -0.0879     0.0874 
24        0.0060     0.1016    26.2254       23     0.29    -0.0302     0.0874 
25       -0.2153     0.1016    33.8421       24     0.09    -0.2347     0.0874 
26       -0.1953     0.1051    40.1705       25     0.03    -0.1629     0.0874 
27       -0.0632     0.1078    40.8396       26     0.03    -0.1210     0.0874 
28        0.1053     0.1081    42.7149       27     0.03     0.0780     0.0874 
29       -0.1002     0.1089    44.4284       28     0.03     0.0409     0.0874 
30       -0.1326     0.1096    47.4616       29     0.02    -0.0430     0.0874 
31        0.0323     0.1108    47.6429       30     0.02     0.0742     0.0874 
32       -0.0742     0.1109    48.6119       31     0.02    -0.0912     0.0874 
33       -0.0372     0.1112    48.8575       32     0.03    -0.0021     0.0874 
34        0.0039     0.1113    48.8603       33     0.04     0.0320     0.0874 
35       -0.0451     0.1113    49.2294       34     0.04    -0.1098     0.0874 
36       -0.1560     0.1115    53.6954       35     0.02    -0.1161     0.0874 
_________
When DF is positive, P-values should be greater than 0.05
(at the 5 per cent level) for model adequacy

Residual diagnostics:             
Sample size         131 
                
Median              0.0013 
Mean               -0.5666 
Std of mean         1.9717 
T-value of mean    -0.2874 

                           P-values 
Normality (BS)      4.6073     0.10 
Skewness           -0.2342     0.27 
Kurtosis            3.7904     0.06 

                            P-value 
Durbin-Watson       2.0989     0.57 
                   
Standard error        22.6604 
Sigma square         513.4938 
Residual variance    509.2529 
Residual std. dev.    22.5666 

Approximate test of runs on residuals:               
Number of runs       65 
Number of (+)        66 
Number of (-)        65 
              
T-value            -0.2625 

Heteroscedasticity test:
         DF       stat  P-value 
H        44     3.2272     0.00 

Sample autocorrelations of squared residuals:
Order     Autcor         SE    Q-stats       DF P-values     Parcor         SE 
1         0.3009     0.0874    12.1306        1     0.00     0.3009     0.0874 
2         0.2164     0.0949    18.4554        2     0.00     0.1384     0.0874 
3         0.1607     0.0986    21.9696        3     0.00     0.0706     0.0874 
4         0.0898     0.1006    23.0755        4     0.00     0.0028     0.0874 
5         0.1061     0.1012    24.6312        5     0.00     0.0546     0.0874 
6         0.1250     0.1021    26.8097        6     0.00     0.0722     0.0874 
7         0.1092     0.1032    28.4861        7     0.00     0.0390     0.0874 
8         0.0331     0.1041    28.6414        8     0.00    -0.0485     0.0874 
9         0.1231     0.1042    30.8046        9     0.00     0.0984     0.0874 
10        0.0366     0.1053    30.9976       10     0.00    -0.0348     0.0874 
11        0.0102     0.1054    31.0128       11     0.00    -0.0330     0.0874 
12        0.1934     0.1054    36.4886       12     0.00     0.1940     0.0874 
13        0.1572     0.1081    40.1377       13     0.00     0.0722     0.0874 
14        0.0133     0.1098    40.1641       14     0.00    -0.1224     0.0874 
15        0.1142     0.1098    42.1235       15     0.00     0.0809     0.0874 
16       -0.0105     0.1107    42.1401       16     0.00    -0.0799     0.0874 
17       -0.1141     0.1107    44.1293       17     0.00    -0.1503     0.0874 
18       -0.0627     0.1116    44.7345       18     0.00    -0.0442     0.0874 
19       -0.0068     0.1119    44.7417       19     0.00     0.0468     0.0874 
20       -0.0954     0.1119    46.1701       20     0.00    -0.0854     0.0874 
21        0.0323     0.1125    46.3354       21     0.00     0.0673     0.0874 
22        0.0037     0.1126    46.3376       22     0.00     0.0034     0.0874 
23        0.1383     0.1126    49.4234       23     0.00     0.2474     0.0874 
24        0.1266     0.1139    52.0342       24     0.00     0.0181     0.0874 
25        0.0710     0.1149    52.8638       25     0.00    -0.0621     0.0874 
26       -0.0520     0.1153    53.3132       26     0.00    -0.0836     0.0874 
27       -0.0746     0.1155    54.2452       27     0.00    -0.0989     0.0874 
28        0.0563     0.1158    54.7822       28     0.00     0.0473     0.0874 
29       -0.0669     0.1160    55.5476       29     0.00    -0.0100     0.0874 
30        0.0413     0.1163    55.8420       30     0.00     0.0760     0.0874 
31       -0.0495     0.1164    56.2697       31     0.00    -0.0767     0.0874 
32        0.0325     0.1166    56.4559       32     0.00     0.1309     0.0874 
33       -0.0838     0.1167    57.7051       33     0.00    -0.1223     0.0874 
34       -0.0628     0.1171    58.4133       34     0.01    -0.0604     0.0874 
35        0.0226     0.1174    58.5060       35     0.01     0.0376     0.0874 
36       -0.0370     0.1174    58.7570       36     0.01    -0.1373     0.0874 
_________
When DF is positive, P-values should be greater than 0.05
(at the 5 per cent level) for model adequacy
