Regression matrix is extended with mean values for prediction
in the first round of the program
Series:mtfseries (starting year is 2011)
Number of observations:  119
     36.60    37.70    28.80    27.30    29.50    37.50
     39.90    19.60    32.90    21.70    27.80    23.50
     34.00    54.10    38.60    27.80    36.40    43.90
     45.50    50.00    38.50    39.10    41.90    35.70
     19.70    38.60    42.40    36.10    41.60    29.60
     39.50    39.00    36.80    31.30    38.50    42.50
     23.30    33.80    25.30    32.40    29.10    28.50
     26.40    28.80    35.50    45.10    36.20    39.20
     48.10    31.00    38.90    38.70    42.00    32.80
     39.90    30.70    46.10    53.60    38.10    32.90
     51.40    28.70    43.00    38.20    50.80    50.90
     53.00    51.30    52.60    49.80    50.80    51.40
     49.40    48.90    55.70    48.50    47.80    53.70
     52.40    56.50    55.80    57.60    50.40    58.10
     55.50    59.80    55.40    61.70    60.00    51.40
     69.30    71.50    76.20    74.50    62.80    69.30
     73.50    56.10    65.10    61.70    59.60    60.60
     68.10    59.90    72.20    72.00    68.00    65.70
     62.60    64.80    64.50    74.50    75.10    71.70
     58.90    68.80    57.00    70.50    65.50


Identified model is: ( 0 , 1 , 1 )

Initial parameter values:
     -0.6672

Arima Estimation (Levenberg-Marquardt):
Number of iterations:     1
Number of function evaluations:     3
Parameter     Estimate   Std. Error      T-ratio        Lag 
ma1            -0.6739       0.0717      -9.4001          1 

Residual standard error:     2.0152

Root          Real p.     Imag. p.      Modulus  Argument    Period 
rmaroot1       0.6739       0.0000       0.6739    0.0000       Inf 


Correlations of the estimates:
Parameter          ma1 
ma1             1.0000 

Parameter     Estimate   Std. Error    T-ratio 
inp1_1         2.93253      0.08118      36.13 
inp1_2        -2.03025      0.09644     -21.05 
inp1_3         0.10755      0.09640       1.12 
inp1_4        -0.07130      0.09709      -0.73 
inp1_5         0.11768      0.09715       1.21 
inp1_6        -0.02205      0.09801      -0.23 
inp1_7        -0.03607      0.09793      -0.37 
inp1_8         0.13110      0.09740       1.35 
inp1_9        -0.07637      0.09749      -0.78 
inp1_10        0.08465      0.09720       0.87 
inp1_11       -0.11754      0.07954      -1.48 


Correlations of the regression estimates:
Parameter       inp1_1       inp1_2       inp1_3       inp1_4       inp1_5       inp1_6 
inp1_1          1.0000      -0.5797       0.0157      -0.0185       0.0514      -0.0008 
inp1_2         -0.5797       1.0000      -0.4859       0.0375      -0.0645       0.0503 
inp1_3          0.0157      -0.4859       1.0000      -0.4978       0.0491      -0.0730 
inp1_4         -0.0185       0.0375      -0.4978       1.0000      -0.5004       0.0677 
inp1_5          0.0514      -0.0645       0.0491      -0.5004       1.0000      -0.5049 
inp1_6         -0.0008       0.0503      -0.0730       0.0677      -0.5049       1.0000 
inp1_7         -0.0154       0.0267       0.0549      -0.0892       0.0825      -0.5200 
inp1_8          0.0809      -0.0873       0.0348       0.0572      -0.0951       0.0846 
inp1_9         -0.0872       0.1352      -0.0901       0.0278       0.0619      -0.1013 
inp1_10        -0.0731      -0.0514       0.1352      -0.0808       0.0137       0.0705 
inp1_11         0.1821      -0.0621      -0.1071       0.0891      -0.0254       0.0009 
Parameter       inp1_7       inp1_8       inp1_9      inp1_10      inp1_11 
inp1_1         -0.0154       0.0809      -0.0872      -0.0731       0.1821 
inp1_2          0.0267      -0.0873       0.1352      -0.0514      -0.0621 
inp1_3          0.0549       0.0348      -0.0901       0.1352      -0.1071 
inp1_4         -0.0892       0.0572       0.0278      -0.0808       0.0891 
inp1_5          0.0825      -0.0951       0.0619       0.0137      -0.0254 
inp1_6         -0.5200       0.0846      -0.1013       0.0705       0.0009 
inp1_7          1.0000      -0.5088       0.0807      -0.0915       0.0739 
inp1_8         -0.5088       1.0000      -0.5067       0.0606      -0.0384 
inp1_9          0.0807      -0.5067       1.0000      -0.4936       0.0255 
inp1_10        -0.0915       0.0606      -0.4936       1.0000      -0.5927 
inp1_11         0.0739      -0.0384       0.0255      -0.5927       1.0000 


Information criteria:    
AIC        957.1281 
BIC        990.3763 

Residuals:
    -1.556   -0.835    0.392   -3.728    4.507    0.787    0.911    3.069    1.651    1.836    0.572    0.207
    -0.090    1.683   -0.263   -3.947   -0.526    1.205   -1.235    3.260    0.904   -0.178   -1.857   -0.156
    -0.793    0.981    2.736    1.159    0.952    2.256   -2.645    0.988    1.517    0.965    1.828    2.432
    -0.233   -3.213   -3.144    1.124    1.185   -0.151    1.897    1.159    1.525   -0.029   -0.607    1.356
    -0.200   -3.509    1.708   -2.780    2.536   -0.911    4.104    0.535    0.787   -0.042   -0.937   -2.339
     0.137    0.455    1.095    0.146   -2.316    3.229   -1.418    1.132   -1.089   -1.539   -4.144   -0.622
     1.431    1.294   -0.985   -1.809    0.744    0.856    3.029    1.210    0.910   -2.557    2.357    1.151
     3.034   -4.198    4.593    3.564    0.819   -0.909    0.159   -2.387    2.904    1.027    3.439   -2.447
    -0.012   -0.404   -1.511    3.349    1.810   -0.140   -0.361    3.938    1.069    2.922   -1.446

Sample autocorrelations and partial autocorrelations:
Order     Autcor         SE    Q-stats       DF P-values     Parcor         SE 
1        -0.0417     0.0967     0.1916        0     1.00    -0.0417     0.0967 
2         0.0927     0.0968     1.1461        1     0.28     0.0911     0.0967 
3        -0.1405     0.0977     3.3598        2     0.19    -0.1345     0.0967 
4         0.0218     0.0995     3.4138        3     0.33     0.0048     0.0967 
5        -0.0824     0.0996     4.1897        4     0.38    -0.0588     0.0967 
6         0.1261     0.1002     6.0246        5     0.30     0.1047     0.0967 
7         0.0064     0.1017     6.0294        6     0.42     0.0277     0.0967 
8         0.0273     0.1017     6.1173        7     0.53    -0.0092     0.0967 
9        -0.0650     0.1018     6.6201        8     0.58    -0.0388     0.0967 
10        0.0907     0.1021     7.6083        9     0.57     0.0887     0.0967 
11        0.0509     0.1029     7.9229       10     0.64     0.0845     0.0967 
12       -0.0035     0.1031     7.9244       11     0.72    -0.0395     0.0967 
13        0.0835     0.1031     8.7899       12     0.72     0.0941     0.0967 
14       -0.1273     0.1038    10.8222       13     0.63    -0.1212     0.0967 
15        0.2230     0.1052    17.1264       14     0.25     0.2438     0.0967 
16       -0.0709     0.1095    17.7714       15     0.27    -0.0492     0.0967 
17        0.0050     0.1100    17.7746       16     0.34    -0.0843     0.0967 
_________
When DF is positive, P-values should be greater than 0.05
(at the 5 per cent level) for model adequacy

Residual diagnostics:             
Sample size         107 
                
Median              0.7438 
Mean                0.3768 
Std of mean         0.1905 
T-value of mean     1.9785 

                           P-values 
Normality (BS)      1.2790     0.53 
Skewness           -0.2313     0.33 
Kurtosis            2.7300     0.57 

                            P-value 
Durbin-Watson       2.0730     0.71 
                   
Standard error         2.0152 
Sigma square           4.0610 
Residual variance      3.8810 
Residual std. dev.     1.9700 

Approximate test of runs on residuals:               
Number of runs       47 
Number of (+)        54 
Number of (-)        53 
              
T-value            -1.4562 

Heteroscedasticity test:
         DF       stat  P-value 
H        36     1.3557     0.37 

Sample autocorrelations of squared residuals:
Order     Autcor         SE    Q-stats       DF P-values     Parcor         SE 
1         0.1062     0.0967     1.2415        1     0.27     0.1062     0.0967 
2        -0.0698     0.0978     1.7832        2     0.41    -0.0820     0.0967 
3        -0.0679     0.0982     2.3002        3     0.51    -0.0521     0.0967 
4        -0.0163     0.0987     2.3302        4     0.68    -0.0087     0.0967 
5         0.0677     0.0987     2.8538        5     0.72     0.0629     0.0967 
6        -0.0954     0.0991     3.9055        6     0.69    -0.1179     0.0967 
7        -0.0624     0.1000     4.3591        7     0.74    -0.0319     0.0967 
8         0.0453     0.1003     4.6012        8     0.80     0.0510     0.0967 
9        -0.0768     0.1005     5.3033        9     0.81    -0.1088     0.0967 
10       -0.1353     0.1011     7.5036       10     0.68    -0.1293     0.0967 
11        0.1203     0.1028     9.2615       11     0.60     0.1690     0.0967 
12        0.0194     0.1041     9.3078       12     0.68    -0.0482     0.0967 
13       -0.0518     0.1041     9.6412       13     0.72    -0.0857     0.0967 
14       -0.0094     0.1043     9.6523       14     0.79     0.0520     0.0967 
15        0.0187     0.1043     9.6968       15     0.84     0.0266     0.0967 
16        0.2221     0.1044    16.0191       16     0.45     0.1499     0.0967 
17        0.0317     0.1087    16.1496       17     0.51     0.0149     0.0967 
_________
When DF is positive, P-values should be greater than 0.05
(at the 5 per cent level) for model adequacy

Second Round of the Program:


Arima Estimation (Levenberg-Marquardt):
Number of iterations:     2
Number of function evaluations:     9
Parameter     Estimate   Std. Error      T-ratio        Lag 
ma1            -0.5951       0.0718      -8.2848          1 
omg11           2.9713       0.0756      39.2811          1 
omg12          -1.9703       0.0758     -25.9912          1 

Residual standard error:     2.0314

Root           Real p.     Imag. p.      Modulus  Argument    Period 
rmaroot1        0.5951       0.0000       0.5951    0.0000       Inf 
omgroot11       0.6631       0.0000       0.6631    0.0000       Inf 


Correlations of the estimates:
Parameter          ma1        omg11        omg12 
ma1             1.0000       0.1102      -0.1157 
omg11           0.1102       1.0000      -0.6241 
omg12          -0.1157      -0.6241       1.0000 


Information criteria:    
AIC       1050.2580 
BIC       1058.8374 

Residuals:
     0.000    0.000   -0.795    0.236    1.838   -0.071    5.880    1.418    2.129    2.784   -0.373    0.032
     1.941   -4.548   -2.267    0.915    1.840   -5.353    1.142   -2.404    0.238   -0.790   -0.951    0.289
     1.222   -2.645    2.398    1.302    1.952    2.374    2.170    1.820   -0.061   -0.791    0.385    0.086
    -0.131   -3.038   -1.365   -0.058   -0.602    2.591    1.522    0.069   -1.948    1.436   -0.336    0.746
     1.849    2.393    0.504    1.890   -1.951    0.354    2.257   -0.661    2.738    2.162   -1.405   -2.133
    -2.354    0.366    2.723    0.637    0.771    1.652    0.173   -0.555   -0.928    1.892   -3.412   -1.511
     1.957   -4.042    3.154    0.559    2.110    0.528   -1.266    0.887   -2.131   -2.163    0.663    0.792
    -0.050    0.276   -2.900    2.392   -1.963    1.236   -2.157   -1.680   -4.356   -0.437    1.280    1.399
    -1.103   -2.279    1.175    0.713    2.011   -0.307    1.407   -4.366    2.106    0.854    1.537   -3.424
     4.623    2.736    1.730   -2.008   -1.320   -2.574    2.058    0.204    3.331   -2.782   -0.399    0.987
    -1.192    3.842    1.876   -0.617   -0.297    2.734    1.121    2.720   -1.611

Sample autocorrelations and partial autocorrelations:
Order     Autcor         SE    Q-stats       DF P-values     Parcor         SE 
1        -0.0454     0.0880     0.2716        0     1.00    -0.0454     0.0880 
2         0.1051     0.0882     1.7414        0     1.00     0.1033     0.0880 
3        -0.0677     0.0892     2.3567        0     1.00    -0.0595     0.0880 
4         0.0200     0.0896     2.4107        1     0.12     0.0044     0.0880 
5        -0.0511     0.0896     2.7662        2     0.25    -0.0378     0.0880 
6         0.1284     0.0898     5.0310        3     0.17     0.1210     0.0880 
7        -0.0992     0.0913     6.3937        4     0.17    -0.0837     0.0880 
8         0.0219     0.0921     6.4605        5     0.26    -0.0130     0.0880 
9        -0.1738     0.0921    10.7147        6     0.10    -0.1469     0.0880 
10        0.0054     0.0946    10.7188        7     0.15    -0.0157     0.0880 
11        0.0131     0.0946    10.7433        8     0.22     0.0549     0.0880 
12       -0.0057     0.0947    10.7480        9     0.29    -0.0415     0.0880 
13       -0.0430     0.0947    11.0173       10     0.36    -0.0325     0.0880 
14       -0.1150     0.0948    12.9603       11     0.30    -0.1386     0.0880 
15        0.1351     0.0959    15.6667       12     0.21     0.1875     0.0880 
16       -0.1230     0.0974    17.9309       13     0.16    -0.1382     0.0880 
17       -0.0069     0.0985    17.9381       14     0.21    -0.0603     0.0880 
_________
When DF is positive, P-values should be greater than 0.05
(at the 5 per cent level) for model adequacy

Residual diagnostics:             
Sample size         129 
                
Median              0.3539 
Mean                0.2113 
Std of mean         0.1758 
T-value of mean     1.2018 

                           P-values 
Normality (BS)      2.2593     0.32 
Skewness           -0.3236     0.13 
Kurtosis            3.0376     0.93 

                            P-value 
Durbin-Watson       2.0857     0.63 
                   
Standard error         2.0314 
Sigma square           4.1267 
Residual variance      3.9861 
Residual std. dev.     1.9965 

Approximate test of runs on residuals:               
Number of runs       63 
Number of (+)        65 
Number of (-)        64 
              
T-value            -0.4413 

Heteroscedasticity test:
         DF       stat  P-value 
H        43     1.1726     0.60 

Sample autocorrelations of squared residuals:
Order     Autcor         SE    Q-stats       DF P-values     Parcor         SE 
1         0.0043     0.0880     0.0024        1     0.96     0.0043     0.0880 
2        -0.0934     0.0880     1.1631        2     0.56    -0.0934     0.0880 
3        -0.0350     0.0888     1.3270        3     0.72    -0.0344     0.0880 
4         0.0920     0.0889     2.4716        4     0.65     0.0843     0.0880 
5         0.0107     0.0897     2.4872        5     0.78     0.0038     0.0880 
6        -0.0732     0.0897     3.2225        6     0.78    -0.0597     0.0880 
7        -0.0059     0.0901     3.2273        7     0.86     0.0021     0.0880 
8         0.0575     0.0901     3.6892        8     0.88     0.0401     0.0880 
9        -0.0922     0.0904     4.8861        9     0.84    -0.1011     0.0880 
10       -0.0971     0.0911     6.2243       10     0.80    -0.0796     0.0880 
11        0.2516     0.0919    15.2907       11     0.17     0.2519     0.0880 
12       -0.0454     0.0971    15.5882       12     0.21    -0.0928     0.0880 
13        0.0920     0.0973    16.8223       13     0.21     0.1508     0.0880 
14       -0.0295     0.0980    16.9500       14     0.26    -0.0033     0.0880 
15       -0.1175     0.0980    18.9978       15     0.21    -0.1771     0.0880 
16        0.0312     0.0991    19.1432       16     0.26     0.0514     0.0880 
17       -0.0062     0.0992    19.1490       17     0.32    -0.0140     0.0880 
_________
When DF is positive, P-values should be greater than 0.05
(at the 5 per cent level) for model adequacy

      Obs.    Forecasts   Std. Error 
       131      59.5278       2.0314 
       132      63.8624       7.3864 
       133      63.8624       7.8028 
       134      63.8624       8.1981 
       135      63.8624       8.5751 
       136      63.8624       8.9363 
       137      63.8624       9.2834 
       138      63.8624       9.6180 
       139      63.8624       9.9413 
       140      63.8624      10.2544 
       141      63.8624      10.5583 
       142      63.8624      10.8537 

Elapsed time:     0.33

