
Information criteria:    
AIC      30143.8279 
BIC      30143.8279 

Residuals:
     0.534    6.234   -1.417    2.386   -0.619    1.877    1.649    0.563    3.080    0.123    2.178    0.394
     0.132   -2.707   -0.944    3.288    3.580   -2.636    5.464   -0.243   -0.866    0.875    0.476    1.498
    -1.669   -0.143   -0.404    3.323    0.449    0.484    0.193   -1.429    3.643   -0.807    0.060    0.093
     1.587    0.803   -0.047   -0.594    2.409    0.005    1.304   -0.601   -0.525   -0.536    0.109   -3.219
    -1.212   -0.355    1.145    0.355   -0.715    0.156   -0.292    2.829    1.239    1.648    1.495   -0.768
     1.017    0.669   -0.129    0.651   -3.883   -0.356    1.810    0.318   -0.537    1.376    0.502   -0.671
     0.135   -1.636    0.553    0.035    2.065    1.264    1.629    0.979    0.655    1.233    1.402    0.421
    -0.390   -0.879    1.442    0.407    1.393   -0.966   -2.525    0.364   -3.169   -0.983   -2.111   -1.350
    -2.573   -3.160   -1.624   -2.585   -2.849    1.743   -1.954    0.935   -0.662   -0.106    1.524    4.747
     3.969    1.642   -2.615    0.447   -1.516    3.376    1.844   -0.435   -1.120   -1.600   -0.280    0.403
     0.113   -2.224    3.191    0.234    0.815   -0.406    0.030   -1.292    0.037    2.236    1.434   -1.250
    -1.321    0.717    0.316    0.221    0.313   -1.306    0.984    0.777    0.665   -0.209    0.155    0.461
     2.930    0.078   -1.682    0.875    1.700    0.186    1.829    0.288   -0.294   -2.262   -0.126    2.314
     1.021    0.041   -1.293    0.570    1.291    0.863    2.309    0.600    0.977   -1.507    2.222    1.068
    -0.499    1.763   -0.000   -3.025   -0.206   -1.827    0.639   -4.391    3.322    1.203    1.625   -0.893
     4.660    3.279    2.082    0.569    0.422   -0.572    0.100    1.869   -1.383   -0.576   -1.037    1.659
     0.724    0.912   -0.475   -3.942    1.254   -3.635   -0.699    0.018    0.011    0.279    1.763    0.722
     1.544   -1.721    3.770   -2.298    2.203   -0.415   -1.602    0.509   -0.126   -1.528    0.111   -0.533
    -0.893   -1.111    3.500    0.881   -1.347   -1.072   -1.521    0.252    0.781   -1.343   -2.864    2.533
    -1.032   -0.655    1.629    1.008   -1.136    0.831    4.067    1.603    0.220   -2.542    0.097   -1.278
     0.155    1.792   -1.239   -0.219   -1.475    0.166    1.080    1.092    0.068   -1.979    2.199   -1.219
    -0.717    1.771   -0.308    0.999    0.243   -1.963   -2.211   -1.171   -7.898   -2.463   -1.378    0.087
    -2.302    0.896   -0.286   -1.759   -1.568    1.018   -0.932   -0.095    0.188   -1.716    6.051   -3.551
    -0.224    0.068   -0.427   -1.878   -1.579    2.973    0.698   -0.203    0.026   -0.778    2.003    1.463
    -1.332   -0.283   -0.777    2.095   -0.960    0.466   -2.566    1.694   -1.275   -0.325    0.235    3.483
     0.522    0.161    0.707    0.510    0.348   -1.063   -0.089    0.112    0.310    1.090   -0.570    2.429
    -0.334    0.038   -1.554   -2.200   -1.254   -0.198   -2.436   -0.801   -0.415    1.585    0.623    1.960
     0.783   -0.228    0.510   -3.259    2.747    1.332    0.714    1.259   -0.981   -0.439    1.277   -0.572
    -4.136    0.319  -11.762   -3.640   -1.361    4.161   -1.114    8.687    2.486    1.220   -1.905    0.152
     1.756    1.839    1.072    0.675    1.597   -1.823    1.653    0.588    1.494    1.446    1.863    1.357
    -0.173    0.147    0.749    0.635    1.207    0.412    0.606    1.283   -3.815    1.945   -0.678   -0.127
     3.631    1.295    0.839   -1.085    2.338    0.400   -2.811    2.893   -0.273   -0.840   -0.393    0.089
    -4.935    0.487   -2.202   -0.413   -0.179    1.288    0.817    2.698    0.920   -0.112   -0.526    0.918
    -1.569    1.867   -1.445   -1.818    0.581   -1.520    1.346    0.816    1.302    3.411   -0.001   -1.859
    -0.254    0.667    0.869    1.458   -0.533   -0.028    1.680   -0.786    2.531   -1.247    0.048    0.795
    -1.456   -0.890   -2.115    1.012    0.435    2.092   -1.067    0.555    1.352    0.950    0.594    0.379
     1.640   -0.488    0.648   -0.558   -2.116    2.082   -0.437    1.128   -1.145   -2.419   -0.945    0.469
    -2.151   -0.982   -0.085   -2.561   -0.851   -5.725   -1.447   -0.278    1.523   -1.359    4.276    0.773
     3.178    1.734   -0.016   -1.991    2.273   -2.682   -0.295   -0.776   -0.801    3.314    1.543    2.195
    -1.008   -0.597    0.585    0.698    1.048    1.872    0.322   -1.310   -0.008    1.248    0.709   -0.147
     1.195    1.355    0.064    0.201   -2.032    0.648   -2.567   -0.664    0.749   -1.084   -0.028    0.115
    -0.014   -1.165    1.899    1.367    0.216   -0.010   -1.412   -0.373   -0.466   -1.077    0.874    0.114
    -0.721   -0.701   -0.485   -0.655   -0.018   -1.966    0.381   -2.070   -0.039   -0.104   -1.958    1.912
    -2.702    1.575    0.628    1.399    0.795    0.208    1.954    1.869   -1.865   -0.717   -5.011   -3.065
     2.323    1.287   -0.093    1.338    0.160    0.978    0.751   -3.966    2.054   -0.960    2.437    0.707
    -0.761   -0.375   -0.260    2.013   -0.008   -0.318   -3.433    0.693   -0.601   -3.951   -0.907    5.504
     0.602   -0.502   -1.972   -1.180   -2.658    1.944   -1.227    2.886    0.649    1.497    1.546   -1.233
     0.656    1.179    0.721    0.068   -0.688    0.071    3.336    1.671   -2.570   -1.058    0.641    1.321
     1.299   -1.029    0.334    0.043    1.292    1.282    2.777   -0.033    2.724   -1.977    1.798   -0.030
    -0.367   -0.874   -1.919    1.658    0.443   -0.483    1.850   -1.031    3.106    1.271   -1.640   -2.156
    -0.665    0.080    0.766   -0.253    1.030   -1.973    1.849    0.778   -0.703   -1.738    1.680   -0.515
     0.333    0.105    0.436   -0.717    0.378    2.980    1.189   -2.713    1.828   -0.897    0.441    0.419
    -0.157   -0.768    0.783    1.306    0.687    1.611   -0.018    0.745    1.052    0.805    0.513   -0.475
    -0.845    0.191    3.052    1.145   -3.550    0.343   -0.126   -1.122    0.408    1.449    0.471    0.496
    -0.117    1.127    0.593    2.346   -0.864   -1.158   -0.431   -0.002   -0.056    0.413   -0.723    2.999
     0.976    0.672   -0.832   -0.572    4.269    2.169    3.129    2.719   -1.551    0.805    1.257    0.069
    -2.714    0.560    0.259   -0.592   -0.262   -1.537    2.127   -0.173    2.303    0.951   -1.319   -0.577
    -1.190    1.043    0.791   -3.546   -2.405   -0.554    0.499    0.152    1.267    0.348   -2.458    0.122
    -4.065   -1.572   -0.969    3.049   -1.831   -1.174   -0.964   -1.603    0.802   -0.940   -1.450   -0.478
     3.471    3.222   -1.922    1.175    1.748   -0.646   -3.416    0.585    1.039    1.220   -0.809   -3.151
     1.932   -3.108   -0.873   -0.443   -0.314   -2.250   -2.310    0.294    1.197   -3.561   -1.374   -1.142
     1.955   -0.868    0.325   -3.134   -0.006    0.622   -1.330   -0.039   -1.566    0.254   -0.699   -3.134
    -0.945   -2.343    0.210   -7.159   -0.748   -0.623    0.860    1.971   -2.334    3.451   -0.302   -0.987
    -3.636    4.565   -0.479    2.243    0.320   -3.052    0.717   -1.108   -1.604   -0.225   -2.152    1.610
    -0.477   -1.710   -1.155   -1.118   -0.446   -0.729    0.870   -1.104    0.848   -1.307    1.665   -0.190
     1.700    1.105   -2.484   -1.251   -0.923    0.381   -2.048    2.666   -0.335   -0.683    1.735    3.507
    -3.807    2.006   -0.773   -0.980   -1.717    1.775    1.563   -0.354   -1.295    4.508   -1.885    0.584
    -1.225    1.920   -1.580   -2.568   -0.748    1.446   -3.714    3.731   -0.860   -2.688   -1.758    4.490
    -1.468    7.459   -1.475    3.331   -0.533   -0.305    0.491    3.180    0.711   -1.268    2.727    4.077
    -4.183    5.415   -0.633   -3.188    1.546    0.517   -0.674   -0.762    0.080    0.145    1.407   -0.009
     2.338    0.156    2.218   -0.689    1.938    3.855   -3.626    1.616    0.794    0.597    0.540    3.148
     0.783    0.921    0.504   -0.813    0.208   -1.611    2.235    0.179    1.649    0.432    0.256   -0.193
    -0.506    0.286    0.251    2.714   -2.273    0.277   -1.999    1.026   -0.603   -1.169   -0.082    1.210
    -0.890    0.079   -0.138   -1.866    0.772    1.968   -1.899   -1.098    1.009   -0.122   -2.084    0.180
    -1.841   -0.406    0.609    3.091   -0.836    0.085   -2.212    1.949    1.329    0.911   -0.742   -0.315
    -0.197    2.318   -0.443    0.190    1.306   -2.453   -1.275    0.660    0.289    1.322   -0.612   -2.255
    -1.593    0.309    0.547    0.750    0.099    1.703   -2.510    1.802   -0.175    1.892   -3.546    1.612
    -2.413    0.230   -1.027    1.744   -0.168    0.628    0.244    3.204   -0.107    1.225    2.968    3.110
    -1.802    1.081    1.063   -3.914    0.477   -0.820   -1.039    1.794   -1.108   -1.366    0.348    2.155
     0.885    0.042    2.609   -0.588    6.092    5.402   -1.052    2.301    2.110    1.105   -2.241   -0.973
     1.649   -0.678    0.762   -2.555    3.000    1.253   -2.009   -1.339   -0.663   -0.651   -0.508   -1.350
     0.294   -0.805    0.664   -1.450   -0.953    0.199    1.262    0.233    0.815   -1.021    1.170    0.352
    -3.697    3.072   -0.491    1.739    0.623   -0.324    0.171    2.500    0.329    2.423    0.203   -2.083
    -1.273   -0.990    0.296    0.146    1.817    1.077   -4.277    0.336   -2.771   -2.183    1.141    1.968
    -1.157   -0.144    1.621    1.951    0.532   -1.046    0.378    0.870   -0.741   -1.233   -0.008    0.105
    -2.143    0.142   -0.984    2.002    1.403   -0.303    1.244    0.505    0.946   -1.902    0.834    0.406
    -2.306    0.725   -0.759    0.407   -1.967    0.135    0.588    0.416   -0.130    1.233   -0.068   -0.500
     0.330    1.725    0.759    0.894   -0.820   -2.431   -0.260   -0.084    0.269    2.987   -0.294    0.408
    -2.111   -2.158   -1.139   -0.469    0.437    1.308   -1.274   -0.408    0.430   -1.585   -1.293   -1.385
     0.229    0.953   -0.275    0.160   -1.773   -0.313    0.735   -1.075   -0.900    1.980    0.311   -0.702
     1.152   -0.239    0.084    1.493   -1.473    0.201    0.326    2.072   -0.619   -1.088    0.829   -1.910
    -7.122    2.914    1.149   -2.003    3.141    2.023   -0.115    2.342    0.778    2.853    2.167   -0.683
     2.783   -0.702    2.297    0.334    0.094    1.297    1.181   -0.956   -1.027    0.456   -2.032   -1.861
     0.629    0.697    0.212   -1.601   -1.826   -2.643    0.259    3.420   -0.896    1.478    0.782    0.192
     0.169   -0.883    0.984   -0.079    2.134    0.433    1.045   -0.403    1.022   -2.869    1.194    0.353
     1.009    0.500   -2.142   -0.986   -0.618   -1.323    1.144    0.317    0.374   -0.588   -0.738   -0.556
    -0.211   -0.590   -0.059    2.692   -0.291    3.315    2.499    0.250   -1.041   -0.655   -0.818   -0.259
    -2.718   -1.219   -2.155   -0.216   -1.330   -1.762    1.010    0.404   -0.203   -1.380   -1.904   -2.793
    -0.158    0.400   -2.704    1.299   -1.837    0.476    1.139    0.396   -0.868    0.971    0.470    0.485
    -0.239    3.043   -1.262   -7.650   -3.057    1.770   -1.344    0.035    1.349   -0.931   -0.696    0.156
    -1.483   -1.307    2.123    0.426   -1.426   -0.190   -1.189    2.037   -0.381    4.306    0.661    1.568
    -0.106   -0.853   -1.523    0.447   -0.155    0.772    0.522    0.319    2.326   -1.011    1.977    0.552
     0.571   -1.411    0.362    4.715    1.000    1.796   -0.033    0.075   -1.093    0.505    0.696    0.209
    -1.065    1.761   -0.662    0.494    2.149    2.256   -1.712    0.841    0.188   -3.253    0.000    0.000
     0.000    0.000    0.000    0.000    0.000    0.000    0.000    0.000    0.000    0.000    0.000    0.000
     0.000    0.000    0.000    0.000    0.000    0.000    0.000    0.000    0.000    0.000    0.000    0.000
     0.000    0.000    0.000    0.000    0.000    0.000    0.000    0.000    0.000    0.000    0.000    0.000
     0.000    0.000    0.000    0.000    0.000    0.000    0.000    0.000    0.000    0.000    0.000    0.000
     0.000    0.000    0.000    0.000    0.000    0.000    0.000    0.000    0.000    0.000    0.000    0.000
     0.000    0.000    0.000    0.000    0.000    0.000    0.000    0.000    0.000    0.000    0.000    0.000
     0.000    0.000    0.000    0.000    0.000    0.000    0.000    0.000    0.000    0.000    0.000    0.000
     0.000    0.000    0.000    0.000    0.000    0.000    0.000    0.000    0.000    0.000    0.000    0.000
     0.000    0.000    0.000    0.000    0.000    0.000    0.000    0.000    0.000    0.000    0.000    0.000
     0.000    0.000    0.000    0.000    0.000    0.000    0.000    0.000    0.000    0.000    0.000    0.000
     0.000    0.000    0.000    0.000    0.000    0.000    0.000    0.000    0.000    0.000    0.000    0.000
     0.000    0.000    0.000    0.000    0.000    0.000    0.000    0.000    0.000    0.000    0.000    0.000
     0.000    0.000    0.000    0.000    0.000    0.000    0.000    0.000    0.000    0.000    0.000    0.000
     0.000    0.000    0.000    0.000    0.000    0.000    0.000    0.000    0.000    0.000    0.000    0.000
     0.000    0.000    0.000    0.000    0.000    0.000    0.000    0.000    0.000    0.000    0.000    0.000
     0.000    0.000    0.000    0.000    0.000    0.000    0.000    0.000    0.000    0.000    0.000    0.000
     0.000    0.000    0.000    0.000    0.000    0.000    0.000    0.000    0.000    0.000    0.000    0.000
     0.000    0.000    0.000    0.000    0.000    0.000    0.000    0.000    0.000    0.000    0.000    0.000
     0.000    0.000    0.000    0.000    0.000    0.000    0.000    0.000    0.000    0.000    0.000    0.000
     0.000    0.000    0.000    0.000    0.000    0.000    0.000    0.000    0.000    0.000    0.000    0.000
     0.000    0.000    0.000    0.000    0.000    0.000    0.000    0.000    0.000    0.000    0.000    0.000
     0.000    0.000    0.000    0.000    0.000    0.000    0.000    0.000    0.000    0.000    0.000    0.000
     0.000    0.000    0.000    0.000    0.000    0.000    0.000    0.000    0.000    0.000    0.000    0.000
     0.000    0.000    0.000    0.000    0.000    0.000    0.000    0.000    0.000    0.000    0.000    0.000
     0.000    0.000    0.000    0.000    0.000    0.000    0.000    0.000    0.000    0.000    0.000    0.000
     0.000    0.000    0.000    0.000    0.000    0.000    0.000    0.000    0.000    0.000    0.000    0.000
     0.000    0.000    0.000    0.000    0.000    0.000    0.000    0.000    0.000    0.000    0.000    0.000
     0.000    0.000    0.000    0.000    0.000    0.000    0.000    0.000    0.000    0.000    0.000    0.000
     0.000    0.000    0.000    0.000    0.000    0.000    0.000    0.000    0.000    0.000    0.000    0.000
     0.000    0.000    0.000    0.000    0.000    0.000    0.000    0.000    0.000    0.000    0.000    0.000
     0.000    0.000    0.000    0.000    0.000    0.000    0.000    0.000    0.000    0.000    0.000    0.000
     0.000    0.000    0.000    0.000    0.000    0.000    0.000    0.000    0.000    0.000    0.000    0.000
     0.000    0.000    0.000    0.000    0.000    0.000    0.000    0.000    0.000    0.000    0.000    0.000
     0.000    0.000    0.000    0.000    0.000    0.000    0.000    0.000    0.000    0.000    0.000    0.000
     0.000    0.000    0.000    0.000    0.000    0.000    0.000    0.000    0.000    0.000    0.000    0.000
     0.000    0.000    0.000    0.000    0.000    0.000    0.000    0.000    0.000    0.000    0.000    0.000
     0.000    0.000    0.000    0.000    0.000    0.000    0.000    0.000    0.000    0.000    0.000    0.000
     0.000    0.000    0.000    0.000    0.000    0.000    0.000    0.000    0.000    0.000    0.000    0.000
     0.000    0.000    0.000    0.000    0.000    0.000    0.000    0.000    0.000    0.000    0.000    0.000
     0.000    0.000    0.000    0.000    0.000    0.000    0.000    0.000    0.000    0.000    0.000    0.000
     0.000    0.000    0.000    0.000    0.000    0.000    0.000    0.000    0.000    0.000    0.000    0.000
     0.000    0.000    0.000    0.000    0.000    0.000    0.000    0.000    0.000    0.000    0.000    0.000
     0.000    0.000    0.000    0.000    0.000    0.000    0.000    0.000    0.000    0.000    0.000    0.000
     0.000    0.000    0.000    0.000    0.000    0.000    0.000    0.000    0.000    0.000    0.000    0.000
     0.000    0.000    0.000    0.000    0.000    0.000    0.000    0.000    0.000    0.000    0.000    0.000
     0.000    0.000    0.000    0.000    0.000    0.000    0.000    0.000    0.000    0.000    0.000    0.000
     0.000    0.000    0.000    0.000    0.000    0.000    0.000    0.000    0.000    0.000    0.000    0.000
     0.000    0.000    0.000    0.000    0.000    0.000    0.000    0.000    0.000    0.000    0.000    0.000
     0.000    0.000    0.000    0.000    0.000    0.000    0.000    0.000    0.000    0.000    0.000    0.000
     0.000    0.000    0.000    0.000    0.000    0.000    0.000    0.000    0.000    0.000    0.000    0.000
     0.000    0.000    0.000    0.000    0.000    0.000    0.000    0.000    0.000    0.000    0.000    0.000
     0.000    0.000    0.000    0.000    0.000    0.000    0.000    0.000    0.000    0.000    0.000    0.000
     0.000    0.000    0.000    0.000    0.000    0.000    0.000    0.000    0.000    0.000    0.000    0.000
     0.000    0.000    0.000    0.000    0.000    0.000    0.000    0.000    0.000    0.000    0.000    0.000
     0.000    0.000    0.000    0.000    0.000    0.000    0.000    0.000    0.000    0.000    0.000    0.000
     0.000    0.000    0.000    0.000    0.000    0.000    0.000    0.000    0.000    0.000    0.000    0.000
     0.000    0.000    0.000    0.000    0.000    0.000    0.000    0.000    0.000    0.000    0.000    0.000
     0.000    0.000    0.000    0.000    0.000    0.000    0.000    0.000    0.000    0.000    0.000    0.000
     0.000    0.000    0.000    0.000    0.000    0.000    0.000    0.000    0.000    0.000    0.000    0.000
     0.000    0.000    0.000    0.000    0.000    0.000    0.000    0.000    0.000    0.000    0.000    0.000
     0.000    0.000    0.000    0.000    0.000    0.000    0.000    0.000    0.000    0.000    0.000    0.000
     0.000    0.000    0.000    0.000    0.000    0.000    0.000    0.000    0.000    0.000    0.000    0.000
     0.000    0.000    0.000    0.000    0.000    0.000    0.000    0.000    0.000    0.000    0.000    0.000
     0.000    0.000    0.000    0.000    0.000    0.000    0.000    0.000    0.000    0.000    0.000    0.000
     0.000    0.000    0.000    0.000    0.000    0.000    0.000    0.000    0.000    0.000    0.000    0.000
     0.000    0.000    0.000    0.000    0.000    0.000    0.000    0.000    0.000    0.000    0.000    0.000
     0.000    0.000    0.000    0.000    0.000    0.000    0.000    0.000    0.000    0.000    0.000    0.000
     0.000    0.000    0.000    0.000    0.000    0.000    0.000    0.000    0.000    0.000    0.000    0.000
     0.000    0.000    0.000    0.000    0.000    0.000    0.000    0.000    0.000    0.000    0.000    0.000
     0.000    0.000    0.000    0.000    0.000    0.000    0.000    0.000    0.000    0.000    0.000    0.000
     0.000    0.000    0.000    0.000    0.000    0.000    0.000    0.000    0.000    0.000    0.000    0.000
     0.000    0.000    0.000    0.000    0.000    0.000    0.000    0.000    0.000    0.000    0.000    0.000
     0.000    0.000    0.000    0.000    0.000    0.000    0.000    0.000    0.000    0.000    0.000    0.000
     0.000    0.000    0.000    0.000    0.000    0.000    0.000    0.000    0.000    0.000    0.000    0.000
     0.000    0.000    0.000    0.000    0.000    0.000    0.000    0.000    0.000    0.000    0.000    0.000
     0.000    0.000    0.000    0.000    0.000    0.000    0.000    0.000    0.000    0.000    0.000    0.000
     0.000    0.000    0.000    0.000    0.000    0.000    0.000    0.000    0.000    0.000    0.000    0.000
     0.000    0.000    0.000    0.000    0.000    0.000    0.000    0.000    0.000    0.000    0.000    0.000
     0.000    0.000    0.000    0.000    0.000    0.000    0.000    0.000    0.000    0.000    0.000    0.000
     0.000    0.000    0.000    0.000    0.000    0.000    0.000    0.000    0.000    0.000    0.000    0.000
     0.000    0.000    0.000    0.000    0.000    0.000    0.000    0.000    0.000    0.000    0.000    0.000
     0.000    0.000    0.000    0.000    0.000    0.000    0.000    0.000    0.000    0.000    0.000    0.000
     0.000    0.000    0.000    0.000    0.000    0.000    0.000    0.000    0.000    0.000    0.000    0.000
     0.000    0.000    0.000    0.000    0.000    0.000    0.000    0.000    0.000    0.000    0.000    0.000
     0.000    0.000    0.000    0.000    0.000    0.000    0.000    0.000    0.000    0.000    0.000    0.000
     0.000    0.000    0.000    0.000    0.000    0.000    0.000    0.000    0.000    0.000    0.000    0.000
     0.000    0.000    0.000    0.000    0.000    0.000    0.000    0.000    0.000    0.000    0.000    0.000
     0.000    0.000    0.000    0.000    0.000    0.000    0.000    0.000    0.000    0.000    0.000    0.000
     0.000    0.000    0.000    0.000    0.000    0.000    0.000    0.000    0.000    0.000    0.000    0.000
     0.000    0.000    0.000    0.000    0.000    0.000    0.000    0.000    0.000    0.000    0.000    0.000
     0.000    0.000    0.000    0.000    0.000    0.000    0.000    0.000    0.000    0.000    0.000    0.000
     0.000    0.000    0.000    0.000    0.000    0.000    0.000    0.000    0.000    0.000    0.000    0.000
     0.000    0.000    0.000    0.000    0.000    0.000    0.000    0.000    0.000    0.000    0.000    0.000
     0.000    0.000    0.000    0.000    0.000    0.000    0.000    0.000    0.000    0.000    0.000    0.000
     0.000    0.000    0.000    0.000    0.000    0.000    0.000    0.000    0.000    0.000    0.000    0.000
     0.000    0.000    0.000    0.000    0.000    0.000    0.000    0.000    0.000    0.000    0.000    0.000
     0.000    0.000    0.000    0.000    0.000    0.000    0.000    0.000    0.000    0.000    0.000    0.000
     0.000    0.000    0.000    0.000    0.000    0.000    0.000    0.000    0.000    0.000    0.000    0.000
     0.000    0.000    0.000    0.000    0.000    0.000    0.000    0.000    0.000    0.000    0.000    0.000
     0.000    0.000    0.000    0.000    0.000    0.000    0.000    0.000    0.000    0.000    0.000    0.000
     0.000    0.000    0.000    0.000    0.000    0.000    0.000    0.000    0.000    0.000    0.000    0.000
     0.000    0.000    0.000    0.000    0.000    0.000    0.000    0.000    0.000    0.000    0.000    0.000
     0.000    0.000    0.000    0.000    0.000    0.000    0.000    0.000    0.000    0.000    0.000    0.000
     0.000    0.000    0.000    0.000    0.000    0.000    0.000    0.000    0.000    0.000    0.000    0.000
     0.000    0.000    0.000    0.000    0.000    0.000    0.000    0.000    0.000    0.000    0.000    0.000
     0.000    0.000    0.000    0.000    0.000    0.000    0.000    0.000    0.000    0.000    0.000    0.000
     0.000    0.000    0.000    0.000    0.000    0.000    0.000    0.000    0.000    0.000    0.000    0.000
     0.000    0.000    0.000    0.000    0.000    0.000    0.000    0.000    0.000    0.000    0.000    0.000
     0.000    0.000    0.000    0.000    0.000    0.000    0.000    0.000    0.000    0.000    0.000    0.000
     0.000    0.000    0.000    0.000    0.000    0.000    0.000    0.000    0.000    0.000    0.000    0.000
     0.000    0.000    0.000    0.000    0.000    0.000    0.000    0.000    0.000    0.000    0.000    0.000
     0.000    0.000    0.000    0.000    0.000    0.000    0.000    0.000    0.000    0.000    0.000    0.000
     0.000    0.000    0.000    0.000    0.000    0.000    0.000    0.000    0.000    0.000    0.000    0.000
     0.000    0.000    0.000    0.000    0.000    0.000    0.000    0.000    0.000    0.000    0.000    0.000
     0.000    0.000    0.000    0.000    0.000    0.000    0.000    0.000    0.000    0.000    0.000    0.000
     0.000    0.000    0.000    0.000    0.000    0.000    0.000    0.000    0.000    0.000    0.000    0.000
     0.000    0.000    0.000    0.000    0.000    0.000    0.000    0.000    0.000    0.000    0.000    0.000
     0.000    0.000    0.000    0.000    0.000    0.000    0.000    0.000    0.000    0.000    0.000    0.000
     0.000    0.000    0.000    0.000    0.000    0.000    0.000    0.000    0.000    0.000    0.000    0.000
     0.000    0.000    0.000    0.000    0.000    0.000    0.000    0.000    0.000    0.000    0.000    0.000
     0.000    0.000    0.000    0.000    0.000    0.000    0.000    0.000    0.000    0.000    0.000    0.000
     0.000    0.000    0.000    0.000    0.000    0.000    0.000    0.000    0.000    0.000    0.000    0.000
     0.000    0.000    0.000    0.000    0.000    0.000    0.000    0.000    0.000    0.000    0.000    0.000
     0.000    0.000    0.000    0.000    0.000    0.000    0.000    0.000    0.000    0.000    0.000    0.000
     0.000    0.000    0.000    0.000    0.000    0.000    0.000    0.000    0.000    0.000    0.000    0.000
     0.000    0.000    0.000    0.000    0.000    0.000    0.000    0.000    0.000    0.000    0.000    0.000
     0.000    0.000    0.000    0.000    0.000    0.000    0.000    0.000    0.000    0.000    0.000    0.000
     0.000    0.000    0.000    0.000    0.000    0.000    0.000    0.000    0.000    0.000    0.000    0.000
     0.000    0.000    0.000    0.000    0.000    0.000    0.000    0.000    0.000    0.000    0.000    0.000
     0.000    0.000    0.000    0.000    0.000    0.000    0.000    0.000    0.000    0.000    0.000    0.000
     0.000    0.000    0.000    0.000    0.000    0.000    0.000    0.000    0.000    0.000    0.000    0.000
     0.000    0.000    0.000    0.000    0.000    0.000    0.000    0.000    0.000    0.000    0.000    0.000
     0.000    0.000    0.000    0.000    0.000    0.000    0.000    0.000    0.000    0.000    0.000    0.000
     0.000    0.000    0.000    0.000    0.000    0.000    0.000    0.000    0.000    0.000    0.000    0.000
     0.000    0.000    0.000    0.000    0.000    0.000    0.000    0.000    0.000    0.000    0.000    0.000
     0.000    0.000    0.000    0.000    0.000    0.000    0.000    0.000    0.000    0.000    0.000    0.000
     0.000    0.000    0.000    0.000    0.000    0.000    0.000    0.000    0.000    0.000    0.000    0.000
     0.000    0.000    0.000    0.000    0.000    0.000    0.000    0.000    0.000    0.000    0.000    0.000
     0.000    0.000    0.000    0.000    0.000    0.000    0.000    0.000    0.000    0.000    0.000    0.000
     0.000    0.000    0.000    0.000    0.000    0.000    0.000    0.000    0.000    0.000    0.000    0.000
     0.000    0.000    0.000    0.000    0.000    0.000    0.000    0.000    0.000    0.000    0.000    0.000
     0.000    0.000    0.000    0.000    0.000    0.000    0.000    0.000    0.000    0.000    0.000    0.000
     0.000    0.000    0.000    0.000    0.000    0.000    0.000    0.000    0.000    0.000    0.000    0.000
     0.000    0.000    0.000    0.000    0.000    0.000    0.000    0.000    0.000    0.000    0.000    0.000
     0.000    0.000    0.000    0.000    0.000    0.000    0.000    0.000    0.000    0.000    0.000    0.000
     0.000    0.000    0.000    0.000    0.000    0.000    0.000    0.000    0.000    0.000    0.000    0.000
     0.000    0.000    0.000    0.000    0.000    0.000    0.000    0.000    0.000    0.000    0.000    0.000
     0.000    0.000    0.000    0.000    0.000    0.000    0.000    0.000    0.000    0.000    0.000    0.000
     0.000    0.000    0.000    0.000    0.000    0.000    0.000    0.000    0.000    0.000    0.000    0.000
     0.000    0.000    0.000    0.000    0.000    0.000    0.000    0.000    0.000    0.000    0.000    0.000
     0.000    0.000    0.000    0.000    0.000    0.000    0.000    0.000    0.000    0.000    0.000    0.000
     0.000    0.000    0.000    0.000    0.000    0.000    0.000    0.000    0.000    0.000    0.000    0.000
     0.000    0.000    0.000    0.000    0.000    0.000    0.000    0.000    0.000    0.000    0.000    0.000
     0.000    0.000    0.000    0.000    0.000    0.000    0.000    0.000    0.000    0.000    0.000    0.000
     0.000    0.000    0.000    0.000    0.000    0.000    0.000    0.000    0.000    0.000    0.000    0.000
     0.000    0.000    0.000    0.000    0.000    0.000    0.000    0.000    0.000    0.000    0.000    0.000
     0.000    0.000    0.000    0.000    0.000    0.000    0.000    0.000    0.000    0.000    0.000    0.000
     0.000    0.000    0.000    0.000    0.000    0.000    0.000    0.000    0.000    0.000    0.000    0.000
     0.000    0.000    0.000    0.000    0.000    0.000    0.000    0.000    0.000    0.000    0.000    0.000
     0.000    0.000    0.000    0.000    0.000    0.000    0.000    0.000    0.000    0.000    0.000    0.000
     0.000    0.000    0.000    0.000    0.000    0.000    0.000    0.000    0.000    0.000    0.000    0.000
     0.000    0.000    0.000    0.000    0.000    0.000    0.000    0.000    0.000    0.000    0.000    0.000
     0.000    0.000    0.000    0.000    0.000    0.000    0.000    0.000    0.000    0.000    0.000    0.000
     0.000    0.000    0.000    0.000    0.000    0.000    0.000    0.000    0.000    0.000    0.000    0.000
     0.000    0.000    0.000    0.000    0.000    0.000    0.000    0.000    0.000    0.000    0.000    0.000
     0.000    0.000    0.000    0.000    0.000    0.000    0.000    0.000    0.000    0.000    0.000    0.000
     0.000    0.000    0.000    0.000    0.000    0.000    0.000    0.000    0.000    0.000    0.000    0.000
     0.000    0.000    0.000    0.000    0.000    0.000    0.000    0.000    0.000    0.000    0.000    0.000
     0.000    0.000    0.000    0.000    0.000    0.000    0.000    0.000    0.000    0.000    0.000    0.000
     0.000    0.000    0.000    0.000    0.000    0.000    0.000    0.000    0.000    0.000    0.000    0.000
     0.000    0.000    0.000    0.000    0.000    0.000    0.000    0.000    0.000    0.000    0.000    0.000
     0.000    0.000    0.000    0.000    0.000    0.000    0.000    0.000    0.000    0.000    0.000    0.000
     0.000    0.000    0.000    0.000    0.000    0.000    0.000    0.000    0.000    0.000    0.000    0.000
     0.000    0.000    0.000    0.000    0.000    0.000    0.000    0.000    0.000    0.000    0.000    0.000
     0.000    0.000    0.000    0.000    0.000    0.000    0.000    0.000    0.000    0.000    0.000    0.000
     0.000    0.000    0.000    0.000    0.000    0.000    0.000    0.000    0.000    0.000    0.000    0.000
     0.000    0.000    0.000    0.000    0.000    0.000    0.000    0.000    0.000    0.000    0.000    0.000
     0.000    0.000    0.000    0.000    0.000    0.000    0.000    0.000    0.000    0.000    0.000    0.000
     0.000    0.000    0.000    0.000    0.000    0.000    0.000    0.000    0.000    0.000    0.000    0.000
     0.000    0.000    0.000    0.000    0.000    0.000    0.000    0.000    0.000    0.000    0.000    0.000
     0.000    0.000    0.000    0.000    0.000    0.000    0.000    0.000    0.000    0.000    0.000    0.000
     0.000    0.000    0.000    0.000    0.000    0.000    0.000    0.000    0.000    0.000    0.000    0.000
     0.000    0.000    0.000    0.000    0.000    0.000    0.000    0.000    0.000    0.000    0.000    0.000
     0.000    0.000    0.000    0.000    0.000    0.000    0.000    0.000    0.000    0.000    0.000    0.000
     0.000    0.000    0.000    0.000    0.000    0.000    0.000    0.000    0.000    0.000    0.000    0.000
     0.000    0.000    0.000    0.000    0.000    0.000    0.000    0.000    0.000    0.000    0.000    0.000
     0.000    0.000    0.000    0.000    0.000    0.000    0.000    0.000    0.000    0.000    0.000    0.000
     0.000    0.000    0.000    0.000    0.000    0.000    0.000    0.000    0.000    0.000    0.000    0.000
     0.000    0.000    0.000    0.000    0.000    0.000    0.000    0.000    0.000    0.000    0.000    0.000
     0.000    0.000    0.000    0.000    0.000    0.000    0.000    0.000    0.000    0.000    0.000    0.000
     0.000    0.000    0.000    0.000    0.000    0.000    0.000    0.000    0.000    0.000    0.000    0.000
     0.000    0.000    0.000    0.000    0.000    0.000    0.000    0.000    0.000    0.000    0.000    0.000
     0.000    0.000    0.000    0.000    0.000    0.000    0.000    0.000    0.000    0.000    0.000    0.000
     0.000    0.000    0.000    0.000    0.000    0.000    0.000    0.000    0.000    0.000    0.000    0.000
     0.000    0.000    0.000    0.000    0.000    0.000    0.000    0.000    0.000    0.000    0.000    0.000
     0.000    0.000    0.000    0.000    0.000    0.000    0.000    0.000    0.000    0.000    0.000    0.000
     0.000    0.000    0.000    0.000    0.000    0.000    0.000    0.000    0.000    0.000    0.000    0.000
     0.000    0.000    0.000    0.000    0.000    0.000    0.000    0.000    0.000    0.000    0.000    0.000
     0.000    0.000    0.000    0.000    0.000    0.000    0.000    0.000    0.000    0.000    0.000    0.000
     0.000    0.000    0.000    0.000    0.000    0.000    0.000    0.000    0.000    0.000    0.000    0.000
     0.000    0.000    0.000    0.000    0.000    0.000    0.000    0.000    0.000    0.000    0.000    0.000
     0.000    0.000    0.000    0.000    0.000    0.000    0.000    0.000    0.000    0.000    0.000    0.000
     0.000    0.000    0.000    0.000    0.000    0.000    0.000    0.000    0.000    0.000    0.000    0.000
     0.000    0.000    0.000    0.000    0.000    0.000    0.000    0.000    0.000    0.000    0.000    0.000
     0.000    0.000    0.000    0.000    0.000    0.000    0.000    0.000    0.000    0.000    0.000    0.000
     0.000    0.000    0.000    0.000    0.000    0.000    0.000    0.000    0.000    0.000    0.000    0.000
     0.000    0.000    0.000    0.000    0.000    0.000    0.000    0.000    0.000    0.000    0.000    0.000
     0.000    0.000    0.000    0.000    0.000    0.000    0.000    0.000    0.000    0.000    0.000    0.000
     0.000    0.000    0.000    0.000    0.000    0.000    0.000    0.000    0.000    0.000    0.000    0.000
     0.000    0.000    0.000    0.000    0.000    0.000    0.000    0.000    0.000    0.000    0.000    0.000
     0.000    0.000    0.000    0.000    0.000    0.000    0.000    0.000    0.000    0.000    0.000    0.000
     0.000    0.000    0.000    0.000    0.000    0.000    0.000    0.000    0.000    0.000    0.000    0.000
     0.000    0.000    0.000    0.000    0.000    0.000    0.000    0.000    0.000    0.000    0.000    0.000
     0.000    0.000    0.000    0.000    0.000    0.000    0.000    0.000    0.000    0.000    0.000    0.000
     0.000    0.000    0.000    0.000    0.000    0.000    0.000    0.000    0.000    0.000    0.000    0.000
     0.000    0.000    0.000    0.000    0.000    0.000    0.000    0.000    0.000    0.000    0.000    0.000
     0.000    0.000    0.000    0.000    0.000    0.000    0.000    0.000    0.000    0.000    0.000    0.000
     0.000    0.000    0.000    0.000    0.000    0.000    0.000    0.000    0.000    0.000    0.000    0.000
     0.000    0.000    0.000    0.000    0.000    0.000    0.000    0.000    0.000    0.000    0.000    0.000
     0.000    0.000    0.000    0.000    0.000    0.000    0.000    0.000    0.000    0.000    0.000    0.000
     0.000    0.000    0.000    0.000    0.000    0.000    0.000    0.000    0.000    0.000    0.000    0.000
     0.000    0.000    0.000    0.000    0.000    0.000    0.000    0.000    0.000    0.000    0.000    0.000
     0.000    0.000    0.000    0.000    0.000    0.000    0.000    0.000    0.000    0.000    0.000    0.000
     0.000    0.000    0.000    0.000    0.000    0.000    0.000    0.000    0.000    0.000    0.000    0.000
     0.000    0.000    0.000    0.000    0.000    0.000    0.000    0.000    0.000    0.000    0.000    0.000
     0.000    0.000    0.000    0.000    0.000    0.000    0.000    0.000    0.000    0.000    0.000    0.000
     0.000    0.000    0.000    0.000    0.000    0.000    0.000    0.000    0.000    0.000    0.000    0.000
     0.000    0.000    0.000    0.000    0.000    0.000    0.000    0.000    0.000    0.000    0.000    0.000
     0.000    0.000    0.000    0.000    0.000    0.000    0.000    0.000    0.000    0.000    0.000    0.000
     0.000    0.000    0.000    0.000    0.000    0.000    0.000    0.000    0.000    0.000    0.000    0.000
     0.000    0.000    0.000    0.000    0.000    0.000    0.000    0.000    0.000    0.000    0.000    0.000
     0.000    0.000    0.000    0.000

Residuals with |t| > 3.5:
    Obs    T-value 
      2     4.2652 
    261    -5.4031 
    275     4.1401 
    339    -8.0467 
    344     5.9432 
    748    -4.8979 
    818     5.1029 
    953     4.1679 
   1093    -4.8727 
   1192    -5.2336 

Sample autocorrelations and partial autocorrelations:
Order     Autcor         SE    Q-stats       DF P-values     Parcor         SE 
1        -0.0177     0.0158     1.2622        1     0.26    -0.0177     0.0158 
2         0.1015     0.0158    42.7535        2     0.00     0.1012     0.0158 
3         0.0207     0.0159    44.4790        3     0.00     0.0244     0.0158 
4         0.0396     0.0159    50.7976        4     0.00     0.0304     0.0158 
5        -0.0511     0.0160    61.3426        5     0.00    -0.0551     0.0158 
6         0.0394     0.0160    67.6012        6     0.00     0.0304     0.0158 
7         0.0022     0.0160    67.6200        7     0.00     0.0124     0.0158 
8         0.0058     0.0160    67.7546        8     0.00     0.0006     0.0158 
9        -0.0159     0.0160    68.7686        9     0.00    -0.0157     0.0158 
10        0.0072     0.0160    68.9796       10     0.00     0.0007     0.0158 
11       -0.0440     0.0160    76.7824       11     0.00    -0.0383     0.0158 
12        0.0031     0.0161    76.8222       12     0.00     0.0013     0.0158 
13       -0.0036     0.0161    76.8732       13     0.00     0.0053     0.0158 
14        0.0132     0.0161    77.5782       14     0.00     0.0132     0.0158 
15        0.0049     0.0161    77.6742       15     0.00     0.0090     0.0158 
16        0.0053     0.0161    77.7899       16     0.00    -0.0015     0.0158 
17       -0.0233     0.0161    79.9920       17     0.00    -0.0229     0.0158 
18        0.0356     0.0161    85.1131       18     0.00     0.0344     0.0158 
19        0.0027     0.0161    85.1436       19     0.00     0.0096     0.0158 
20       -0.0048     0.0161    85.2372       20     0.00    -0.0118     0.0158 
21        0.0590     0.0161    99.3191       21     0.00     0.0579     0.0158 
22        0.0567     0.0161   112.3345       22     0.00     0.0546     0.0158 
23        0.0166     0.0162   113.4531       23     0.00     0.0127     0.0158 
24        0.0151     0.0162   114.3811       24     0.00     0.0010     0.0158 
25       -0.0043     0.0162   114.4567       25     0.00    -0.0145     0.0158 
26        0.0722     0.0162   135.5537       26     0.00     0.0744     0.0158 
27       -0.0354     0.0163   140.6331       27     0.00    -0.0301     0.0158 
28        0.0415     0.0163   147.6295       28     0.00     0.0214     0.0158 
29       -0.0202     0.0163   149.2801       29     0.00    -0.0156     0.0158 
30        0.0342     0.0163   154.0285       30     0.00     0.0259     0.0158 
31       -0.0240     0.0164   156.3568       31     0.00    -0.0114     0.0158 
32        0.0230     0.0164   158.5068       32     0.00     0.0123     0.0158 
33       -0.0092     0.0164   158.8522       33     0.00     0.0022     0.0158 
34       -0.0201     0.0164   160.4879       34     0.00    -0.0281     0.0158 
35       -0.0277     0.0164   163.5929       35     0.00    -0.0227     0.0158 
36        0.0004     0.0164   163.5937       36     0.00    -0.0055     0.0158 
_________
When DF is positive, P-values should be greater than 0.05
(at the 5 per cent level) for model adequacy

Residual diagnostics:             
Sample size        4024 
                
Median              0.0000 
Mean                0.0254 
Std of mean         0.0155 
T-value of mean     1.6399 

                           P-values 
Normality (BS)  48495.2906     0.00 
Skewness           -0.1958     0.00 
Kurtosis           20.0024     0.00 

                            P-value 
Durbin-Watson       2.0353     0.26 
                   
Standard error         0.9813 
Sigma square           0.9630 
Residual variance      0.9623 
Residual std. dev.     0.9810 

Approximate test of runs on residuals:               
Number of runs      625 
Number of (+)      3445 
Number of (-)       579 
              
T-value           -23.5163 

Heteroscedasticity test:
         DF       stat  P-value 
H      1341     0.0000     0.00 

Sample autocorrelations of squared residuals:
Order     Autcor         SE    Q-stats       DF P-values     Parcor         SE 
1         0.1684     0.0158   114.1573        1     0.00     0.1684     0.0158 
2         0.2047     0.0162   282.9237        2     0.00     0.1815     0.0158 
3         0.1271     0.0168   348.0150        3     0.00     0.0727     0.0158 
4         0.1190     0.0171   405.0607        4     0.00     0.0597     0.0158 
5         0.2759     0.0173   711.8236        5     0.00     0.2337     0.0158 
6         0.1095     0.0183   760.1556        6     0.00     0.0153     0.0158 
7         0.1205     0.0185   818.7156        7     0.00     0.0137     0.0158 
8         0.0976     0.0187   857.1133        8     0.00     0.0277     0.0158 
9         0.1244     0.0188   919.5318        9     0.00     0.0590     0.0158 
10        0.1452     0.0190  1004.5988       10     0.00     0.0415     0.0158 
11        0.1351     0.0193  1078.3232       11     0.00     0.0609     0.0158 
12        0.1354     0.0195  1152.3491       12     0.00     0.0549     0.0158 
13        0.1105     0.0198  1201.6822       13     0.00     0.0264     0.0158 
14        0.1602     0.0199  1305.4024       14     0.00     0.0744     0.0158 
15        0.1225     0.0202  1366.0766       15     0.00     0.0256     0.0158 
16        0.1428     0.0204  1448.4663       16     0.00     0.0413     0.0158 
17        0.1094     0.0207  1496.8461       17     0.00     0.0103     0.0158 
18        0.1222     0.0208  1557.1990       18     0.00     0.0356     0.0158 
19        0.0913     0.0210  1590.9333       19     0.00    -0.0183     0.0158 
20        0.1029     0.0211  1633.7780       20     0.00     0.0156     0.0158 
21        0.1096     0.0212  1682.3511       21     0.00     0.0198     0.0158 
22        0.0876     0.0213  1713.4242       22     0.00     0.0029     0.0158 
23        0.0974     0.0214  1751.8628       23     0.00     0.0052     0.0158 
24        0.0887     0.0215  1783.7125       24     0.00     0.0160     0.0158 
25        0.1155     0.0216  1837.7716       25     0.00     0.0344     0.0158 
26        0.1127     0.0218  1889.2054       26     0.00     0.0243     0.0158 
27        0.1018     0.0219  1931.2475       27     0.00     0.0163     0.0158 
28        0.1003     0.0221  1972.0334       28     0.00     0.0120     0.0158 
29        0.1047     0.0222  2016.5278       29     0.00     0.0246     0.0158 
30        0.1194     0.0223  2074.3606       30     0.00     0.0279     0.0158 
31        0.1213     0.0224  2134.0935       31     0.00     0.0336     0.0158 
32        0.0963     0.0226  2171.7222       32     0.00     0.0014     0.0158 
33        0.0997     0.0227  2212.0947       33     0.00     0.0169     0.0158 
34        0.1210     0.0228  2271.5440       34     0.00     0.0400     0.0158 
35        0.1103     0.0230  2320.9941       35     0.00     0.0175     0.0158 
36        0.1114     0.0231  2371.4170       36     0.00     0.0132     0.0158 
_________
When DF is positive, P-values should be greater than 0.05
(at the 5 per cent level) for model adequacy
