
Information criteria:    
AIC      39682.6700 
BIC      39682.6700 

Residuals:
    -0.048    0.765    0.328    0.098    0.097    0.253    0.220    0.728    0.412    0.002    0.326    0.447
    -0.351    0.661   -0.301   -0.234    0.227    0.067    0.266   -0.427   -0.152    0.207    0.039   -0.249
    -0.294   -0.075    0.033    0.420    0.363   -0.013   -0.037    0.070    0.051   -0.015   -0.166    0.461
    -0.128   -0.133    0.479   -0.250   -0.057   -0.045    0.245   -0.091    0.014   -0.129   -0.041   -0.373
    -0.182   -0.072    0.083   -0.009    0.099    0.148   -0.101    0.069   -0.048   -0.109   -0.076    0.001
    -0.499    0.297    0.094    0.171   -0.549    0.043    0.193    0.006    0.018    0.141    0.419   -0.135
    -0.022    0.081    0.070    0.083    0.095    0.112   -0.008   -0.177    0.057    0.084    0.170    0.093
     0.041   -0.149    0.187   -0.006    0.131   -0.036   -0.373   -0.077   -0.474   -0.134   -0.451   -0.447
     0.219   -0.329    0.091   -0.111   -0.119   -0.234   -0.222   -0.435   -0.215    0.054    0.175   -0.448
     0.451    0.128   -0.291    0.045    0.103    0.426    0.198   -0.057   -0.347    0.413    0.005    0.066
    -0.095   -0.018   -0.166   -0.217   -0.048    0.058    0.068   -0.198    0.062    0.247    0.166   -0.110
    -0.202    0.062    0.014    0.036   -0.077   -0.017    0.071    0.387   -0.196   -0.262    0.072   -0.197
     0.006    0.037    0.058    0.216    0.192    0.326    0.186    0.012    0.056   -0.327    0.056    0.252
     0.086    0.201    0.023    0.141   -0.235    0.368    0.045    0.084   -0.209    0.212    0.111    0.071
     0.037    0.196    0.046   -0.444   -0.050   -0.159    0.061    0.051    0.331    0.094    0.003    0.008
    -0.048    0.011    0.254   -0.192    0.294   -0.147    0.036    0.367    0.210    0.037   -0.177    0.046
     0.045    0.099    0.041   -0.568    0.081   -0.534   -0.098    0.100   -0.296    0.506   -0.325    0.343
    -0.111    0.122   -0.052    0.060    0.128    0.033   -0.098    0.028   -0.045   -0.254   -0.030    0.034
    -0.154   -0.074    0.365    0.049   -0.284   -0.455    0.335   -0.178   -0.423    0.164   -0.021   -0.191
     0.101    0.033    0.074    0.257   -0.194    0.040    0.481    0.168    0.158   -0.383   -0.033   -0.184
     0.014    0.106    0.104    0.047   -0.235    0.373   -0.106    0.379   -0.218   -0.378   -0.251   -0.007
     0.034    0.193    0.122    0.053   -0.011   -0.161   -0.324   -0.282   -1.062   -0.327   -0.266   -0.244
     0.151   -0.115   -0.191    0.021   -0.046   -0.034   -0.399    0.041   -0.107   -0.153    0.785   -0.106
    -0.055   -0.054    0.001   -0.250   -0.672    0.351    0.032   -0.184   -0.060   -0.082    0.301   -0.421
     0.077    0.040   -0.021   -0.159    0.252    0.146   -0.284    0.207    0.656   -0.052    0.031    0.535
     0.053   -0.470    0.055    0.048    0.104   -0.108    0.332   -0.033   -0.166   -0.157    0.130   -0.162
     0.108   -0.024    0.019   -0.210   -0.197   -0.202   -0.346   -0.112    0.018    0.183   -0.135    0.197
     0.049    0.054    0.141   -0.108   -0.058    0.191   -0.100    0.038    0.051    0.028    0.320    0.128
    -0.511    0.028   -0.109   -0.490   -0.165    0.599   -0.167    0.045    0.246    0.091    0.001    0.173
    -0.233    0.174   -0.045    0.163   -0.199    0.000    0.138    0.190    0.095    0.276    0.221    0.334
    -0.059   -0.001    0.196    0.063   -0.021   -0.003    0.040    0.391    0.128    0.132   -0.154    0.389
     0.117    0.231   -0.532    0.576   -0.173   -0.064   -0.268    0.340   -0.492   -0.184   -0.103    0.104
    -0.686    0.214   -0.358   -0.117   -0.081   -0.117    0.143   -0.210    0.291   -0.103    0.106    0.117
    -0.066    0.277    0.041   -0.149    0.049   -0.095    0.132    0.050    0.267    0.427    0.309   -0.290
    -0.066    0.122   -0.164    0.340   -0.194   -0.231    0.125    0.202    0.095    0.280   -0.137   -0.052
    -0.076   -0.150   -0.170    0.073    0.000    0.402   -0.183   -0.110    0.124    0.063   -0.113   -0.329
     0.302   -0.024    0.072   -0.078    0.232    0.004    0.070   -0.099    0.047   -0.206   -0.162   -0.021
    -0.330   -0.143    0.095   -0.382    0.282   -0.800   -0.225    0.374    0.196    0.034   -0.240    0.408
    -0.334    0.046    0.166   -0.143    0.429   -0.006    0.067   -0.135    0.316    0.388    0.113    0.412
    -0.175   -0.164    0.031    0.041    0.047    0.033   -0.002    0.124    0.050   -0.082    0.255    0.210
    -0.319   -0.252   -0.051    0.178   -0.312    0.273   -0.418   -0.140    0.255   -0.199   -0.086   -0.086
    -0.087   -0.267   -0.110   -0.035   -0.159   -0.036   -0.038    0.040    0.196   -0.164   -0.014   -0.065
     0.034   -0.129   -0.109   -0.139   -0.067   -0.148    0.012   -0.132   -0.069   -0.076    0.072    0.047
     0.035    0.216    0.226   -0.267   -0.212    0.233   -0.021    0.104   -0.008    0.002   -0.700   -0.105
     0.230    0.086    0.092    0.126   -0.191    0.062    0.043   -0.277   -0.136   -0.050    0.152   -0.310
    -0.132   -0.432    0.246   -0.293    0.252    0.050   -0.388    0.070    0.014   -0.549   -0.134    0.847
     0.046    0.001   -0.348   -0.205    0.086    0.148   -0.149    0.038    0.052    0.023   -0.249    0.234
    -0.095    0.271   -0.019    0.115   -0.122   -0.019    0.378    0.125   -0.248   -0.176   -0.084    0.125
     0.117    0.203   -0.081    0.352   -0.345    0.212   -0.009   -0.060    0.010   -0.217    0.099    0.126
     0.061   -0.154    0.501    0.148    0.032    0.041    0.209    0.157    0.329    0.111   -0.191    0.059
    -0.258    0.154   -0.103   -0.079   -0.123   -0.316    0.085   -0.044    0.065   -0.132    0.182   -0.023
    -0.031   -0.017    0.158   -0.127    0.237    0.302    0.089   -0.196   -0.189    0.088    0.065   -0.118
     0.209   -0.260    0.210    0.183    0.005    0.018    0.101    0.069   -0.276    0.038    0.022    0.046
    -0.146    0.121    0.321    0.089   -0.005   -0.029    0.047   -0.145    0.013    0.172   -0.385    0.013
     0.259   -0.194    0.019    0.426   -0.154    0.023   -0.133   -0.039    0.123    0.014    0.092    0.304
     0.058    0.300    0.303   -0.172    0.086   -0.012    0.143    0.170   -0.143   -0.048    0.456    0.191
    -0.223    0.026   -0.150   -0.133   -0.060   -0.088    0.243   -0.133    0.197    0.050   -0.590   -0.399
    -0.063    0.009   -0.252    0.299    0.011   -0.124   -0.129    0.115    0.071    0.170   -0.370   -0.045
    -0.570   -0.211   -0.006    0.362   -0.202   -0.241   -0.186    0.327    0.368   -0.241    0.092    0.187
     0.106   -0.170    0.095   -0.258   -0.301   -0.165   -0.366    0.049    0.116    0.070   -0.195   -0.354
     0.233   -0.349   -0.173   -0.151   -0.528   -0.225   -0.138    0.240   -0.444    0.181    0.074   -0.331
    -0.054    0.008    0.072   -0.351   -0.031   -0.148   -0.203   -0.035   -0.161    0.013   -0.042   -0.444
    -0.140    0.026    0.226   -0.311    0.397   -0.262    0.009   -0.312    0.021   -0.682   -0.183   -0.136
    -0.461    0.598   -0.292    0.241   -0.022   -0.411    0.105   -0.052   -0.221   -0.062   -0.244   -0.096
    -0.122    0.023   -0.376    0.180   -0.265    0.212    0.154   -0.231   -0.155   -0.178    0.227   -0.055
     0.199    0.094   -0.351   -0.158   -0.228    0.049    0.150    0.453   -0.517    0.179   -0.263   -0.031
    -0.337    0.365    0.290   -0.082   -0.258    0.250    0.062   -0.055   -0.205    0.617    0.425    0.055
    -0.159    0.187   -0.509    0.419   -0.257   -0.324   -0.223    0.287    0.008   -0.306   -0.280    0.620
    -0.837    0.838   -0.262    0.477    0.482    0.098    0.265    0.532   -0.575    0.618   -0.259   -0.524
    -0.085    0.471    0.203   -0.115    0.202    0.082    0.327   -0.103    0.012    0.022    0.454   -0.035
     0.200    0.505   -0.468    0.174    0.096   -0.153    0.286    0.023    0.240   -0.131    0.120    0.408
     0.006    0.052    0.108   -0.111    0.083   -0.223   -0.004   -0.047   -0.050    0.041   -0.077    0.206
     0.363    0.003    0.060   -0.018   -0.238    0.018   -0.446    0.077   -0.039   -0.172   -0.017    0.125
     0.016    0.226   -0.249   -0.208    0.156   -0.004   -0.064   -0.011    0.020   -0.217   -0.252    0.012
    -0.208   -0.098    0.106    0.403   -0.085   -0.040   -0.182   -0.075   -0.043    0.243   -0.242    0.035
    -0.281    0.266    0.409    0.072    0.207   -0.333   -0.023    0.066    0.085    0.156   -0.344   -0.274
    -0.043    0.203   -0.328    0.198   -0.169    0.275   -0.192    0.037   -0.378    0.025   -0.462    0.209
    -0.053   -0.000   -0.142    0.234    0.406    0.056    0.292    0.388   -0.248    0.065    0.169   -0.398
    -0.013    0.441    0.015    0.119    0.090   -0.108    0.264    0.210   -0.130   -0.193    0.292    0.277
     0.638    0.675   -0.153    0.195    0.313    0.074    0.021    0.011   -0.101   -0.080   -0.235   -0.156
     0.332   -0.125    0.168   -0.373    0.384    0.074   -0.239   -0.255    0.025   -0.215   -0.055   -0.184
    -0.145   -0.224    0.204   -0.103   -0.052   -0.007    0.079   -0.025    0.193   -0.165   -0.107   -0.009
    -0.068   -0.115    0.006    0.238   -0.162    0.271   -0.445    0.390    0.062    0.157    0.102   -0.297
    -0.008   -0.133    0.130   -0.016    0.077    0.072   -0.024    0.190   -0.173   -0.152    0.226    0.349
    -0.508    0.023   -0.105   -0.291    0.126   -0.163   -0.083    0.016   -0.032   -0.192   -0.174   -0.043
     0.045   -0.102    0.149   -0.017    0.042   -0.067   -0.247   -0.003   -0.147    0.183    0.185    0.027
    -0.149    0.074   -0.029    0.032   -0.030    0.000   -0.100   -0.119    0.048    0.194   -0.020    0.194
     0.138    0.034    0.106    0.113   -0.023   -0.352   -0.053   -0.028    0.121    0.363   -0.170    0.010
    -0.071    0.113   -0.171   -0.139   -0.095   -0.090   -0.193   -0.307   -0.055   -0.084   -0.107   -0.216
    -0.389    0.067    0.031   -0.009   -0.213   -0.065   -0.019   -0.132    0.163   -0.039   -0.165    0.232
     0.184   -0.171    0.189    0.196   -0.112   -0.003    0.053    0.248   -0.014   -0.170   -0.058   -0.202
     0.198    0.191   -0.058    0.141   -0.027    0.493   -0.982    0.386    0.531   -0.301    0.338   -0.107
     0.065   -0.183    0.412    0.013   -0.067    0.055   -0.297   -0.283    0.108    0.119   -0.146    0.038
     0.302   -0.166   -0.207    0.011   -0.144   -0.387   -0.033    0.371   -0.039    0.160    0.086    0.054
     0.196    0.007    0.149   -0.077    0.055   -0.234    0.083   -0.138   -0.191   -0.019    0.272    0.010
     0.089    0.027   -0.189   -0.162   -0.193   -0.191   -0.148   -0.115   -0.004   -0.073   -0.222    0.351
     0.284   -0.000   -0.237   -0.128    0.075    0.412    0.106   -0.037   -0.044   -0.105    0.085   -0.084
    -0.240   -0.280    0.136    0.031   -0.223   -0.045   -0.264   -0.193   -0.193   -0.068   -0.198   -0.399
    -0.121    0.005   -0.319    0.146   -0.158    0.030    0.036    0.042   -0.017    0.416   -0.530   -0.955
     0.166    0.044    0.130    0.084   -0.344    0.218   -0.254   -0.005    0.237   -0.139    0.298   -0.005
    -0.231   -0.055   -0.146    0.258   -0.265    0.253   -0.129   -0.197   -0.149    0.029    0.160    0.182
     0.233   -0.120   -0.140    0.045   -0.007    0.049    0.207    0.042    0.087   -0.198   -0.044    0.582
     0.123    0.026    0.005   -0.145    0.221    0.217   -0.033   -0.043   -0.070    0.052   -0.205   -0.018
     0.199    0.267   -0.217    0.070   -0.135   -0.222   -0.111    0.224   -0.006    0.012    0.000    0.000
     0.000    0.000    0.000    0.000    0.000    0.000    0.000    0.000    0.000    0.000    0.000    0.000
     0.000    0.000    0.000    0.000    0.000    0.000    0.000    0.000    0.000    0.000    0.000    0.000
     0.000    0.000    0.000    0.000    0.000    0.000    0.000    0.000    0.000    0.000    0.000    0.000
     0.000    0.000    0.000    0.000    0.000    0.000    0.000    0.000    0.000    0.000    0.000    0.000
     0.000    0.000    0.000    0.000    0.000    0.000    0.000    0.000    0.000    0.000    0.000    0.000
     0.000    0.000    0.000    0.000    0.000    0.000    0.000    0.000    0.000    0.000    0.000    0.000
     0.000    0.000    0.000    0.000    0.000    0.000    0.000    0.000    0.000    0.000    0.000    0.000
     0.000    0.000    0.000    0.000    0.000    0.000    0.000    0.000    0.000    0.000    0.000    0.000
     0.000    0.000    0.000    0.000    0.000    0.000    0.000    0.000    0.000    0.000    0.000    0.000
     0.000    0.000    0.000    0.000    0.000    0.000    0.000    0.000    0.000    0.000    0.000    0.000
     0.000    0.000    0.000    0.000    0.000    0.000    0.000    0.000    0.000    0.000    0.000    0.000
     0.000    0.000    0.000    0.000    0.000    0.000    0.000    0.000    0.000    0.000    0.000    0.000
     0.000    0.000    0.000    0.000    0.000    0.000    0.000    0.000    0.000    0.000    0.000    0.000
     0.000    0.000    0.000    0.000    0.000    0.000    0.000    0.000    0.000    0.000    0.000    0.000
     0.000    0.000    0.000    0.000    0.000    0.000    0.000    0.000    0.000    0.000    0.000    0.000
     0.000    0.000    0.000    0.000    0.000    0.000    0.000    0.000    0.000    0.000    0.000    0.000
     0.000    0.000    0.000    0.000    0.000    0.000    0.000    0.000    0.000    0.000    0.000    0.000
     0.000    0.000    0.000    0.000    0.000    0.000    0.000    0.000    0.000    0.000    0.000    0.000
     0.000    0.000    0.000    0.000    0.000    0.000    0.000    0.000    0.000    0.000    0.000    0.000
     0.000    0.000    0.000    0.000    0.000    0.000    0.000    0.000    0.000    0.000    0.000    0.000
     0.000    0.000    0.000    0.000    0.000    0.000    0.000    0.000    0.000    0.000    0.000    0.000
     0.000    0.000    0.000    0.000    0.000    0.000    0.000    0.000    0.000    0.000    0.000    0.000
     0.000    0.000    0.000    0.000    0.000    0.000    0.000    0.000    0.000    0.000    0.000    0.000
     0.000    0.000    0.000    0.000    0.000    0.000    0.000    0.000    0.000    0.000    0.000    0.000
     0.000    0.000    0.000    0.000    0.000    0.000    0.000    0.000    0.000    0.000    0.000    0.000
     0.000    0.000    0.000    0.000    0.000    0.000    0.000    0.000    0.000    0.000    0.000    0.000
     0.000    0.000    0.000    0.000    0.000    0.000    0.000    0.000    0.000    0.000    0.000    0.000
     0.000    0.000    0.000    0.000    0.000    0.000    0.000    0.000    0.000    0.000    0.000    0.000
     0.000    0.000    0.000    0.000    0.000    0.000    0.000    0.000    0.000    0.000    0.000    0.000
     0.000    0.000    0.000    0.000    0.000    0.000    0.000    0.000    0.000    0.000    0.000    0.000
     0.000    0.000    0.000    0.000    0.000    0.000    0.000    0.000    0.000    0.000    0.000    0.000
     0.000    0.000    0.000    0.000    0.000    0.000    0.000    0.000    0.000    0.000    0.000    0.000
     0.000    0.000    0.000    0.000    0.000    0.000    0.000    0.000    0.000    0.000    0.000    0.000
     0.000    0.000    0.000    0.000    0.000    0.000    0.000    0.000    0.000    0.000    0.000    0.000
     0.000    0.000    0.000    0.000    0.000    0.000    0.000    0.000    0.000    0.000    0.000    0.000
     0.000    0.000    0.000    0.000    0.000    0.000    0.000    0.000    0.000    0.000    0.000    0.000
     0.000    0.000    0.000    0.000    0.000    0.000    0.000    0.000    0.000    0.000    0.000    0.000
     0.000    0.000    0.000    0.000    0.000    0.000    0.000    0.000    0.000    0.000    0.000    0.000
     0.000    0.000    0.000    0.000    0.000    0.000    0.000    0.000    0.000    0.000    0.000    0.000
     0.000    0.000    0.000    0.000    0.000    0.000    0.000    0.000    0.000    0.000    0.000    0.000
     0.000    0.000    0.000    0.000    0.000    0.000    0.000    0.000    0.000    0.000    0.000    0.000
     0.000    0.000    0.000    0.000    0.000    0.000    0.000    0.000    0.000    0.000    0.000    0.000
     0.000    0.000    0.000    0.000    0.000    0.000    0.000    0.000    0.000    0.000    0.000    0.000
     0.000    0.000    0.000    0.000    0.000    0.000    0.000    0.000    0.000    0.000    0.000    0.000
     0.000    0.000    0.000    0.000    0.000    0.000    0.000    0.000    0.000    0.000    0.000    0.000
     0.000    0.000    0.000    0.000    0.000    0.000    0.000    0.000    0.000    0.000    0.000    0.000
     0.000    0.000    0.000    0.000    0.000    0.000    0.000    0.000    0.000    0.000    0.000    0.000
     0.000    0.000    0.000    0.000    0.000    0.000    0.000    0.000    0.000    0.000    0.000    0.000
     0.000    0.000    0.000    0.000    0.000    0.000    0.000    0.000    0.000    0.000    0.000    0.000
     0.000    0.000    0.000    0.000    0.000    0.000    0.000    0.000    0.000    0.000    0.000    0.000
     0.000    0.000    0.000    0.000    0.000    0.000    0.000    0.000    0.000    0.000    0.000    0.000
     0.000    0.000    0.000    0.000    0.000    0.000    0.000    0.000    0.000    0.000    0.000    0.000
     0.000    0.000    0.000    0.000    0.000    0.000    0.000    0.000    0.000    0.000    0.000    0.000
     0.000    0.000    0.000    0.000    0.000    0.000    0.000    0.000    0.000    0.000    0.000    0.000
     0.000    0.000    0.000    0.000    0.000    0.000    0.000    0.000    0.000    0.000    0.000    0.000
     0.000    0.000    0.000    0.000    0.000    0.000    0.000    0.000    0.000    0.000    0.000    0.000
     0.000    0.000    0.000    0.000    0.000    0.000    0.000    0.000    0.000    0.000    0.000    0.000
     0.000    0.000    0.000    0.000    0.000    0.000    0.000    0.000    0.000    0.000    0.000    0.000
     0.000    0.000    0.000    0.000    0.000    0.000    0.000    0.000    0.000    0.000    0.000    0.000
     0.000    0.000    0.000    0.000    0.000    0.000    0.000    0.000    0.000    0.000    0.000    0.000
     0.000    0.000    0.000    0.000    0.000    0.000    0.000    0.000    0.000    0.000    0.000    0.000
     0.000    0.000    0.000    0.000    0.000    0.000    0.000    0.000    0.000    0.000    0.000    0.000
     0.000    0.000    0.000    0.000    0.000    0.000    0.000    0.000    0.000    0.000    0.000    0.000
     0.000    0.000    0.000    0.000    0.000    0.000    0.000    0.000    0.000    0.000    0.000    0.000
     0.000    0.000    0.000    0.000    0.000    0.000    0.000    0.000    0.000    0.000    0.000    0.000
     0.000    0.000    0.000    0.000    0.000    0.000    0.000    0.000    0.000    0.000    0.000    0.000
     0.000    0.000    0.000    0.000    0.000    0.000    0.000    0.000    0.000    0.000    0.000    0.000
     0.000    0.000    0.000    0.000    0.000    0.000    0.000    0.000    0.000    0.000    0.000    0.000
     0.000    0.000    0.000    0.000    0.000    0.000    0.000    0.000    0.000    0.000    0.000    0.000
     0.000    0.000    0.000    0.000    0.000    0.000    0.000    0.000    0.000    0.000    0.000    0.000
     0.000    0.000    0.000    0.000    0.000    0.000    0.000    0.000    0.000    0.000    0.000    0.000
     0.000    0.000    0.000    0.000    0.000    0.000    0.000    0.000    0.000    0.000    0.000    0.000
     0.000    0.000    0.000    0.000    0.000    0.000    0.000    0.000    0.000    0.000    0.000    0.000
     0.000    0.000    0.000    0.000    0.000    0.000    0.000    0.000    0.000    0.000    0.000    0.000
     0.000    0.000    0.000    0.000    0.000    0.000    0.000    0.000    0.000    0.000    0.000    0.000
     0.000    0.000    0.000    0.000    0.000    0.000    0.000    0.000    0.000    0.000    0.000    0.000
     0.000    0.000    0.000    0.000    0.000    0.000    0.000    0.000    0.000    0.000    0.000    0.000
     0.000    0.000    0.000    0.000    0.000    0.000    0.000    0.000    0.000    0.000    0.000    0.000
     0.000    0.000    0.000    0.000    0.000    0.000    0.000    0.000    0.000    0.000    0.000    0.000
     0.000    0.000    0.000    0.000    0.000    0.000    0.000    0.000    0.000    0.000    0.000    0.000
     0.000    0.000    0.000    0.000    0.000    0.000    0.000    0.000    0.000    0.000    0.000    0.000
     0.000    0.000    0.000    0.000    0.000    0.000    0.000    0.000    0.000    0.000    0.000    0.000
     0.000    0.000    0.000    0.000    0.000    0.000    0.000    0.000    0.000    0.000    0.000    0.000
     0.000    0.000    0.000    0.000    0.000    0.000    0.000    0.000    0.000    0.000    0.000    0.000
     0.000    0.000    0.000    0.000    0.000    0.000    0.000    0.000    0.000    0.000    0.000    0.000
     0.000    0.000    0.000    0.000    0.000    0.000    0.000    0.000    0.000    0.000    0.000    0.000
     0.000    0.000    0.000    0.000    0.000    0.000    0.000    0.000    0.000    0.000    0.000    0.000
     0.000    0.000    0.000    0.000    0.000    0.000    0.000    0.000    0.000    0.000    0.000    0.000
     0.000    0.000    0.000    0.000    0.000    0.000    0.000    0.000    0.000    0.000    0.000    0.000
     0.000    0.000    0.000    0.000    0.000    0.000    0.000    0.000    0.000    0.000    0.000    0.000
     0.000    0.000    0.000    0.000    0.000    0.000    0.000    0.000    0.000    0.000    0.000    0.000
     0.000    0.000    0.000    0.000    0.000    0.000    0.000    0.000    0.000    0.000    0.000    0.000
     0.000    0.000    0.000    0.000    0.000    0.000    0.000    0.000    0.000    0.000    0.000    0.000
     0.000    0.000    0.000    0.000    0.000    0.000    0.000    0.000    0.000    0.000    0.000    0.000
     0.000    0.000    0.000    0.000    0.000    0.000    0.000    0.000    0.000    0.000    0.000    0.000
     0.000    0.000    0.000    0.000    0.000    0.000    0.000    0.000    0.000    0.000    0.000    0.000
     0.000    0.000    0.000    0.000    0.000    0.000    0.000    0.000    0.000    0.000    0.000    0.000
     0.000    0.000    0.000    0.000    0.000    0.000    0.000    0.000    0.000    0.000    0.000    0.000
     0.000    0.000    0.000    0.000    0.000    0.000    0.000    0.000    0.000    0.000    0.000    0.000
     0.000    0.000    0.000    0.000    0.000    0.000    0.000    0.000    0.000    0.000    0.000    0.000
     0.000    0.000    0.000    0.000    0.000    0.000    0.000    0.000    0.000    0.000    0.000    0.000
     0.000    0.000    0.000    0.000    0.000    0.000    0.000    0.000    0.000    0.000    0.000    0.000
     0.000    0.000    0.000    0.000    0.000    0.000    0.000    0.000    0.000    0.000    0.000    0.000
     0.000    0.000    0.000    0.000    0.000    0.000    0.000    0.000    0.000    0.000    0.000    0.000
     0.000    0.000    0.000    0.000    0.000    0.000    0.000    0.000    0.000    0.000    0.000    0.000
     0.000    0.000    0.000    0.000    0.000    0.000    0.000    0.000    0.000    0.000    0.000    0.000
     0.000    0.000    0.000    0.000    0.000    0.000    0.000    0.000    0.000    0.000    0.000    0.000
     0.000    0.000    0.000    0.000    0.000    0.000    0.000    0.000    0.000    0.000    0.000    0.000
     0.000    0.000    0.000    0.000    0.000    0.000    0.000    0.000    0.000    0.000    0.000    0.000
     0.000    0.000    0.000    0.000    0.000    0.000    0.000    0.000    0.000    0.000    0.000    0.000
     0.000    0.000    0.000    0.000    0.000    0.000    0.000    0.000    0.000    0.000    0.000    0.000
     0.000    0.000    0.000    0.000    0.000    0.000    0.000    0.000    0.000    0.000    0.000    0.000
     0.000    0.000    0.000    0.000    0.000    0.000    0.000    0.000    0.000    0.000    0.000    0.000
     0.000    0.000    0.000    0.000    0.000    0.000    0.000    0.000    0.000    0.000    0.000    0.000
     0.000    0.000    0.000    0.000    0.000    0.000    0.000    0.000    0.000    0.000    0.000    0.000
     0.000    0.000    0.000    0.000    0.000    0.000    0.000    0.000    0.000    0.000    0.000    0.000
     0.000    0.000    0.000    0.000    0.000    0.000    0.000    0.000    0.000    0.000    0.000    0.000
     0.000    0.000    0.000    0.000    0.000    0.000    0.000    0.000    0.000    0.000    0.000    0.000
     0.000    0.000    0.000    0.000    0.000    0.000    0.000    0.000    0.000    0.000    0.000    0.000
     0.000    0.000    0.000    0.000    0.000    0.000    0.000    0.000    0.000    0.000    0.000    0.000
     0.000    0.000    0.000    0.000    0.000    0.000    0.000    0.000    0.000    0.000    0.000    0.000
     0.000    0.000    0.000    0.000    0.000    0.000    0.000    0.000    0.000    0.000    0.000    0.000
     0.000    0.000    0.000    0.000    0.000    0.000    0.000    0.000    0.000    0.000    0.000    0.000
     0.000    0.000    0.000    0.000    0.000    0.000    0.000    0.000    0.000    0.000    0.000    0.000
     0.000    0.000    0.000    0.000    0.000    0.000    0.000    0.000    0.000    0.000    0.000    0.000
     0.000    0.000    0.000    0.000    0.000    0.000    0.000    0.000    0.000    0.000    0.000    0.000
     0.000    0.000    0.000    0.000    0.000    0.000    0.000    0.000    0.000    0.000    0.000    0.000
     0.000    0.000    0.000    0.000    0.000    0.000    0.000    0.000    0.000    0.000    0.000    0.000
     0.000    0.000    0.000    0.000    0.000    0.000    0.000    0.000    0.000    0.000    0.000    0.000
     0.000    0.000    0.000    0.000    0.000    0.000    0.000    0.000    0.000    0.000    0.000    0.000
     0.000    0.000    0.000    0.000    0.000    0.000    0.000    0.000    0.000    0.000    0.000    0.000
     0.000    0.000    0.000    0.000    0.000    0.000    0.000    0.000    0.000    0.000    0.000    0.000
     0.000    0.000    0.000    0.000    0.000    0.000    0.000    0.000    0.000    0.000    0.000    0.000
     0.000    0.000    0.000    0.000    0.000    0.000    0.000    0.000    0.000    0.000    0.000    0.000
     0.000    0.000    0.000    0.000    0.000    0.000    0.000    0.000    0.000    0.000    0.000    0.000
     0.000    0.000    0.000    0.000    0.000    0.000    0.000    0.000    0.000    0.000    0.000    0.000
     0.000    0.000    0.000    0.000    0.000    0.000    0.000    0.000    0.000    0.000    0.000    0.000
     0.000    0.000    0.000    0.000    0.000    0.000    0.000    0.000    0.000    0.000    0.000    0.000
     0.000    0.000    0.000    0.000    0.000    0.000    0.000    0.000    0.000    0.000    0.000    0.000
     0.000    0.000    0.000    0.000    0.000    0.000    0.000    0.000    0.000    0.000    0.000    0.000
     0.000    0.000    0.000    0.000    0.000    0.000    0.000    0.000    0.000    0.000    0.000    0.000
     0.000    0.000    0.000    0.000    0.000    0.000    0.000    0.000    0.000    0.000    0.000    0.000
     0.000    0.000    0.000    0.000    0.000    0.000    0.000    0.000    0.000    0.000    0.000    0.000
     0.000    0.000    0.000    0.000    0.000    0.000    0.000    0.000    0.000    0.000    0.000    0.000
     0.000    0.000    0.000    0.000    0.000    0.000    0.000    0.000    0.000    0.000    0.000    0.000
     0.000    0.000    0.000    0.000    0.000    0.000    0.000    0.000    0.000    0.000    0.000    0.000
     0.000    0.000    0.000    0.000    0.000    0.000    0.000    0.000    0.000    0.000    0.000    0.000
     0.000    0.000    0.000    0.000    0.000    0.000    0.000    0.000    0.000    0.000    0.000    0.000
     0.000    0.000    0.000    0.000    0.000    0.000    0.000    0.000    0.000    0.000    0.000    0.000
     0.000    0.000    0.000    0.000    0.000    0.000    0.000    0.000    0.000    0.000    0.000    0.000
     0.000    0.000    0.000    0.000    0.000    0.000    0.000    0.000    0.000    0.000    0.000    0.000
     0.000    0.000    0.000    0.000    0.000    0.000    0.000    0.000    0.000    0.000    0.000    0.000
     0.000    0.000    0.000    0.000    0.000    0.000    0.000    0.000    0.000    0.000    0.000    0.000
     0.000    0.000    0.000    0.000    0.000    0.000    0.000    0.000    0.000    0.000    0.000    0.000
     0.000    0.000    0.000    0.000    0.000    0.000    0.000    0.000    0.000    0.000    0.000    0.000
     0.000    0.000    0.000    0.000    0.000    0.000    0.000    0.000    0.000    0.000    0.000    0.000
     0.000    0.000    0.000    0.000    0.000    0.000    0.000    0.000    0.000    0.000    0.000    0.000
     0.000    0.000    0.000    0.000    0.000    0.000    0.000    0.000    0.000    0.000    0.000    0.000
     0.000    0.000    0.000    0.000    0.000    0.000    0.000    0.000    0.000    0.000    0.000    0.000
     0.000    0.000    0.000    0.000    0.000    0.000    0.000    0.000    0.000    0.000    0.000    0.000
     0.000    0.000    0.000    0.000    0.000    0.000    0.000    0.000    0.000    0.000    0.000    0.000
     0.000    0.000    0.000    0.000    0.000    0.000    0.000    0.000    0.000    0.000    0.000    0.000
     0.000    0.000    0.000    0.000    0.000    0.000    0.000    0.000    0.000    0.000    0.000    0.000
     0.000    0.000    0.000    0.000    0.000    0.000    0.000    0.000    0.000    0.000    0.000    0.000
     0.000    0.000    0.000    0.000    0.000    0.000    0.000    0.000    0.000    0.000    0.000    0.000
     0.000    0.000    0.000    0.000    0.000    0.000    0.000    0.000    0.000    0.000    0.000    0.000
     0.000    0.000    0.000    0.000    0.000    0.000    0.000    0.000    0.000    0.000    0.000    0.000
     0.000    0.000    0.000    0.000    0.000    0.000    0.000    0.000    0.000    0.000    0.000    0.000
     0.000    0.000    0.000    0.000    0.000    0.000    0.000    0.000    0.000    0.000    0.000    0.000
     0.000    0.000    0.000    0.000    0.000    0.000    0.000    0.000    0.000    0.000    0.000    0.000
     0.000    0.000    0.000    0.000    0.000    0.000    0.000    0.000    0.000    0.000    0.000    0.000
     0.000    0.000    0.000    0.000    0.000    0.000    0.000    0.000    0.000    0.000    0.000    0.000
     0.000    0.000    0.000    0.000    0.000    0.000    0.000    0.000    0.000    0.000    0.000    0.000
     0.000    0.000    0.000    0.000    0.000    0.000    0.000    0.000    0.000    0.000    0.000    0.000
     0.000    0.000    0.000    0.000    0.000    0.000    0.000    0.000    0.000    0.000    0.000    0.000
     0.000    0.000    0.000    0.000    0.000    0.000    0.000    0.000    0.000    0.000    0.000    0.000
     0.000    0.000    0.000    0.000    0.000    0.000    0.000    0.000    0.000    0.000    0.000    0.000
     0.000    0.000    0.000    0.000    0.000    0.000    0.000    0.000    0.000    0.000    0.000    0.000
     0.000    0.000    0.000    0.000    0.000    0.000    0.000    0.000    0.000    0.000    0.000    0.000
     0.000    0.000    0.000    0.000    0.000    0.000    0.000    0.000    0.000    0.000    0.000    0.000
     0.000    0.000    0.000    0.000    0.000    0.000    0.000    0.000    0.000    0.000    0.000    0.000
     0.000    0.000    0.000    0.000    0.000    0.000    0.000    0.000    0.000    0.000    0.000    0.000
     0.000    0.000    0.000    0.000    0.000    0.000    0.000    0.000    0.000    0.000    0.000    0.000
     0.000    0.000    0.000    0.000    0.000    0.000    0.000    0.000    0.000    0.000    0.000    0.000
     0.000    0.000    0.000    0.000    0.000    0.000    0.000    0.000    0.000    0.000    0.000    0.000
     0.000    0.000    0.000    0.000    0.000    0.000    0.000    0.000    0.000    0.000    0.000    0.000
     0.000    0.000    0.000    0.000    0.000    0.000    0.000    0.000    0.000    0.000    0.000    0.000
     0.000    0.000    0.000    0.000    0.000    0.000    0.000    0.000    0.000    0.000    0.000    0.000
     0.000    0.000    0.000    0.000    0.000    0.000    0.000    0.000    0.000    0.000    0.000    0.000
     0.000    0.000    0.000    0.000    0.000    0.000    0.000    0.000    0.000    0.000    0.000    0.000
     0.000    0.000    0.000    0.000    0.000    0.000    0.000    0.000    0.000    0.000    0.000    0.000
     0.000    0.000    0.000    0.000    0.000    0.000    0.000    0.000    0.000    0.000    0.000    0.000
     0.000    0.000    0.000    0.000    0.000    0.000    0.000    0.000    0.000    0.000    0.000    0.000
     0.000    0.000    0.000    0.000    0.000    0.000    0.000    0.000    0.000    0.000    0.000    0.000
     0.000    0.000    0.000    0.000    0.000    0.000    0.000    0.000    0.000    0.000    0.000    0.000
     0.000    0.000    0.000    0.000    0.000    0.000    0.000    0.000    0.000    0.000    0.000    0.000
     0.000    0.000    0.000    0.000    0.000    0.000    0.000    0.000    0.000    0.000    0.000    0.000
     0.000    0.000    0.000    0.000    0.000    0.000    0.000    0.000    0.000    0.000    0.000    0.000
     0.000    0.000    0.000    0.000    0.000    0.000    0.000    0.000    0.000    0.000    0.000    0.000
     0.000    0.000    0.000    0.000    0.000    0.000    0.000    0.000    0.000    0.000    0.000    0.000
     0.000    0.000    0.000    0.000    0.000    0.000    0.000    0.000    0.000    0.000    0.000    0.000
     0.000    0.000    0.000    0.000    0.000    0.000    0.000    0.000    0.000    0.000    0.000    0.000
     0.000    0.000    0.000    0.000    0.000    0.000    0.000    0.000    0.000    0.000    0.000    0.000
     0.000    0.000    0.000    0.000    0.000    0.000    0.000    0.000    0.000    0.000    0.000    0.000
     0.000    0.000    0.000    0.000    0.000    0.000    0.000    0.000    0.000    0.000    0.000    0.000
     0.000    0.000    0.000    0.000    0.000    0.000    0.000    0.000    0.000    0.000    0.000    0.000
     0.000    0.000    0.000    0.000    0.000    0.000    0.000    0.000    0.000    0.000    0.000    0.000
     0.000    0.000    0.000    0.000    0.000    0.000    0.000    0.000    0.000    0.000    0.000    0.000
     0.000    0.000    0.000    0.000    0.000    0.000    0.000    0.000    0.000    0.000    0.000    0.000
     0.000    0.000    0.000    0.000    0.000    0.000    0.000    0.000    0.000    0.000    0.000    0.000
     0.000    0.000    0.000    0.000    0.000    0.000    0.000    0.000    0.000    0.000    0.000    0.000
     0.000    0.000    0.000    0.000    0.000    0.000    0.000    0.000    0.000    0.000    0.000    0.000
     0.000    0.000    0.000    0.000    0.000    0.000    0.000    0.000    0.000    0.000    0.000    0.000
     0.000    0.000    0.000    0.000    0.000    0.000    0.000    0.000    0.000    0.000    0.000    0.000
     0.000    0.000    0.000    0.000    0.000    0.000    0.000    0.000    0.000    0.000    0.000    0.000
     0.000    0.000    0.000    0.000    0.000    0.000    0.000    0.000    0.000    0.000    0.000    0.000
     0.000    0.000    0.000    0.000    0.000    0.000    0.000    0.000    0.000    0.000    0.000    0.000
     0.000    0.000    0.000    0.000    0.000    0.000    0.000    0.000    0.000    0.000    0.000    0.000
     0.000    0.000    0.000    0.000    0.000    0.000    0.000    0.000    0.000    0.000    0.000    0.000
     0.000    0.000    0.000    0.000    0.000    0.000    0.000    0.000    0.000    0.000    0.000    0.000
     0.000    0.000    0.000    0.000    0.000    0.000    0.000    0.000    0.000    0.000    0.000    0.000
     0.000    0.000    0.000    0.000    0.000    0.000    0.000    0.000    0.000    0.000    0.000    0.000
     0.000    0.000    0.000    0.000    0.000    0.000    0.000    0.000    0.000    0.000    0.000    0.000
     0.000    0.000    0.000    0.000    0.000    0.000    0.000    0.000    0.000    0.000    0.000    0.000
     0.000    0.000    0.000    0.000    0.000    0.000    0.000    0.000    0.000    0.000    0.000    0.000
     0.000    0.000    0.000    0.000    0.000    0.000    0.000    0.000    0.000    0.000    0.000    0.000
     0.000    0.000    0.000    0.000    0.000    0.000    0.000    0.000    0.000    0.000    0.000    0.000
     0.000    0.000    0.000    0.000    0.000    0.000    0.000    0.000    0.000    0.000    0.000    0.000
     0.000    0.000    0.000    0.000    0.000    0.000    0.000    0.000    0.000    0.000    0.000    0.000
     0.000    0.000    0.000    0.000    0.000    0.000    0.000    0.000    0.000    0.000    0.000    0.000
     0.000    0.000    0.000    0.000    0.000    0.000    0.000    0.000    0.000    0.000    0.000    0.000
     0.000    0.000    0.000    0.000

Residuals with |t| > 3.5:
    Obs    T-value 
      2     4.0039 
    261    -5.5603 
    275     4.1093 
    450    -4.1890 
    552     4.4365 
    817    -4.3805 
    818     4.3893 
   1099    -5.1397 
   1188    -4.9973 

Sample autocorrelations and partial autocorrelations:
Order     Autcor         SE    Q-stats       DF P-values     Parcor         SE 
1        -0.0805     0.0158    26.0992        1     0.00    -0.0805     0.0158 
2         0.0504     0.0159    36.3352        2     0.00     0.0442     0.0158 
3         0.0588     0.0159    50.2623        3     0.00     0.0668     0.0158 
4         0.0512     0.0160    60.8336        4     0.00     0.0596     0.0158 
5        -0.0012     0.0160    60.8393        5     0.00     0.0016     0.0158 
6         0.0400     0.0160    67.2909        6     0.00     0.0310     0.0158 
7         0.0589     0.0160    81.2833        7     0.00     0.0586     0.0158 
8         0.0061     0.0161    81.4310        8     0.00     0.0097     0.0158 
9         0.0015     0.0161    81.4405        9     0.00    -0.0076     0.0158 
10        0.0792     0.0161   106.7880       10     0.00     0.0681     0.0158 
11       -0.0064     0.0162   106.9536       11     0.00    -0.0007     0.0158 
12        0.0648     0.0162   123.8847       12     0.00     0.0568     0.0158 
13        0.0018     0.0162   123.8983       13     0.00    -0.0006     0.0158 
14        0.0546     0.0162   135.9362       14     0.00     0.0396     0.0158 
15       -0.0305     0.0163   139.6880       15     0.00    -0.0308     0.0158 
16       -0.0308     0.0163   143.5277       16     0.00    -0.0526     0.0158 
17        0.0031     0.0163   143.5654       17     0.00    -0.0155     0.0158 
18        0.0135     0.0163   144.3045       18     0.00     0.0109     0.0158 
19       -0.0191     0.0163   145.7740       19     0.00    -0.0158     0.0158 
20       -0.0046     0.0163   145.8580       20     0.00    -0.0138     0.0158 
21        0.0413     0.0163   152.7755       21     0.00     0.0389     0.0158 
22       -0.0124     0.0164   153.3999       22     0.00    -0.0066     0.0158 
23        0.0156     0.0164   154.3833       23     0.00     0.0189     0.0158 
24       -0.0127     0.0164   155.0383       24     0.00    -0.0241     0.0158 
25       -0.0410     0.0164   161.8457       25     0.00    -0.0454     0.0158 
26        0.0309     0.0164   165.7260       26     0.00     0.0280     0.0158 
27       -0.0092     0.0164   166.0695       27     0.00     0.0025     0.0158 
28        0.0671     0.0164   184.3033       28     0.00     0.0717     0.0158 
29       -0.0433     0.0165   191.8905       29     0.00    -0.0257     0.0158 
30        0.0330     0.0165   196.3136       30     0.00     0.0225     0.0158 
31        0.0118     0.0165   196.8749       31     0.00     0.0111     0.0158 
32       -0.0007     0.0165   196.8770       32     0.00    -0.0013     0.0158 
33       -0.0065     0.0165   197.0466       33     0.00    -0.0163     0.0158 
34       -0.0151     0.0165   197.9735       34     0.00    -0.0230     0.0158 
35       -0.0143     0.0165   198.8039       35     0.00    -0.0246     0.0158 
36       -0.0157     0.0165   199.8017       36     0.00    -0.0150     0.0158 
_________
When DF is positive, P-values should be greater than 0.05
(at the 5 per cent level) for model adequacy

Residual diagnostics:             
Sample size        4024 
                
Median              0.0000 
Mean               -0.0014 
Std of mean         0.0020 
T-value of mean    -0.6700 

                           P-values 
Normality (BS)  19900.4840     0.00 
Skewness           -0.1607     0.00 
Kurtosis           13.8898     0.00 

                            P-value 
Durbin-Watson       2.1610     0.00 
                   
Standard error         0.1282 
Sigma square           0.0164 
Residual variance      0.0164 
Residual std. dev.     0.1282 

Approximate test of runs on residuals:               
Number of runs      626 
Number of (+)      3408 
Number of (-)       616 
              
T-value           -25.4464 

Heteroscedasticity test:
         DF       stat  P-value 
H      1341     0.0000     0.00 

Sample autocorrelations of squared residuals:
Order     Autcor         SE    Q-stats       DF P-values     Parcor         SE 
1         0.3093     0.0158   385.2974        1     0.00     0.3093     0.0158 
2         0.2581     0.0172   653.7115        2     0.00     0.1797     0.0158 
3         0.2042     0.0181   821.7925        3     0.00     0.0950     0.0158 
4         0.2049     0.0187   991.0435        4     0.00     0.1004     0.0158 
5         0.2271     0.0193  1198.9611        5     0.00     0.1194     0.0158 
6         0.2327     0.0199  1417.2341        6     0.00     0.1062     0.0158 
7         0.1957     0.0206  1571.7671        7     0.00     0.0486     0.0158 
8         0.1968     0.0210  1727.9546        8     0.00     0.0599     0.0158 
9         0.1930     0.0215  1878.3260        9     0.00     0.0563     0.0158 
10        0.2212     0.0219  2075.7998       10     0.00     0.0855     0.0158 
11        0.1899     0.0225  2221.3808       11     0.00     0.0319     0.0158 
12        0.1890     0.0229  2365.5839       12     0.00     0.0386     0.0158 
13        0.2146     0.0232  2551.5727       13     0.00     0.0756     0.0158 
14        0.2217     0.0237  2750.2237       14     0.00     0.0695     0.0158 
15        0.1848     0.0242  2888.2077       15     0.00     0.0123     0.0158 
16        0.1859     0.0246  3027.9048       16     0.00     0.0269     0.0158 
17        0.1652     0.0249  3138.2188       17     0.00     0.0100     0.0158 
18        0.1852     0.0252  3276.9204       18     0.00     0.0366     0.0158 
19        0.1762     0.0255  3402.4955       19     0.00     0.0171     0.0158 
20        0.1713     0.0258  3521.2864       20     0.00     0.0135     0.0158 
21        0.1846     0.0261  3659.2213       21     0.00     0.0398     0.0158 
22        0.1788     0.0264  3788.7025       22     0.00     0.0265     0.0158 
23        0.1922     0.0267  3938.3312       23     0.00     0.0392     0.0158 
24        0.1556     0.0271  4036.4349       24     0.00    -0.0120     0.0158 
25        0.2046     0.0273  4205.9918       25     0.00     0.0676     0.0158 
26        0.2101     0.0277  4384.7903       26     0.00     0.0561     0.0158 
27        0.1683     0.0281  4499.5306       27     0.00    -0.0101     0.0158 
28        0.1439     0.0283  4583.5305       28     0.00    -0.0240     0.0158 
29        0.1673     0.0285  4697.0105       29     0.00     0.0275     0.0158 
30        0.1525     0.0287  4791.3779       30     0.00     0.0024     0.0158 
31        0.1627     0.0289  4898.7355       31     0.00     0.0066     0.0158 
32        0.1670     0.0292  5011.9080       32     0.00     0.0172     0.0158 
33        0.1417     0.0294  5093.3691       33     0.00    -0.0094     0.0158 
34        0.1598     0.0296  5197.0203       34     0.00     0.0234     0.0158 
35        0.1799     0.0298  5328.4173       35     0.00     0.0354     0.0158 
36        0.2200     0.0301  5525.1171       36     0.00     0.0759     0.0158 
_________
When DF is positive, P-values should be greater than 0.05
(at the 5 per cent level) for model adequacy
