Series:myseries
Number of observations:  100
 Year       Jan      Feb      Mar      Apr      May      Jun      Jul      Aug      Sep      Oct      Nov      Dec
 2015      8.82     5.64     8.27     6.96     6.92     8.35     7.90     8.53    10.37    10.30    14.43    14.38
 2016     13.34     9.55    12.99     9.30    11.49    11.56     8.68     9.60    10.05    12.49    13.68    13.13
 2017     10.62     9.21    12.50     6.85     7.55    10.50     7.80     9.89    10.37    12.35    14.29    15.24
 2018     12.57     9.28    12.54     8.78    10.64    11.57     9.01    10.14    10.88    12.70    13.84    14.89
 2019     11.84    11.03    13.33    10.82    11.11    10.15     9.82    12.04     9.72    11.72    13.64    15.19
 2020     13.47    11.45    14.30    10.69    11.55    12.34    11.38    13.37    12.24    15.22    17.57    17.32
 2021     15.76    15.31    15.39    11.18    13.70    15.26    14.82    17.37    15.81    17.35    20.99    20.87
 2022     19.75    18.02    19.08    15.44    17.54    19.02    20.66    21.82    20.59    21.55    24.68    24.68
 2023     22.85    21.95    24.96    21.00


Identified model is: ( 0 , 1 , 1 )( 0 , 1 , 1 )_ 12

Initial parameter values:
     -0.4448     -0.4533

Arima Estimation (Levenberg-Marquardt):
Number of iterations:     2
Number of function evaluations:     7
Parameter     Estimate   Std. Error      T-ratio        Lag 
ma1            -0.4557       0.1057      -4.3120          1 
ma12           -0.5562       0.1253      -4.4402         12 

Residual standard error:     1.1237

Root          Real p.     Imag. p.      Modulus  Argument    Period 
rmaroot1       0.4557       0.0000       0.4557    0.0000       Inf 
smaroot1       0.5562       0.0000       0.5562    0.0000       Inf 


Correlations of the estimates:
Parameter          ma1         ma12 
ma1             1.0000       0.0019 
ma12            0.0019       1.0000 


Information criteria:    
AIC        575.3713 
BIC        580.3031 

Residuals:
    -0.483    0.491   -1.849    1.108   -0.684   -2.439   -0.852   -1.607    1.466   -1.908   -1.306   -1.798
     1.268    0.753   -2.521   -1.680    1.463   -0.161    1.181   -0.008    0.580   -0.216    1.143   -0.249
    -0.883   -0.324    0.193    0.953   -0.386   -0.468   -0.500   -0.260    0.040   -1.031    0.284   -0.648
     1.746   -0.119    1.383   -0.453   -2.548    0.898    1.340   -2.450   -0.858   -0.185    0.827    1.269
     0.501    0.274   -0.185   -0.111    0.407    0.691    0.596   -0.240    1.026    1.005   -0.830    0.278
     1.645   -1.996   -1.670    0.871    1.421    1.462    1.376   -0.080   -0.857    1.197   -0.041    0.790
    -0.067   -0.582   -0.126    0.437    0.687    2.840    0.308    0.072   -1.002   -0.084   -0.246   -0.377
     0.423    1.840    0.595

Sample autocorrelations and partial autocorrelations:
Order     Autcor         SE    Q-stats       DF P-values     Parcor         SE 
1         0.0520     0.1072     0.2439        0     1.00     0.0520     0.1072 
2        -0.1311     0.1075     1.8085        0     1.00    -0.1341     0.1072 
3        -0.0456     0.1093     1.9999        1     0.16    -0.0315     0.1072 
4         0.0831     0.1095     2.6449        2     0.27     0.0715     0.1072 
5         0.1017     0.1103     3.6217        3     0.31     0.0853     0.1072 
6         0.0305     0.1113     3.7106        4     0.45     0.0398     0.1072 
7        -0.0276     0.1114     3.7846        5     0.58    -0.0027     0.1072 
8         0.0064     0.1115     3.7886        6     0.71     0.0177     0.1072 
9         0.1058     0.1115     4.9006        7     0.67     0.0927     0.1072 
10        0.1586     0.1127     7.4308        8     0.49     0.1439     0.1072 
11        0.0101     0.1152     7.4411        9     0.59     0.0196     0.1072 
12        0.0559     0.1152     7.7637       10     0.65     0.1040     0.1072 
13       -0.0699     0.1155     8.2750       11     0.69    -0.0813     0.1072 
14        0.0044     0.1160     8.2770       12     0.76    -0.0071     0.1072 
15        0.0240     0.1160     8.3389       13     0.82    -0.0244     0.1072 
16       -0.0949     0.1161     9.3220       14     0.81    -0.1329     0.1072 
17       -0.0688     0.1170     9.8462       15     0.83    -0.0733     0.1072 
18        0.1548     0.1174    12.5359       16     0.71     0.1336     0.1072 
19        0.1805     0.1197    16.2478       17     0.51     0.1380     0.1072 
20       -0.0080     0.1228    16.2552       18     0.57     0.0041     0.1072 
21        0.0173     0.1228    16.2905       19     0.64     0.0891     0.1072 
22        0.0281     0.1229    16.3847       20     0.69     0.0271     0.1072 
23       -0.0689     0.1229    16.9595       21     0.71    -0.0915     0.1072 
24       -0.0060     0.1234    16.9639       22     0.77    -0.0363     0.1072 
25       -0.0018     0.1234    16.9643       23     0.81    -0.0049     0.1072 
26        0.0192     0.1234    17.0114       24     0.85     0.0341     0.1072 
27       -0.1572     0.1234    20.1985       25     0.74    -0.1953     0.1072 
28        0.1115     0.1257    21.8290       26     0.70     0.1108     0.1072 
29        0.1687     0.1268    25.6271       27     0.54     0.1020     0.1072 
30        0.1330     0.1294    28.0312       28     0.46     0.1096     0.1072 
31       -0.0455     0.1309    28.3172       29     0.50    -0.0188     0.1072 
32       -0.1336     0.1311    30.8303       30     0.42    -0.0630     0.1072 
33        0.0618     0.1327    31.3780       31     0.45     0.0641     0.1072 
34       -0.0232     0.1330    31.4567       32     0.49    -0.1016     0.1072 
35        0.0500     0.1331    31.8293       33     0.53     0.1268     0.1072 
36       -0.0597     0.1333    32.3697       34     0.55    -0.0805     0.1072 
_________
When DF is positive, P-values should be greater than 0.05
(at the 5 per cent level) for model adequacy

Pierce Qs:
Order    Qs-stat      DF  P-value 
1         0.3226       0     1.00 
2         0.3270       1     0.57 
3         0.8675       2     0.65 


Stable seasonality F-test based on residuals:
        DFn     DFd       stat  P-value 
F        11      76     0.7616     0.65 


Residual diagnostics:             
Sample size          87 
                
Median             -0.0410 
Mean                0.0203 
Std of mean         0.1191 
T-value of mean     0.1703 

                           P-values 
Normality (BS)      1.7799     0.41 
Skewness           -0.3441     0.19 
Kurtosis            2.8680     0.80 

                            P-value 
Durbin-Watson       1.8904     0.61 
                   
Standard error         1.1237 
Sigma square           1.2627 
Residual variance      1.2333 
Residual std. dev.     1.1105 

Approximate test of runs on residuals:               
Number of runs       42 
Number of (+)        44 
Number of (-)        43 
              
T-value            -0.5380 

Heteroscedasticity test:
         DF       stat  P-value 
H        29     0.7728     0.49 

Sample autocorrelations of squared residuals:
Order     Autcor         SE    Q-stats       DF P-values     Parcor         SE 
1         0.0467     0.1072     0.1960        1     0.66     0.0467     0.1072 
2         0.1039     0.1074     1.1802        2     0.55     0.1020     0.1072 
3         0.2071     0.1086     5.1330        3     0.16     0.2005     0.1072 
4         0.1308     0.1130     6.7293        4     0.15     0.1132     0.1072 
5        -0.0041     0.1148     6.7309        5     0.24    -0.0502     0.1072 
6        -0.0397     0.1148     6.8814        6     0.33    -0.1105     0.1072 
7         0.0165     0.1149     6.9078        7     0.44    -0.0301     0.1072 
8        -0.0232     0.1150     6.9606        8     0.54    -0.0136     0.1072 
9        -0.0347     0.1150     7.0803        9     0.63     0.0055     0.1072 
10       -0.1575     0.1151     9.5740       10     0.48    -0.1434     0.1072 
11       -0.1027     0.1176    10.6486       11     0.47    -0.1034     0.1072 
12       -0.1161     0.1186    12.0397       12     0.44    -0.0907     0.1072 
13       -0.0619     0.1199    12.4413       13     0.49     0.0256     0.1072 
14       -0.1614     0.1203    15.2033       14     0.36    -0.0732     0.1072 
15       -0.1179     0.1227    16.6986       15     0.34    -0.0705     0.1072 
16       -0.0219     0.1240    16.7507       16     0.40    -0.0002     0.1072 
17       -0.0473     0.1241    16.9977       17     0.45     0.0074     0.1072 
18       -0.0578     0.1243    17.3731       18     0.50    -0.0050     0.1072 
19       -0.0512     0.1246    17.6719       19     0.54    -0.0427     0.1072 
20       -0.0190     0.1248    17.7137       20     0.61    -0.0601     0.1072 
21        0.0100     0.1249    17.7254       21     0.67    -0.0047     0.1072 
22        0.0567     0.1249    18.1083       22     0.70     0.0647     0.1072 
23       -0.0849     0.1252    18.9812       23     0.70    -0.0969     0.1072 
24        0.0487     0.1258    19.2731       24     0.74    -0.0167     0.1072 
25        0.0685     0.1260    19.8592       25     0.75     0.0045     0.1072 
26        0.0951     0.1265    21.0076       26     0.74     0.0975     0.1072 
27       -0.0458     0.1273    21.2781       27     0.77    -0.0585     0.1072 
28        0.0482     0.1275    21.5831       28     0.80    -0.0209     0.1072 
29        0.1354     0.1277    24.0313       29     0.73     0.0544     0.1072 
30       -0.0560     0.1293    24.4572       30     0.75    -0.0756     0.1072 
31        0.0632     0.1296    25.0103       31     0.77     0.0619     0.1072 
32       -0.0573     0.1300    25.4720       32     0.79    -0.0982     0.1072 
33        0.0439     0.1303    25.7489       33     0.81    -0.0034     0.1072 
34        0.1110     0.1304    27.5489       34     0.78     0.1355     0.1072 
35        0.0496     0.1315    27.9146       35     0.80     0.0910     0.1072 
36       -0.0960     0.1317    29.3131       36     0.78    -0.0985     0.1072 
_________
When DF is positive, P-values should be greater than 0.05
(at the 5 per cent level) for model adequacy
Elapsed time:     0.32

