Series:mytfseries
Number of observations:  138
 Year       Jan      Feb      Mar      Apr      May      Jun      Jul      Aug      Sep      Oct      Nov      Dec
 2001     18.30    13.91    20.57    18.33    16.57    18.02    22.38    21.51    20.88    28.54    28.16    21.17
 2002     16.44    10.73    16.32    10.57     3.31     4.61     6.81     7.43    13.59    25.55    29.33    23.61
 2003     20.46    16.30    22.44    18.11    13.44    13.48    16.61    15.43    19.48    29.38    29.08    24.05
 2004     21.02    17.92    24.25    20.77    12.15    10.72    16.29    16.94    15.87    27.55    28.34    22.81
 2005     23.28    19.49    23.85    19.07    12.84    14.39    19.63    19.51    20.14    30.45    29.67    24.15
 2006     25.25    22.88    25.37    21.15    17.03    20.10    24.91    20.53    20.12    34.15    40.17    34.33
 2007     32.55    26.67    29.15    26.93    26.24    30.20    35.38    31.84    31.22    36.25    33.71    27.61
 2008     29.47    27.67    32.60    29.18    27.89    32.18    42.42    44.65    45.94    54.04    53.74    49.77
 2009     47.32    40.56    42.41    38.53    34.80    37.42    46.75    45.85    45.76    50.35    51.95    46.47
 2010     46.58    41.52    49.61    47.06    43.51    45.81    53.16    50.66    52.42    56.46    56.30    51.93
 2011     53.87    50.48    54.57    50.85    50.75    52.69    60.08    58.32    59.45    65.58    71.25    65.11
 2012     64.43    60.31    65.43    61.95    58.55    56.32


Identified model is: ( 0 , 1 , 1 )( 1 , 0 , 0 )_ 12

Initial parameter values:
     -0.4706     -0.1882

Arima Estimation (Levenberg-Marquardt):
Number of iterations:     6
Number of function evaluations:    19
Parameter     Estimate   Std. Error      T-ratio        Lag 
phi12          -0.8478       0.0459     -18.4659         12 
ma1            -0.4601       0.0960      -4.7946          1 

Residual standard error:     1.0263

Root          Real p.     Imag. p.      Modulus  Argument    Period 
sarroot1       0.8478       0.0000       0.8478    0.0000       Inf 
rmaroot1       0.4601       0.0000       0.4601    0.0000       Inf 


Correlations of the estimates:
Parameter        phi12          ma1 
phi12           1.0000       0.2166 
ma1             0.2166       1.0000 

Parameter     Estimate   Std. Error    T-ratio 
inp1_0         3.12033      0.14759      21.14 
inp1_1         2.85039      0.13730      20.76 
inp1_2         2.04313      0.14454      14.14 
inp1_3         0.60091      0.14337       4.19 
inp1_4         0.33957      0.14303       2.37 
inp1_5         0.11309      0.14202       0.80 
inp1_6        -0.02625      0.13933      -0.19 
inp1_7         0.08042      0.14274       0.56 
inp1_8         0.06159      0.14043       0.44 
inp1_9        -0.10004      0.14037      -0.71 
inp1_10       -0.03806      0.13940      -0.27 
inp1_11       -0.21497      0.13622      -1.58 
inp1_12        0.09007      0.14553       0.62 


Correlations of the regression estimates:
Parameter       inp1_0       inp1_1       inp1_2       inp1_3       inp1_4       inp1_5 
inp1_0          1.0000      -0.0607       0.2824       0.0072       0.0957       0.1605 
inp1_1         -0.0607       1.0000      -0.1296       0.2538      -0.0237       0.0507 
inp1_2          0.2824      -0.1296       1.0000      -0.1419       0.2591       0.0203 
inp1_3          0.0072       0.2538      -0.1419       1.0000      -0.1509       0.2492 
inp1_4          0.0957      -0.0237       0.2591      -0.1509       1.0000      -0.1267 
inp1_5          0.1605       0.0507       0.0203       0.2492      -0.1267       1.0000 
inp1_6         -0.0582       0.1026       0.0124      -0.0050       0.2289      -0.1453 
inp1_7          0.2039      -0.0444       0.1889       0.0205       0.0283       0.2562 
inp1_8          0.0619       0.1456      -0.0887       0.1740      -0.0055       0.0459 
inp1_9          0.0725       0.0341       0.1484      -0.0979       0.1804      -0.0082 
inp1_10         0.1096       0.0828       0.0436       0.1572      -0.1057       0.2322 
inp1_11         0.1339       0.0255       0.0855       0.0181       0.1468      -0.0884 
inp1_12         0.3546       0.1328       0.1226       0.0903       0.0517       0.2033 
Parameter       inp1_6       inp1_7       inp1_8       inp1_9      inp1_10      inp1_11 
inp1_0         -0.0582       0.2039       0.0619       0.0725       0.1096       0.1339 
inp1_1          0.1026      -0.0444       0.1456       0.0341       0.0828       0.0255 
inp1_2          0.0124       0.1889      -0.0887       0.1484       0.0436       0.0855 
inp1_3         -0.0050       0.0205       0.1740      -0.0979       0.1572       0.0181 
inp1_4          0.2289       0.0283      -0.0055       0.1804      -0.1057       0.1468 
inp1_5         -0.1453       0.2562       0.0459      -0.0082       0.2322      -0.0884 
inp1_6          1.0000      -0.1313       0.2044       0.0315      -0.0279       0.1815 
inp1_7         -0.1313       1.0000      -0.1129       0.2147       0.0537       0.0252 
inp1_8          0.2044      -0.1129       1.0000      -0.1136       0.2136      -0.0003 
inp1_9          0.0315       0.2147      -0.1136       1.0000      -0.0964       0.2180 
inp1_10        -0.0279       0.0537       0.2136      -0.0964       1.0000      -0.1027 
inp1_11         0.1815       0.0252      -0.0003       0.2180      -0.1027       1.0000 
inp1_12        -0.0983       0.2322       0.0566       0.0301       0.2420      -0.0428 
Parameter      inp1_12 
inp1_0          0.3546 
inp1_1          0.1328 
inp1_2          0.1226 
inp1_3          0.0903 
inp1_4          0.0517 
inp1_5          0.2033 
inp1_6         -0.0983 
inp1_7          0.2322 
inp1_8          0.0566 
inp1_9          0.0301 
inp1_10         0.2420 
inp1_11        -0.0428 
inp1_12         1.0000 


Information criteria:    
AIC        962.5047 
BIC       1006.3044 

Residuals:
     0.866   -1.815   -1.710    1.531    1.112    1.455    0.370    0.086   -0.656    2.051    0.010   -0.926
    -0.812    1.091    1.117   -0.013   -0.907   -0.211   -1.212    0.496   -0.165    0.156   -0.557    1.424
    -0.209    1.428   -1.244   -2.239    1.452    1.209   -2.110   -1.004    1.293    0.445    1.620   -0.685
     0.388   -1.227    0.761    0.961    0.307   -0.010    0.420    2.222    1.511   -0.714   -0.449    0.878
    -2.104   -1.766    0.496    1.263    1.234    1.458   -0.233   -0.381    0.687   -0.123   -0.001   -0.366
     0.960    0.927   -0.781   -0.413    1.726    0.518    0.356   -0.196    0.096    0.934   -0.324   -0.058
     1.120   -0.513   -0.015    0.828    0.872    0.835   -0.693   -0.064    0.168    1.095    0.380   -0.536
     0.431    0.695    1.267   -0.873    0.780   -0.443   -1.137   -0.991    2.158    0.207    0.990   -1.006
     0.146    0.413   -0.168    2.643    0.283    0.826    1.559    0.324   -0.079    2.328   -0.573    0.984
    -0.507   -0.782   -0.315   -0.432    0.120    0.170   -1.978   -0.381    0.516   -1.228   -0.640    0.552
     1.098    0.307    1.023   -0.786

Sample autocorrelations and partial autocorrelations:
Order     Autcor         SE    Q-stats       DF P-values     Parcor         SE 
1         0.0406     0.0898     0.2093        0     1.00     0.0406     0.0898 
2        -0.1608     0.0900     3.5221        0     1.00    -0.1628     0.0898 
3        -0.0280     0.0922     3.6237        1     0.06    -0.0142     0.0898 
4         0.0919     0.0923     4.7226        2     0.09     0.0696     0.0898 
5         0.0187     0.0930     4.7686        3     0.19     0.0048     0.0898 
6         0.0486     0.0931     5.0818        4     0.28     0.0746     0.0898 
7        -0.1033     0.0933     6.5066        5     0.26    -0.1058     0.0898 
8         0.0471     0.0942     6.8060        6     0.34     0.0733     0.0898 
9         0.0761     0.0944     7.5923        7     0.37     0.0409     0.0898 
10        0.0685     0.0949     8.2358        8     0.41     0.0697     0.0898 
11        0.1129     0.0953     9.9987        9     0.35     0.1517     0.0898 
12       -0.1730     0.0964    14.1715       10     0.17    -0.1924     0.0898 
13        0.0045     0.0988    14.1744       11     0.22     0.0835     0.0898 
14        0.0134     0.0988    14.2001       12     0.29    -0.0857     0.0898 
15        0.0343     0.0988    14.3683       13     0.35     0.0348     0.0898 
16       -0.0649     0.0989    14.9769       14     0.38    -0.0473     0.0898 
17        0.0126     0.0993    15.0002       15     0.45    -0.0019     0.0898 
18        0.0233     0.0993    15.0799       16     0.52     0.0693     0.0898 
19        0.2066     0.0993    21.4339       17     0.21     0.1364     0.0898 
20        0.0797     0.1027    22.3882       18     0.22     0.1164     0.0898 
21        0.0079     0.1032    22.3976       19     0.26     0.0447     0.0898 
22        0.0238     0.1032    22.4840       20     0.31     0.0735     0.0898 
23       -0.0187     0.1033    22.5379       21     0.37    -0.0152     0.0898 
24        0.0380     0.1033    22.7630       22     0.42     0.0122     0.0898 
25        0.1163     0.1034    24.8992       23     0.36     0.1288     0.0898 
26       -0.0872     0.1045    26.1119       24     0.35    -0.1295     0.0898 
27       -0.0614     0.1051    26.7187       25     0.37     0.0148     0.0898 
28        0.1484     0.1054    30.3050       26     0.26     0.0562     0.0898 
29        0.0815     0.1070    31.3964       27     0.26     0.0252     0.0898 
30        0.0953     0.1075    32.9060       28     0.24     0.1122     0.0898 
31       -0.0330     0.1082    33.0895       29     0.27    -0.0149     0.0898 
32        0.0095     0.1083    33.1049       30     0.32     0.0983     0.0898 
33        0.0625     0.1083    33.7761       31     0.33     0.0270     0.0898 
34       -0.0087     0.1086    33.7892       32     0.38    -0.0146     0.0898 
35        0.0278     0.1086    33.9244       33     0.42     0.1012     0.0898 
36        0.0783     0.1086    35.0124       34     0.42     0.0222     0.0898 
_________
When DF is positive, P-values should be greater than 0.05
(at the 5 per cent level) for model adequacy

Pierce Qs:
Order    Qs-stat      DF  P-value 
1         4.1728       0     1.00 
2         4.3980       1     0.04 
3         5.4860       2     0.06 


Stable seasonality F-test based on residuals:
        DFn     DFd       stat  P-value 
F        11     113     1.1291     0.69 


Residual diagnostics:             
Sample size         124 
                
Median              0.1690 
Mean                0.1828 
Std of mean         0.0899 
T-value of mean     2.0329 

                           P-values 
Normality (BS)      0.6402     0.73 
Skewness           -0.1219     0.58 
Kurtosis            2.7462     0.56 

                            P-value 
Durbin-Watson       1.9082     0.61 
                   
Standard error         1.0263 
Sigma square           1.0532 
Residual variance      1.0028 
Residual std. dev.     1.0014 

Approximate test of runs on residuals:               
Number of runs       62 
Number of (+)        62 
Number of (-)        62 
              
T-value            -0.1803 

Heteroscedasticity test:
         DF       stat  P-value 
H        41     0.7852     0.44 

Sample autocorrelations of squared residuals:
Order     Autcor         SE    Q-stats       DF P-values     Parcor         SE 
1         0.0012     0.0898     0.0002        1     0.99     0.0012     0.0898 
2         0.0009     0.0898     0.0003        2     1.00     0.0009     0.0898 
3         0.0751     0.0898     0.7282        3     0.87     0.0751     0.0898 
4         0.0749     0.0903     1.4585        4     0.83     0.0751     0.0898 
5         0.0543     0.0908     1.8450        5     0.87     0.0550     0.0898 
6         0.0249     0.0911     1.9272        6     0.93     0.0202     0.0898 
7         0.0428     0.0911     2.1715        7     0.95     0.0325     0.0898 
8        -0.0930     0.0913     3.3360        8     0.91    -0.1076     0.0898 
9         0.0624     0.0920     3.8643        9     0.92     0.0509     0.0898 
10       -0.1013     0.0924     5.2712       10     0.87    -0.1172     0.0898 
11       -0.0815     0.0933     6.1902       11     0.86    -0.0770     0.0898 
12       -0.0540     0.0939     6.5967       12     0.88    -0.0575     0.0898 
13        0.0537     0.0941     7.0031       13     0.90     0.0721     0.0898 
14       -0.0393     0.0943     7.2222       14     0.93    -0.0161     0.0898 
15        0.0519     0.0945     7.6087       15     0.94     0.0989     0.0898 
16        0.0290     0.0947     7.7303       16     0.96     0.0306     0.0898 
17       -0.0339     0.0948     7.8981       17     0.97    -0.0032     0.0898 
18        0.0687     0.0949     8.5941       18     0.97     0.0416     0.0898 
19       -0.0538     0.0953     9.0255       19     0.97    -0.0717     0.0898 
20       -0.0644     0.0955     9.6487       20     0.97    -0.1023     0.0898 
21        0.1249     0.0959    12.0143       21     0.94     0.1193     0.0898 
22        0.0345     0.0972    12.1966       22     0.95    -0.0061     0.0898 
23       -0.0161     0.0973    12.2367       23     0.97     0.0234     0.0898 
24       -0.0347     0.0973    12.4250       24     0.97    -0.0349     0.0898 
25        0.0565     0.0974    12.9294       25     0.98     0.0633     0.0898 
26        0.0212     0.0977    13.0012       26     0.98     0.0356     0.0898 
27       -0.0533     0.0977    13.4593       27     0.99    -0.0550     0.0898 
28       -0.0056     0.0979    13.4643       28     0.99    -0.0346     0.0898 
29       -0.0551     0.0979    13.9638       29     0.99    -0.0458     0.0898 
30        0.0141     0.0982    13.9967       30     0.99    -0.0233     0.0898 
31       -0.1357     0.0982    17.0913       31     0.98    -0.1521     0.0898 
32       -0.0924     0.0997    18.5398       32     0.97    -0.0730     0.0898 
33       -0.0418     0.1004    18.8394       33     0.98    -0.0018     0.0898 
34        0.0080     0.1005    18.8505       34     0.98     0.0279     0.0898 
35        0.0285     0.1005    18.9935       35     0.99     0.0988     0.0898 
36       -0.1126     0.1006    21.2432       36     0.98    -0.0810     0.0898 
_________
When DF is positive, P-values should be greater than 0.05
(at the 5 per cent level) for model adequacy

Second Round of the Program:


Arima Estimation (Levenberg-Marquardt):
Number of iterations:     2
Number of function evaluations:    15
Parameter     Estimate   Std. Error      T-ratio        Lag 
phi12          -0.8235       0.0433     -19.0185         12 
ma1            -0.4291       0.0806      -5.3209          1 
omg10           3.0853       0.1247      24.7484          1 
omg11           1.8219       0.1979       9.2076          1 
omg12           1.0792       0.2319       4.6529          1 
del11          -0.3304       0.0556      -5.9405          1 

Residual standard error:     1.0670

Root           Real p.     Imag. p.      Modulus  Argument    Period 
sarroot1        0.8235       0.0000       0.8235    0.0000       Inf 
rmaroot1        0.4291       0.0000       0.4291    0.0000       Inf 
omgroot11      -0.2953       0.5124       0.5914   -1.0481   -5.9949 
omgroot12      -0.2953      -0.5124       0.5914    1.0481    5.9949 
delroot11       0.3304       0.0000       0.3304    0.0000       Inf 


Correlations of the estimates:
Parameter        phi12          ma1        omg10        omg11        omg12        del11 
phi12           1.0000       0.1967       0.0419       0.1509       0.0763       0.0560 
ma1             0.1967       1.0000      -0.0047       0.0932       0.1095       0.0976 
omg10           0.0419      -0.0047       1.0000      -0.2179       0.0884      -0.0044 
omg11           0.1509       0.0932      -0.2179       1.0000       0.5096       0.7408 
omg12           0.0763       0.1095       0.0884       0.5096       1.0000       0.8392 
del11           0.0560       0.0976      -0.0044       0.7408       0.8392       1.0000 


Information criteria:    
AIC       1058.4436 
BIC       1076.4673 

Residuals:
     0.000    0.191   -0.434   -0.891    1.115    0.351    0.283    0.447    1.200    2.125    0.570    0.144
    -2.558    0.900   -1.948    1.482   -1.298   -2.398   -0.826   -1.606    1.875   -0.458   -1.252   -1.886
     0.799    0.769   -1.746   -2.529    1.962    0.996    1.397    0.392    0.278   -0.101    1.784    0.083
    -1.114   -0.471    0.679    1.713   -0.526   -0.673   -0.764   -0.346    0.565   -0.188   -0.157   -0.287
     1.284   -0.010    1.098   -1.469   -2.026    1.409    1.256   -2.348   -0.677    1.346    0.246    1.494
    -0.353    0.054   -1.102    0.344    1.508   -0.044    0.018    0.629    2.119    1.264   -0.732   -0.181
     0.684   -2.011   -1.841    0.718    1.223    1.247    1.200   -0.264   -0.088    0.967   -0.291    0.104
    -0.395    0.874    0.313   -0.154   -0.047    1.738   -0.056    0.445   -0.374    0.078    0.841   -0.309
    -0.341    1.143   -0.170   -0.020    0.440    1.169    1.437   -0.351   -0.253    0.208    1.005    0.451
    -0.643    0.500    0.397    0.708   -0.462    0.792   -0.368   -1.490   -0.656    2.173    0.168    0.712
    -1.012    0.570   -0.007    0.175    2.229    0.717    0.126    1.954   -0.026    0.328    1.682   -0.122
     0.773   -0.301   -0.960    0.038   -0.526    0.125    0.271   -1.462   -0.568    0.852   -1.227   -0.175
     0.181    1.231   -0.070    1.074   -0.863

Sample autocorrelations and partial autocorrelations:
Order     Autcor         SE    Q-stats       DF P-values     Parcor         SE 
1         0.0499     0.0819     0.3785        0     1.00     0.0499     0.0819 
2        -0.1275     0.0821     2.8669        0     1.00    -0.1303     0.0819 
3        -0.0588     0.0834     3.3989        0     1.00    -0.0460     0.0819 
4         0.1370     0.0837     6.3105        0     1.00     0.1287     0.0819 
5         0.1439     0.0852     9.5442        0     1.00     0.1211     0.0819 
6        -0.0225     0.0868     9.6238        0     1.00    -0.0071     0.0819 
7        -0.1277     0.0869    12.2081        1     0.00    -0.0880     0.0819 
8        -0.0549     0.0881    12.6898        2     0.00    -0.0566     0.0819 
9         0.0869     0.0883    13.9046        3     0.00     0.0371     0.0819 
10        0.1035     0.0889    15.6388        4     0.00     0.0714     0.0819 
11        0.0698     0.0897    16.4329        5     0.01     0.1091     0.0819 
12       -0.1978     0.0901    22.8580        6     0.00    -0.1566     0.0819 
13       -0.0719     0.0930    23.7121        7     0.00    -0.0500     0.0819 
14        0.0429     0.0933    24.0190        8     0.00    -0.0299     0.0819 
15        0.0529     0.0935    24.4892        9     0.00    -0.0135     0.0819 
16       -0.0824     0.0937    25.6373       10     0.00    -0.0505     0.0819 
17       -0.1255     0.0941    28.3209       11     0.00    -0.0433     0.0819 
18       -0.0262     0.0953    28.4392       12     0.00    -0.0096     0.0819 
19        0.1873     0.0953    34.5083       13     0.00     0.1442     0.0819 
20        0.1186     0.0978    36.9623       14     0.00     0.0847     0.0819 
21       -0.0114     0.0987    36.9850       15     0.00     0.0512     0.0819 
22       -0.0073     0.0987    36.9945       16     0.00     0.0605     0.0819 
23       -0.0218     0.0987    37.0796       17     0.00    -0.0332     0.0819 
24        0.1652     0.0988    41.9910       18     0.00     0.0912     0.0819 
25        0.1156     0.1006    44.4144       19     0.00     0.0811     0.0819 
26       -0.0241     0.1015    44.5206       20     0.00     0.0252     0.0819 
27       -0.1610     0.1015    49.3007       21     0.00    -0.1062     0.0819 
28        0.1236     0.1032    52.1418       22     0.00     0.1117     0.0819 
29        0.1263     0.1042    55.1349       23     0.00     0.0036     0.0819 
30        0.1407     0.1052    58.8779       24     0.00     0.1022     0.0819 
31       -0.1037     0.1065    60.9278       25     0.00    -0.0334     0.0819 
32       -0.0584     0.1072    61.5827       26     0.00     0.0171     0.0819 
33        0.1056     0.1074    63.7469       27     0.00     0.0634     0.0819 
34        0.0239     0.1081    63.8583       28     0.00    -0.0468     0.0819 
35        0.0499     0.1081    64.3492       29     0.00     0.0650     0.0819 
36       -0.0324     0.1083    64.5587       30     0.00     0.0692     0.0819 
_________
When DF is positive, P-values should be greater than 0.05
(at the 5 per cent level) for model adequacy

Pierce Qs:
Order    Qs-stat      DF  P-value 
1         6.4251       0     1.00 
2        11.3365       1     0.00 
3        11.5460       2     0.00 


Stable seasonality F-test based on residuals:
        DFn     DFd       stat  P-value 
F        11     138     1.2671     0.50 


Residual diagnostics:             
Sample size         149 
                
Median              0.1246 
Mean                0.1270 
Std of mean         0.0850 
T-value of mean     1.4943 

                           P-values 
Normality (BS)      2.7980     0.25 
Skewness           -0.3346     0.10 
Kurtosis            2.9477     0.90 

                            P-value 
Durbin-Watson       1.8956     0.52 
                   
Standard error         1.0670 
Sigma square           1.1385 
Residual variance      1.0765 
Residual std. dev.     1.0376 

Approximate test of runs on residuals:               
Number of runs       75 
Number of (+)        75 
Number of (-)        74 
              
T-value            -0.0817 

Heteroscedasticity test:
         DF       stat  P-value 
H        50     0.5491     0.04 

Sample autocorrelations of squared residuals:
Order     Autcor         SE    Q-stats       DF P-values     Parcor         SE 
1         0.0777     0.0819     0.9178        1     0.34     0.0777     0.0819 
2         0.0847     0.0824     2.0162        2     0.36     0.0792     0.0819 
3         0.2541     0.0830    11.9699        3     0.01     0.2449     0.0819 
4         0.0893     0.0881    13.2086        4     0.01     0.0558     0.0819 
5         0.1717     0.0887    17.8133        5     0.00     0.1389     0.0819 
6         0.0004     0.0909    17.8133        6     0.01    -0.0899     0.0819 
7         0.0742     0.0909    18.6850        7     0.01     0.0311     0.0819 
8         0.0437     0.0913    18.9903        8     0.01    -0.0418     0.0819 
9         0.0213     0.0914    19.0632        9     0.02     0.0216     0.0819 
10        0.0189     0.0915    19.1209       10     0.04    -0.0290     0.0819 
11        0.0655     0.0915    19.8202       11     0.05     0.0818     0.0819 
12       -0.0145     0.0918    19.8548       12     0.07    -0.0529     0.0819 
13        0.0751     0.0918    20.7873       13     0.08     0.0932     0.0819 
14        0.0092     0.0922    20.8014       14     0.11    -0.0454     0.0819 
15        0.0639     0.0922    21.4860       15     0.12     0.0899     0.0819 
16        0.0201     0.0925    21.5545       16     0.16    -0.0584     0.0819 
17       -0.0544     0.0926    22.0593       17     0.18    -0.0351     0.0819 
18        0.0323     0.0928    22.2385       18     0.22    -0.0424     0.0819 
19       -0.0437     0.0928    22.5697       19     0.26    -0.0210     0.0819 
20       -0.0809     0.0930    23.7104       20     0.26    -0.1031     0.0819 
21        0.0119     0.0935    23.7354       21     0.31     0.0614     0.0819 
22        0.0242     0.0935    23.8395       22     0.36     0.0411     0.0819 
23       -0.0595     0.0935    24.4712       23     0.38    -0.0047     0.0819 
24       -0.0347     0.0938    24.6879       24     0.42    -0.0429     0.0819 
25        0.1078     0.0938    26.7969       25     0.37     0.1515     0.0819 
26       -0.0519     0.0947    27.2891       26     0.39    -0.1034     0.0819 
27       -0.0320     0.0949    27.4782       27     0.44     0.0103     0.0819 
28        0.0428     0.0949    27.8190       28     0.47    -0.0202     0.0819 
29       -0.0294     0.0951    27.9814       29     0.52     0.0043     0.0819 
30        0.0083     0.0951    27.9943       30     0.57    -0.0309     0.0819 
31       -0.1194     0.0951    30.7143       31     0.48    -0.0847     0.0819 
32       -0.0101     0.0961    30.7341       32     0.53    -0.0044     0.0819 
33       -0.0443     0.0961    31.1146       33     0.56    -0.0251     0.0819 
34        0.0273     0.0963    31.2604       34     0.60     0.1123     0.0819 
35        0.0539     0.0963    31.8331       35     0.62     0.0868     0.0819 
36       -0.0064     0.0965    31.8414       36     0.67     0.0281     0.0819 
_________
When DF is positive, P-values should be greater than 0.05
(at the 5 per cent level) for model adequacy
Elapsed time:     0.48

