Series:myusmseries
Number of observations:  100
 Year         I       II      III       IV
 2000   -48.146 -157.250  -89.981  -44.762
 2001   -42.416 -166.432 -102.162  -44.293
 2002   -36.178 -135.217 -105.487    7.910
 2003   -20.738 -109.889 -103.637   29.941
 2004    -4.734  -64.751  -48.245   37.738
 2005     2.104  -32.374  -25.278   16.971
 2006    -6.187  -66.595   -8.774    2.438
 2007    61.231  -25.689   66.110   47.249
 2008   109.430   40.844   90.437  111.002
 2009   100.339   58.455   74.361   53.951
 2010    62.410  -20.567   13.614   54.970
 2011    -7.952   -2.646  -42.310   26.897
 2012   -22.444  -48.931  -41.756    9.071
 2013   -32.792  -71.752  -47.686   -0.302
 2014   -24.975  -87.963  -59.276   37.208
 2015   -29.124  -44.771  -80.543   36.038
 2016   -16.349  -53.014  -77.443   24.940
 2017   -22.946  -40.551 -112.738   79.384
 2018     3.407  -34.377  -91.528   60.929
 2019    29.780  -14.281  -98.418   73.221
 2020    55.373    5.614  -78.169   88.591
 2021    41.126   20.786  -64.333  120.968
 2022    64.221   67.212  -46.311  138.208
 2023    92.516  106.931   45.953  203.091
 2024   139.000  134.533   89.590  286.208
 _________
 Values should be multiplied by 1e-1
Estimation results:
Parameter        Estimate   Std. Error      T-ratio 
Sigma irreg.       0.7369          NaN          NaN 
Sigma level        0.6792       1.0156       0.8892 
Sigma slope        0.2628       0.2273       1.5799 
Sigma seaso.       0.5610       0.5862       1.2920 
Parameter Sigma irreg. is concentrated out of the likelihood

Correlations of the estimates:
Parameter     Sigma level  Sigma slope Sigma seaso. 
Sigma level        1.0000       0.7251       0.8927 
Sigma slope        0.7251       1.0000       0.8795 
Sigma seaso.       0.8927       0.8795       1.0000 


Coefficient of determination R_S^2      0.7293
Prediction error variance               7.0884
Residual standard error                 2.6624

Information criteria:    
AIC        803.6885 
BIC        811.3501 

Residuals:
    -0.342   -0.285    0.224    0.345    0.787   -0.512    1.165   -0.103    0.041   -0.621    0.338    0.050
     0.736    0.688   -0.913   -0.664    0.595    0.168   -1.434   -0.541   -0.677    0.909   -0.420    1.832
     0.528    1.094   -0.183    0.109    0.636   -0.707    0.445   -1.532   -0.292   -0.957   -1.721   -0.646
    -1.267   -0.442    1.438   -1.068    1.383   -0.822    0.140    0.486   -0.420    0.756    0.162    0.194
    -0.269    0.409    0.187    0.512   -0.385   -0.109    1.395   -0.245    0.827   -1.077   -0.097    0.444
    -0.265   -0.134   -0.321   -0.016    0.491   -1.038    1.719    0.543   -0.538   -0.018   -0.673    0.707
     0.271   -0.719    0.018    0.665    0.169   -0.104   -0.108   -0.772    0.308    0.248    0.540   -0.019
     0.665   -0.307   -0.278    0.201    0.545    1.647    0.194   -0.563   -0.700    0.281    1.231

Sample autocorrelations and partial autocorrelations:
Order     Autcor         SE    Q-stats       DF P-values     Parcor         SE 
1        -0.0818     0.1026     0.6554        0     1.00    -0.0818     0.1026 
2         0.1518     0.1033     2.9388        0     1.00     0.1461     0.1026 
3        -0.0489     0.1056     3.1780        0     1.00    -0.0271     0.1026 
4        -0.0516     0.1058     3.4471        1     0.06    -0.0812     0.1026 
5         0.2012     0.1061     7.5913        2     0.02     0.2110     0.1026 
6        -0.1751     0.1100    10.7643        3     0.01    -0.1434     0.1026 
7        -0.0396     0.1129    10.9283        4     0.03    -0.1358     0.1026 
8        -0.0576     0.1131    11.2796        5     0.05     0.0090     0.1026 
9        -0.1322     0.1134    13.1518        6     0.04    -0.1188     0.1026 
10       -0.0674     0.1150    13.6444        7     0.06    -0.1597     0.1026 
11       -0.1016     0.1154    14.7765        8     0.06    -0.0170     0.1026 
12       -0.0605     0.1164    15.1826        9     0.09    -0.0551     0.1026 
13        0.0981     0.1167    16.2644       10     0.09     0.0723     0.1026 
14       -0.0823     0.1176    17.0351       11     0.11    -0.0375     0.1026 
15        0.0472     0.1182    17.2916       12     0.14    -0.0051     0.1026 
16        0.0045     0.1184    17.2939       13     0.19     0.0135     0.1026 
17        0.1549     0.1184    20.1298       14     0.13     0.1518     0.1026 
18        0.0033     0.1205    20.1311       15     0.17    -0.0916     0.1026 
19        0.0201     0.1205    20.1800       16     0.21    -0.0070     0.1026 
20       -0.1431     0.1205    22.6977       17     0.16    -0.1726     0.1026 
_________
When DF is positive, P-values should be greater than 0.05
(at the 5 per cent level) for model adequacy

Pierce Qs:
Order    Qs-stat      DF  P-value 
1         0.2691       0     1.00 
2         0.6204       1     0.43 
3         1.0265       2     0.60 
4         1.0288       3     0.79 
5         3.5465       4     0.47 


Stable seasonality F-test based on residuals:
        DFn     DFd       stat  P-value 
F         3      92     0.4088     0.51 


Residual diagnostics:             
Sample size          95 
                
Median              0.0413 
Mean                0.0436 
Std of mean         0.0743 
T-value of mean     0.5868 

                           P-values 
Normality (BS)      0.2660     0.88 
Skewness            0.1263     0.62 
Kurtosis            2.9416     0.91 

                            P-value 
Durbin-Watson       2.1309     0.52 
                   
Standard error         2.6624 
Sigma square           7.0884 
Residual variance      0.5240 
Residual std. dev.     0.7239 

Approximate test of runs on residuals:               
Number of runs       50 
Number of (+)        48 
Number of (-)        47 
              
T-value             0.3106 

Heteroscedasticity test:
         DF       stat  P-value 
H        32     0.7832     0.49 

Sample autocorrelations of squared residuals:
Order     Autcor         SE    Q-stats       DF P-values     Parcor         SE 
1        -0.0203     0.1026     0.0403        1     0.84    -0.0203     0.1026 
2         0.1750     0.1026     3.0756        2     0.21     0.1747     0.1026 
3         0.0548     0.1057     3.3761        3     0.34     0.0632     0.1026 
4        -0.0537     0.1060     3.6679        4     0.45    -0.0846     0.1026 
5         0.1984     0.1063     7.6998        5     0.17     0.1820     0.1026 
6        -0.0321     0.1101     7.8062        6     0.25    -0.0051     0.1026 
7        -0.0050     0.1102     7.8088        7     0.35    -0.0722     0.1026 
8        -0.0147     0.1102     7.8318        8     0.45    -0.0304     0.1026 
9         0.0591     0.1103     8.2062        9     0.51     0.1077     0.1026 
10       -0.0304     0.1106     8.3064       10     0.60    -0.0642     0.1026 
11        0.0614     0.1107     8.7198       11     0.65     0.0377     0.1026 
12       -0.0846     0.1110     9.5139       12     0.66    -0.0642     0.1026 
13        0.0323     0.1117     9.6315       13     0.72     0.0373     0.1026 
14       -0.0746     0.1118    10.2646       14     0.74    -0.1015     0.1026 
15        0.0084     0.1123    10.2728       15     0.80     0.0355     0.1026 
16        0.0735     0.1124    10.9026       16     0.82     0.0802     0.1026 
17        0.0391     0.1129    11.0831       17     0.85     0.0842     0.1026 
18       -0.0052     0.1130    11.0863       18     0.89    -0.0800     0.1026 
19       -0.0607     0.1130    11.5326       19     0.90    -0.0478     0.1026 
20       -0.0149     0.1133    11.5598       20     0.93    -0.0194     0.1026 
_________
When DF is positive, P-values should be greater than 0.05
(at the 5 per cent level) for model adequacy
Series:trend
Number of observations:  100
 Year         I       II      III       IV
 2000    -86.43   -85.11   -84.67   -86.04
 2001    -87.40   -88.66   -87.01   -85.07
 2002    -79.26   -73.20   -67.40   -60.49
 2003    -56.72   -54.00   -48.92   -38.51
 2004    -30.24   -23.27   -17.11   -12.96
 2005    -10.41    -7.88   -10.92   -15.29
 2006    -19.13   -16.95    -9.53     1.49
 2007     16.93    30.29    45.43    56.91
 2008     70.73    80.39    86.66    90.37
 2009     86.15    80.58    67.71    51.45
 2010     39.92    26.06    19.68    13.34
 2011      4.26    -0.52   -10.57   -16.11
 2012    -20.68   -24.96   -28.10   -32.07
 2013    -35.28   -36.82   -37.81   -40.08
 2014    -39.27   -39.27   -34.01   -29.77
 2015    -29.15   -27.14   -28.72   -28.31
 2016    -28.21   -29.34   -29.69   -33.44
 2017    -32.00   -27.97   -24.33   -16.31
 2018    -14.77   -13.36   -10.07    -8.49
 2019     -4.89    -2.16     0.26     5.68
 2020     11.87    14.03    15.67    17.10
 2021     19.60    24.83    32.49    40.55
 2022     47.29    53.70    58.51    69.34
 2023     84.77   101.55   116.27   126.37
 2024    138.00   151.59   169.03   187.33
 _________
 Values should be multiplied by 1e-1
Series:slope
Number of observations:  100
 Year         I       II      III       IV
 2000      6.19     5.15     4.21     5.96
 2001     10.65    18.80    27.30    36.99
 2002     43.52    47.48    49.88    49.39
 2003     50.66    55.43    60.90    59.90
 2004     55.49    48.95    40.51    31.94
 2005     24.32    16.56    15.83    24.01
 2006     41.54    62.02    80.68    94.92
 2007    100.26   100.60    93.35    82.87
 2008     64.12    40.50    13.56   -16.91
 2009    -43.59   -68.46   -84.31   -88.44
 2010    -88.55   -81.17   -76.37   -73.52
 2011    -68.09   -65.70   -58.10   -50.90
 2012    -44.47   -38.30   -33.16   -27.03
 2013    -20.16   -14.00    -8.45    -0.78
 2014      5.58    12.77    13.99    10.96
 2015      8.64     4.60     3.62     2.57
 2016      1.77     2.91     5.02    13.49
 2017     21.82    27.38    31.59    28.53
 2018     27.43    28.34    28.54    30.66
 2019     31.98    34.00    37.49    38.47
 2020     35.96    35.60    38.11    44.18
 2021     53.13    62.20    69.12    74.31
 2022     80.54    89.23   104.07   118.29
 2023    127.11   129.84   129.97   134.44
 2024    141.62   149.67   154.00   154.00
 _________
 Values should be multiplied by 1e-2
Series:seasonal
Number of observations:  100
 Year         I       II      III       IV
 2000      3.91    -7.30    -0.74     4.11
 2001      4.46    -7.53    -1.58     4.42
 2002      4.26    -6.28    -3.71     6.48
 2003      3.46    -5.37    -4.91     6.61
 2004      2.45    -4.17    -3.25     4.98
 2005      1.34    -3.01    -1.58     3.19
 2006      1.80    -4.59     0.28     0.45
 2007      4.12    -5.39     1.72    -0.57
 2008      3.60    -4.08     0.39     1.49
 2009      1.57    -2.78     0.45     0.86
 2010      1.98    -3.87    -0.66     3.81
 2011     -0.78    -0.86    -2.73     4.33
 2012     -0.22    -2.34    -1.52     4.13
 2013      0.36    -3.50    -1.20     4.25
 2014      1.26    -4.33    -2.66     6.31
 2015      0.19    -2.14    -4.94     6.41
 2016      1.05    -2.29    -5.20     6.35
 2017      1.11    -1.37    -8.38     8.84
 2018      1.82    -1.89    -8.35     7.15
 2019      3.35    -1.27    -9.56     6.83
 2020      3.91    -0.90    -9.44     7.20
 2021      2.37    -0.22    -9.72     7.83
 2022      1.58     1.06    -9.95     7.26
 2023      0.83     0.26    -7.58     7.80
 2024      0.25    -1.35    -7.90     9.55

