Series:PR
Number of observations:  207
 Year         I       II      III       IV
 1960     3.063    3.052    3.011    2.999
 1961     2.968    3.032    3.042    3.092
 1962     3.096    3.128    3.115    3.138
 1963     3.147    3.193    3.167    3.205
 1964     3.212    3.253    3.237    3.274
 1965     3.312    3.351    3.339    3.383
 1966     3.406    3.443    3.427    3.459
 1967     3.441    3.454    3.438    3.478
 1968     3.485    3.516    3.499    3.530
 1969     3.540    3.561    3.550    3.552
 1970     3.513    3.526    3.500    3.480
 1971     3.495    3.527    3.513    3.546
 1972     3.573    3.625    3.612    3.666
 1973     3.679    3.715    3.698    3.731
 1974     3.703    3.728    3.707    3.678
 1975     3.570    3.582    3.592    3.629
 1976     3.646    3.687    3.678    3.708
 1977     3.717    3.779    3.765    3.787
 1978     3.775    3.836    3.818    3.853
 1979     3.845    3.864    3.843    3.853
 1980     3.844    3.812    3.777    3.827
 1981     3.820    3.845    3.828    3.810
 1982     3.776    3.788    3.767    3.749
 1983     3.763    3.811    3.830    3.861
 1984     3.886    3.920    3.914    3.922
 1985     3.917    3.935    3.923    3.930
 1986     3.933    3.954    3.945    3.960
 1987     3.968    4.000    4.007    4.036
 1988     4.035    4.063    4.056    4.067
 1989     4.060    4.076    4.058    4.058
 1990     4.058    4.081    4.082    4.062
 1991     4.026    4.053    4.063    4.062
 1992     4.056    4.090    4.096    4.104
 1993     4.103    4.122    4.122    4.137
 1994     4.138    4.177    4.186    4.211
 1995     4.213    4.227    4.235    4.242
 1996     4.235    4.272    4.291    4.305
 1997     4.314    4.348    4.363    4.401
 1998     4.403    4.416    4.419    4.447
 1999     4.446    4.468    4.467    4.497
 2000     4.499    4.522    4.512    4.512
 2001     4.484    4.481    4.462    4.452
 2002     4.448    4.482    4.480    4.479
 2003     4.478    4.488    4.482    4.494
 2004     4.491    4.514    4.517    4.529
 2005     4.533    4.560    4.553    4.561
 2006     4.559    4.580    4.584    4.582
 2007     4.581    4.615    4.616    4.608
 2008     4.586    4.589    4.552    4.485
 2009     4.405    4.394    4.414    4.422
 2010     4.422    4.466    4.477    4.479
 2011     4.482    4.504    4.516

Estimation results:
Parameter        Estimate   Std. Error      T-ratio 
Sigma cycle        0.0467          NaN          NaN 
Sigma irreg.       0.0000     124.7203      -4.2380 
Sigma level        0.0000          NaN          NaN 
Sigma slope        0.0012       0.0077       3.1040 
Sigma seaso.      -0.0004       0.0032      -2.8283 
Cycle rho          0.9542       0.0172      53.8063 
Cycle freq.        0.2310       0.0221       9.4682 
Parameter Sigma cycle  is concentrated out of the likelihood

Coefficient of determination R_S^2      0.2656
Prediction error variance               0.0003
Residual standard error                 0.0174

Regression parameters:
Parameter     Estimate   Std. Error    T-ratio 
reg1           0.03620      0.01741       2.08 
reg2          -0.08979      0.01618      -5.55 


Information criteria:    
AIC       -172.2160 
BIC       -149.0581 

Residuals:
     0.099    0.032   -0.099   -0.010    0.009    0.055   -0.018   -0.031    0.056    0.034   -0.022    0.008
     0.036    0.102   -0.037    0.005    0.038    0.038   -0.028   -0.001    0.013   -0.062   -0.055    0.036
     0.047    0.016   -0.017   -0.000   -0.000    0.010   -0.049    0.013   -0.083   -0.110   -0.030   -0.005
    -0.113    0.067    0.000   -0.006    0.016    0.038    0.016   -0.035    0.054   -0.017   -0.022   -0.017
     0.016   -0.089   -0.001    0.017   -0.124    0.082   -0.023    0.099    0.053    0.024    0.019   -0.004
     0.012    0.002    0.075   -0.020   -0.010   -0.045    0.087   -0.012    0.034   -0.025   -0.043    0.005
    -0.021   -0.007   -0.164   -0.007    0.117   -0.019   -0.014   -0.008   -0.129   -0.082   -0.024    0.001
    -0.100    0.056    0.049    0.068   -0.007    0.023   -0.025   -0.013   -0.043   -0.023   -0.013    0.018
    -0.004    0.026    0.008    0.027    0.019    0.032    0.029    0.056    0.038   -0.018    0.008    0.013
    -0.007   -0.014   -0.010   -0.007   -0.020    0.016    0.009    0.039   -0.093   -0.090    0.035    0.063
    -0.038   -0.020    0.022    0.017   -0.022   -0.018   -0.028    0.006    0.011   -0.002    0.029    0.028
     0.025   -0.004   -0.041    0.037   -0.005   -0.009    0.047    0.061    0.005    0.026    0.019    0.039
     0.068   -0.010   -0.045    0.015    0.048   -0.000   -0.006    0.001    0.048    0.003   -0.011   -0.031
    -0.038   -0.063   -0.053   -0.027   -0.046    0.018    0.037   -0.016   -0.056   -0.011   -0.055   -0.023
    -0.010   -0.018   -0.011   -0.004   -0.013    0.004   -0.001   -0.028   -0.010    0.001   -0.001    0.022
    -0.028    0.013    0.045    0.010   -0.041   -0.038   -0.029   -0.064   -0.157   -0.136    0.002    0.133
     0.038    0.023    0.050   -0.002   -0.038    0.001   -0.023    0.013

Sample autocorrelations and partial autocorrelations:
Order     Autcor         SE    Q-stats       DF P-values     Parcor         SE 
1         0.1736     0.0707     6.1217        0     1.00     0.1736     0.0707 
2        -0.0371     0.0728     6.4029        0     1.00    -0.0694     0.0707 
3         0.0358     0.0729     6.6661        0     1.00     0.0567     0.0707 
4         0.0780     0.0730     7.9206        0     1.00     0.0607     0.0707 
5        -0.0982     0.0734     9.9168        0     1.00    -0.1240     0.0707 
6        -0.1160     0.0741    12.7188        1     0.00    -0.0723     0.0707 
7        -0.0217     0.0750    12.8178        2     0.00    -0.0042     0.0707 
8        -0.0243     0.0750    12.9423        3     0.00    -0.0299     0.0707 
9         0.0776     0.0750    14.2166        4     0.01     0.1164     0.0707 
10        0.0513     0.0754    14.7764        5     0.01     0.0205     0.0707 
11        0.0646     0.0756    15.6681        6     0.02     0.0473     0.0707 
12        0.0153     0.0759    15.7181        7     0.03    -0.0139     0.0707 
13        0.0318     0.0759    15.9371        8     0.04     0.0103     0.0707 
14       -0.0483     0.0760    16.4428        9     0.06    -0.0579     0.0707 
15       -0.0492     0.0761    16.9722       10     0.07    -0.0141     0.0707 
16        0.0276     0.0763    17.1399       11     0.10     0.0544     0.0707 
17       -0.0550     0.0763    17.8077       12     0.12    -0.0607     0.0707 
18       -0.0109     0.0765    17.8341       13     0.16     0.0278     0.0707 
19       -0.0749     0.0765    19.0880       14     0.16    -0.0972     0.0707 
20        0.0205     0.0769    19.1819       15     0.21     0.0223     0.0707 
21       -0.0538     0.0769    19.8355       16     0.23    -0.0671     0.0707 
22       -0.0747     0.0771    21.1023       17     0.22    -0.0659     0.0707 
23       -0.1118     0.0775    23.9564       18     0.16    -0.0899     0.0707 
24       -0.0536     0.0783    24.6166       19     0.17    -0.0328     0.0707 
25       -0.0222     0.0785    24.7306       20     0.21    -0.0194     0.0707 
26       -0.0965     0.0785    26.8912       21     0.17    -0.0828     0.0707 
27       -0.1340     0.0791    31.0840       22     0.09    -0.1292     0.0707 
28       -0.0030     0.0802    31.0862       23     0.12     0.0278     0.0707 
29        0.0668     0.0802    32.1414       24     0.12     0.0173     0.0707 
30        0.0154     0.0805    32.1975       25     0.15     0.0338     0.0707 
31        0.0943     0.0805    34.3246       26     0.13     0.1074     0.0707 
32        0.0814     0.0811    35.9163       27     0.12     0.0348     0.0707 
33       -0.0468     0.0815    36.4470       28     0.13    -0.0773     0.0707 
34       -0.0288     0.0816    36.6495       29     0.16     0.0032     0.0707 
35       -0.0475     0.0817    37.2027       30     0.17    -0.0486     0.0707 
36       -0.0753     0.0818    38.5987       31     0.16    -0.0378     0.0707 
_________
When DF is positive, P-values should be greater than 0.05
(at the 5 per cent level) for model adequacy

Residual diagnostics:             
Sample size         200 
                
Median             -0.0009 
Mean               -0.0024 
Std of mean         0.0033 
T-value of mean    -0.7278 

                           P-values 
Normality (BS)     31.2942     0.00 
Skewness           -0.5125     0.00 
Kurtosis            4.6446     0.00 

                            P-value 
Durbin-Watson       1.6291     0.01 
                   
Standard error         0.0174 
Sigma square           0.0003 
Residual variance      0.0021 
Residual std. dev.     0.0460 

Approximate test of runs on residuals:               
Number of runs       85 
Number of (+)       100 
Number of (-)       100 
              
T-value            -2.2684 

Heteroscedasticity test:
         DF       stat  P-value 
H        67     0.7553     0.25 

Sample autocorrelations of squared residuals:
Order     Autcor         SE    Q-stats       DF P-values     Parcor         SE 
1         0.1361     0.0707     3.7629        1     0.05     0.1361     0.0707 
2         0.1199     0.0720     6.6946        2     0.04     0.1032     0.0707 
3         0.1592     0.0730    11.8912        3     0.01     0.1344     0.0707 
4         0.0869     0.0747    13.4483        4     0.01     0.0430     0.0707 
5        -0.0694     0.0752    14.4450        5     0.01    -0.1186     0.0707 
6         0.0542     0.0755    15.0570        6     0.02     0.0431     0.0707 
7        -0.0584     0.0757    15.7705        7     0.03    -0.0733     0.0707 
8        -0.0077     0.0760    15.7829        8     0.05     0.0225     0.0707 
9        -0.0925     0.0760    17.5941        9     0.04    -0.0876     0.0707 
10       -0.0021     0.0765    17.5951       10     0.06     0.0226     0.0707 
11       -0.0249     0.0765    17.7276       11     0.09     0.0063     0.0707 
12       -0.0295     0.0766    17.9150       12     0.12    -0.0206     0.0707 
13       -0.0045     0.0766    17.9194       13     0.16     0.0222     0.0707 
14       -0.0204     0.0766    18.0095       14     0.21    -0.0427     0.0707 
15       -0.0778     0.0766    19.3329       15     0.20    -0.0553     0.0707 
16       -0.0060     0.0770    19.3408       16     0.25     0.0004     0.0707 
17       -0.0725     0.0770    20.5011       17     0.25    -0.0583     0.0707 
18       -0.0264     0.0774    20.6563       18     0.30     0.0090     0.0707 
19        0.1047     0.0774    23.1009       19     0.23     0.1313     0.0707 
20       -0.0127     0.0781    23.1370       20     0.28    -0.0303     0.0707 
21       -0.0040     0.0781    23.1405       21     0.34    -0.0079     0.0707 
22        0.0956     0.0781    25.2145       22     0.29     0.0554     0.0707 
23        0.0035     0.0787    25.2172       23     0.34    -0.0255     0.0707 
24       -0.0160     0.0787    25.2757       24     0.39    -0.0215     0.0707 
25        0.0405     0.0787    25.6542       25     0.43     0.0116     0.0707 
26       -0.0966     0.0789    27.8188       26     0.37    -0.1155     0.0707 
27       -0.0213     0.0794    27.9250       27     0.41     0.0159     0.0707 
28        0.0205     0.0795    28.0241       28     0.46     0.0553     0.0707 
29        0.0063     0.0795    28.0335       29     0.52     0.0221     0.0707 
30        0.0045     0.0795    28.0384       30     0.57     0.0162     0.0707 
31        0.0617     0.0795    28.9479       31     0.57     0.0451     0.0707 
32        0.0504     0.0797    29.5577       32     0.59     0.0241     0.0707 
33       -0.0050     0.0799    29.5639       33     0.64    -0.0433     0.0707 
34       -0.0363     0.0799    29.8848       34     0.67    -0.0413     0.0707 
35       -0.0340     0.0800    30.1674       35     0.70    -0.0729     0.0707 
36        0.0282     0.0801    30.3633       36     0.73     0.0839     0.0707 
_________
When DF is positive, P-values should be greater than 0.05
(at the 5 per cent level) for model adequacy
