
Information criteria:    
AIC       -198.9790 
BIC       -192.3624 

Residuals:
     0.012    0.035    0.016   -0.012    0.001    0.007    0.025    0.002   -0.017    0.024    0.009   -0.002
    -0.000    0.012    0.037   -0.016    0.004    0.014    0.012   -0.008   -0.000    0.003   -0.026   -0.011
     0.012    0.008    0.000   -0.003   -0.000   -0.000    0.007   -0.013    0.011   -0.032   -0.028    0.004
    -0.002   -0.042    0.041   -0.005    0.002    0.011    0.020    0.010   -0.007    0.030   -0.007   -0.000
    -0.002    0.007   -0.036    0.009   -0.001   -0.054   -0.046    0.017    0.036    0.005    0.018   -0.000
    -0.002    0.006    0.012    0.023   -0.016   -0.001   -0.007    0.031   -0.018    0.014   -0.008   -0.019
     0.003   -0.011    0.004   -0.066    0.013    0.038   -0.015   -0.001    0.001   -0.045   -0.006   -0.000
     0.003   -0.036    0.042    0.012    0.026   -0.002    0.023   -0.009    0.004   -0.012    0.001   -0.008
     0.004   -0.009    0.010   -0.008    0.005   -0.001    0.010    0.001    0.016    0.005   -0.008    0.001
     0.001   -0.007   -0.004   -0.007   -0.005   -0.010    0.008   -0.003    0.013   -0.039   -0.019    0.019
     0.018   -0.019    0.005    0.010    0.006   -0.004    0.004   -0.009    0.007    0.006    0.003    0.009
     0.007    0.009   -0.000   -0.017    0.016   -0.008   -0.001    0.013    0.013   -0.006    0.012   -0.000
     0.010    0.020   -0.009   -0.018    0.007    0.013   -0.005   -0.005   -0.003    0.015   -0.003   -0.004
    -0.012   -0.012   -0.018   -0.014   -0.007   -0.016    0.014    0.013   -0.007   -0.013    0.010   -0.015
     0.003    0.003    0.000    0.002    0.004   -0.001    0.008    0.001   -0.008    0.001    0.002   -0.002
     0.007   -0.015    0.007    0.012   -0.004   -0.018   -0.011   -0.012   -0.025   -0.055   -0.039    0.005
     0.041   -0.001    0.011    0.020    0.000   -0.003    0.014   -0.006    0.011

Sample autocorrelations and partial autocorrelations:
Order     Autcor         SE    Q-stats       DF P-values     Parcor         SE 
1         0.0309     0.0705     0.1945        0     1.00     0.0309     0.0705 
2        -0.0716     0.0706     1.2451        0     1.00    -0.0726     0.0705 
3         0.0432     0.0710     1.6299        1     0.20     0.0481     0.0705 
4         0.1410     0.0711     5.7471        2     0.06     0.1338     0.0705 
5        -0.1586     0.0725    10.9863        3     0.01    -0.1655     0.0705 
6        -0.0221     0.0742    11.0881        4     0.03     0.0084     0.0705 
7        -0.0147     0.0742    11.1337        5     0.05    -0.0480     0.0705 
8        -0.1149     0.0742    13.9263        6     0.03    -0.1267     0.0705 
9        -0.0763     0.0751    15.1633        7     0.03    -0.0239     0.0705 
10        0.0737     0.0755    16.3223        8     0.04     0.0441     0.0705 
11       -0.0140     0.0758    16.3644        9     0.06    -0.0143     0.0705 
12       -0.0515     0.0759    16.9368       10     0.08    -0.0153     0.0705 
13       -0.0515     0.0760    17.5116       11     0.09    -0.0820     0.0705 
14        0.0495     0.0762    18.0470       12     0.11     0.0160     0.0705 
15       -0.0953     0.0764    20.0413       13     0.09    -0.0976     0.0705 
16       -0.0129     0.0770    20.0780       14     0.13    -0.0095     0.0705 
_________
When DF is positive, P-values should be greater than 0.05
(at the 5 per cent level) for model adequacy

Residual diagnostics:             
Sample size         201 
                
Median              0.0005 
Mean               -0.0000 
Std of mean         0.0012 
T-value of mean    -0.0030 

                           P-values 
Normality (BS)     53.2896     0.00 
Skewness           -0.6606     0.00 
Kurtosis            5.1488     0.00 

                            P-value 
Durbin-Watson       1.9334     0.64 
                   
Standard error         0.0168 
Sigma square           0.0003 
Residual variance      0.0003 
Residual std. dev.     0.0168 

Approximate test of runs on residuals:               
Number of runs      113 
Number of (+)       101 
Number of (-)       100 
              
T-value             1.6268 

Heteroscedasticity test:
         DF       stat  P-value 
H        67     0.5835     0.03 

Sample autocorrelations of squared residuals:
Order     Autcor         SE    Q-stats       DF P-values     Parcor         SE 
1         0.1583     0.0705     5.1151        1     0.02     0.1583     0.0705 
2         0.0757     0.0723     6.2888        2     0.04     0.0519     0.0705 
3         0.1033     0.0727     8.4895        3     0.04     0.0862     0.0705 
4         0.0996     0.0734    10.5421        4     0.03     0.0704     0.0705 
5         0.0066     0.0741    10.5513        5     0.06    -0.0291     0.0705 
6         0.0359     0.0741    10.8214        6     0.09     0.0231     0.0705 
7        -0.0775     0.0742    12.0846        7     0.10    -0.1034     0.0705 
8         0.0555     0.0746    12.7363        8     0.12     0.0773     0.0705 
9        -0.0251     0.0748    12.8698        9     0.17    -0.0408     0.0705 
10       -0.0122     0.0748    12.9014       10     0.23     0.0027     0.0705 
11        0.0693     0.0748    13.9323       11     0.24     0.0839     0.0705 
12       -0.0173     0.0751    13.9972       12     0.30    -0.0528     0.0705 
13        0.0455     0.0752    14.4469       13     0.34     0.0699     0.0705 
14       -0.0325     0.0753    14.6779       14     0.40    -0.0803     0.0705 
15        0.0103     0.0754    14.7013       15     0.47     0.0332     0.0705 
16        0.0418     0.0754    15.0866       16     0.52     0.0309     0.0705 
_________
When DF is positive, P-values should be greater than 0.05
(at the 5 per cent level) for model adequacy
