Series:r1 (starting year is 1970)
Number of observations:  150
     39.90    31.90    37.50    31.70    37.70    30.30
     38.70    35.30    34.90    36.40    35.60    30.50
     34.70    28.40    34.10    31.90    35.60    35.20
     31.30    38.30    30.00    36.50    32.30    38.40
     41.30    32.50    37.50    36.20    36.10    35.50
     37.90    32.30    36.00    34.50    32.10    29.20
     39.20    32.60    35.40    38.40    31.40    39.30
     32.40    35.10    33.30    37.30    34.40    30.40
     38.20    28.70    36.30    32.10    34.00    34.50
     34.40    36.20    39.10    32.60    38.60    38.50
     30.50    40.10    32.90    36.20    32.30    37.10
     30.10    40.30    36.50    32.90    35.10    41.10
     25.90    41.30    32.80    38.00    36.50    37.20
     36.40    37.20    34.20    37.00    35.40    34.40
     35.20    37.10    32.30    36.90    34.80    35.80
     36.10    36.70    36.60    35.10    37.80    33.90
     37.20    34.30    38.30    33.90    33.80    40.20
     35.30    38.80    39.00    32.20    38.80    34.30
     30.80    35.90    31.40    33.00    34.60    36.40
     33.10    39.40    35.40    34.40    36.90    32.80
     35.20    34.60    36.40    35.80    35.80    31.70
     37.00    28.70    38.00    32.20    33.50    36.30
     37.10    30.50    36.80    37.70    33.20    35.20
     35.70    36.00    34.00    40.30    37.00    40.20
     34.40    38.50    35.20    35.60    31.90    35.20


Identified model is: ( 0 , 0 , 2 )     with mean 

Initial parameter values:
     -0.4756      0.5711

Arima Estimation (Levenberg-Marquardt):
Number of iterations:     3
Number of function evaluations:    10
Parameter     Estimate   Std. Error      T-ratio        Lag 
ma1            -0.5090       0.0756      -6.7282          1 
ma2             0.6391       0.0813       7.8653          1 

Residual standard error:     2.4071

Root          Real p.     Imag. p.      Modulus  Argument    Period 
rmaroot1       0.2545       0.7578       0.7994    1.2468    5.0393 
rmaroot2       0.2545      -0.7578       0.7994   -1.2468   -5.0393 


Correlations of the estimates:
Parameter          ma1          ma2 
ma1             1.0000      -0.6672 
ma2            -0.6672       1.0000 

Parameter     Estimate   Std. Error    T-ratio 
mean          35.18249      0.22112     159.11 


Correlations of the regression estimates:
Parameter         mean 
mean            1.0000 


Information criteria:    
AIC       1294.9305 
BIC       1303.9624 

Residuals:
    -1.245   -0.233   -3.097    0.723   -2.871    1.266    2.228   -0.261   -0.639   -0.054   -4.612   -3.104
    -5.729   -2.329   -1.121    1.022    0.940   -4.370   -0.021   -2.714   -0.364   -1.647    2.299    8.026
    -0.380   -3.319   -0.742    2.347    1.673    1.756   -3.372   -2.334   -0.029   -1.919   -7.254    1.239
     2.371    0.319    1.552   -3.510    1.026   -0.330   -1.220   -2.605    1.258    1.209   -5.284   -0.758
    -3.805   -0.648   -1.294   -1.740   -1.055   -0.520    1.113    4.503   -1.315   -0.443    3.619   -2.870
     0.830   -0.339    0.001   -2.979    0.087   -3.448    2.994    4.731   -2.101   -4.489    4.662   -4.354
     0.608    0.397    2.317    1.930    1.206    0.284    1.078   -0.929    0.342    0.672   -0.973   -1.220
     1.605   -1.599   -0.435    0.105    0.636    0.861    1.236    1.183   -0.584    1.251   -0.586    0.606
    -0.513    2.156   -0.171   -3.161    3.205    3.455    3.015    2.830   -3.782   -0.429    1.003   -3.911
    -2.227   -2.730   -2.462   -0.404    2.272   -0.981    1.953    1.525   -1.568   -0.368   -1.881   -1.018
    -0.211    1.447    1.176   -0.022   -4.559   -0.802   -4.291    0.833   -0.130   -2.594   -0.433    3.042
    -3.171   -2.254    3.084    0.714   -1.903   -1.221    1.099   -0.156    4.022    3.651    3.992   -1.397
    -0.258    0.466    0.506   -3.636   -2.470

Sample autocorrelations and partial autocorrelations:
Order     Autcor         SE    Q-stats       DF P-values     Parcor         SE 
1         0.0898     0.0819     1.2252        0     1.00     0.0898     0.0819 
2        -0.0278     0.0826     1.3433        0     1.00    -0.0361     0.0819 
3         0.0516     0.0826     1.7530        1     0.19     0.0579     0.0819 
4        -0.0020     0.0829     1.7536        2     0.42    -0.0134     0.0819 
5        -0.0586     0.0829     2.2895        3     0.51    -0.0540     0.0819 
6         0.0058     0.0831     2.2948        4     0.68     0.0132     0.0819 
7        -0.0864     0.0831     3.4775        5     0.63    -0.0929     0.0819 
8         0.0439     0.0837     3.7848        6     0.71     0.0695     0.0819 
9         0.1070     0.0839     5.6231        7     0.58     0.0902     0.0819 
10       -0.0742     0.0848     6.5151        8     0.59    -0.0864     0.0819 
11       -0.1223     0.0852     8.9553        9     0.44    -0.1088     0.0819 
12        0.0281     0.0864     9.0853       10     0.52     0.0259     0.0819 
13        0.0481     0.0865     9.4685       11     0.58     0.0576     0.0819 
14        0.0481     0.0867     9.8540       12     0.63     0.0581     0.0819 
15        0.0380     0.0868    10.0963       13     0.69     0.0253     0.0819 
16       -0.0962     0.0869    11.6629       14     0.63    -0.1117     0.0819 
17        0.1373     0.0877    14.8766       15     0.46     0.1434     0.0819 
18        0.0017     0.0891    14.8771       16     0.53    -0.0521     0.0819 
19        0.0007     0.0891    14.8772       17     0.60     0.0665     0.0819 
20        0.0749     0.0891    15.8559       18     0.60     0.0854     0.0819 
21       -0.0018     0.0895    15.8565       19     0.67    -0.0579     0.0819 
22        0.1534     0.0895    20.0234       20     0.46     0.1820     0.0819 
_________
When DF is positive, P-values should be greater than 0.05
(at the 5 per cent level) for model adequacy

Residual diagnostics:             
Sample size         149 
                
Median             -0.2611 
Mean               -0.3003 
Std of mean         0.1943 
T-value of mean    -1.5454 

                           P-values 
Normality (BS)      1.5889     0.45 
Skewness            0.0584     0.77 
Kurtosis            3.4923     0.22 

                            P-value 
Durbin-Watson       1.8115     0.25 
                   
Standard error         2.4071 
Sigma square           5.7944 
Residual variance      5.6264 
Residual std. dev.     2.3720 

Approximate test of runs on residuals:               
Number of runs       73 
Number of (+)        75 
Number of (-)        74 
              
T-value            -0.4105 

Heteroscedasticity test:
         DF       stat  P-value 
H        50     0.7441     0.30 

Sample autocorrelations of squared residuals:
Order     Autcor         SE    Q-stats       DF P-values     Parcor         SE 
1        -0.0064     0.0819     0.0061        1     0.94    -0.0064     0.0819 
2         0.1080     0.0819     1.7905        2     0.41     0.1079     0.0819 
3        -0.0836     0.0829     2.8675        3     0.41    -0.0833     0.0819 
4        -0.0013     0.0834     2.8678        4     0.58    -0.0135     0.0819 
5        -0.0116     0.0834     2.8887        5     0.72     0.0066     0.0819 
6        -0.0049     0.0835     2.8924        6     0.82    -0.0104     0.0819 
7         0.0110     0.0835     2.9115        7     0.89     0.0105     0.0819 
8        -0.0339     0.0835     3.0946        8     0.93    -0.0333     0.0819 
9        -0.0400     0.0836     3.3521        9     0.95    -0.0445     0.0819 
10       -0.0726     0.0837     4.2050       10     0.94    -0.0648     0.0819 
11        0.2999     0.0841    18.8692       11     0.06     0.3116     0.0819 
12        0.0795     0.0910    19.9059       12     0.07     0.0927     0.0819 
13        0.0157     0.0915    19.9469       13     0.10    -0.0758     0.0819 
14       -0.1004     0.0915    21.6266       14     0.09    -0.0882     0.0819 
15       -0.0579     0.0922    22.1899       15     0.10    -0.0394     0.0819 
16       -0.0239     0.0925    22.2867       16     0.13     0.0019     0.0819 
17        0.0048     0.0925    22.2906       17     0.17     0.0148     0.0819 
18       -0.1380     0.0925    25.5629       18     0.11    -0.1794     0.0819 
19       -0.0448     0.0939    25.9108       19     0.13    -0.0665     0.0819 
20       -0.1108     0.0940    28.0528       20     0.11    -0.0445     0.0819 
21        0.0644     0.0949    28.7811       21     0.12     0.1455     0.0819 
22        0.0114     0.0952    28.8040       22     0.15    -0.0640     0.0819 
_________
When DF is positive, P-values should be greater than 0.05
(at the 5 per cent level) for model adequacy
Elapsed time:     0.19

