Series:r10 (starting year is 1970)
Number of observations:  146
    378.90   384.20   389.50   388.00   386.60   384.50
    379.80   375.20   368.50   362.70   358.60   358.20
    357.00   358.90   360.10   359.50   358.30   354.50
    351.50   348.80   348.60   349.50   349.90   345.10
    341.30   333.30   330.50   327.50   324.20   321.60
    322.20   319.30   316.00   315.60   315.70   314.70
    312.10   310.80   309.50   312.90   317.50   324.50
    326.30   326.70   325.50   325.20   321.00   316.10
    311.50   306.40   301.90   297.00   295.70   294.90
    296.90   296.60   295.10   288.30   283.80   279.30
    275.00   272.10   268.70   264.30   261.00   261.50
    266.70   270.20   269.60   266.00   259.20   255.00
    254.00   253.60   251.20   246.30   242.00   241.70
    241.00   239.30   238.30   238.60   236.90   234.80
    233.20   233.80   229.20   227.40   228.40   232.70
    237.30   234.90   232.50   227.00   225.60   220.40
    220.20   217.30   218.50   215.60   215.30   215.70
    217.80   216.10   215.80   215.60   214.20   210.30
    206.50   204.50   203.20   206.30   209.30   215.20
    212.60   209.10   205.40   205.80   206.00   203.90
    200.90   202.80   201.10   198.60   191.50   188.40
    185.00   184.70   182.50   181.10   181.80   179.30
    178.70   180.70   179.80   182.60   183.40   188.10
    189.10   187.10   183.00   178.00   176.50   169.00
    162.60   155.90


Identified model is: ( 0 , 1 , 2 )     with mean 

Initial parameter values:
      0.6343      0.4875

Arima Estimation (Levenberg-Marquardt):
Number of iterations:     2
Number of function evaluations:     7
Parameter     Estimate   Std. Error      T-ratio        Lag 
ma1             0.6725       0.0720       9.3397          1 
ma2             0.5602       0.0734       7.6275          1 

Residual standard error:     2.3011

Root          Real p.     Imag. p.      Modulus  Argument    Period 
rmaroot1      -0.3363       0.6687       0.7484   -1.1048   -5.6870 
rmaroot2      -0.3363      -0.6687       0.7484    1.1048    5.6870 


Correlations of the estimates:
Parameter          ma1          ma2 
ma1             1.0000       0.4621 
ma2             0.4621       1.0000 

Parameter     Estimate   Std. Error    T-ratio 
mean          -1.49998      0.42433      -3.53 


Correlations of the regression estimates:
Parameter         mean 
mean            1.0000 


Information criteria:    
AIC       1233.7336 
BIC       1242.6638 

Residuals:
     2.267   -3.975    0.662    0.202   -4.474   -1.035   -2.845   -2.635   -0.066    1.788   -1.693    2.709
     0.998   -2.117    0.336   -2.169   -1.058   -0.102    1.133    0.867   -0.146   -4.516   -0.010   -4.792
     1.100   -0.384   -2.987    0.295    2.746   -4.241   -1.315    3.531   -0.867   -1.724   -0.284    0.528
    -0.825    4.330    2.821    3.348   -1.361    0.111    0.159    0.202   -3.754   -1.817   -0.604   -3.005
    -1.470   -1.557    1.242   -0.092    2.037   -0.947   -1.333   -4.702    0.080   -1.249   -2.834    0.377
    -1.395   -3.002    0.171    2.738    3.934   -0.008   -2.127   -1.494   -3.933   -0.047    1.906   -0.984
    -2.134   -2.242   -0.925    2.249   -1.023   -1.601    1.321    0.980   -2.427   -0.345    0.663    1.019
    -4.985    1.653    3.352    1.791    2.189   -4.204   -0.128   -2.388    0.949   -3.829    2.515   -1.775
     1.656   -2.348    1.023    1.699    1.056   -2.690    1.589    0.910   -2.231   -2.238   -0.374    0.177
    -0.538    4.034    1.260    3.464   -4.964   -1.431    0.714    1.392   -0.465   -1.896   -0.793    4.167
    -3.387   -1.885   -3.264    0.822   -1.453    0.888   -1.312   -0.344    2.338   -3.208    0.919    3.850
    -3.333    3.556    0.947    2.743   -0.703   -2.392   -1.426   -2.030    1.335   -6.590   -2.045   -0.962

Sample autocorrelations and partial autocorrelations:
Order     Autcor         SE    Q-stats       DF P-values     Parcor         SE 
1        -0.0275     0.0833     0.1114        0     1.00    -0.0275     0.0833 
2         0.0276     0.0834     0.2243        0     1.00     0.0269     0.0833 
3        -0.0087     0.0835     0.2356        1     0.63    -0.0072     0.0833 
4         0.0583     0.0835     0.7462        2     0.69     0.0572     0.0833 
5        -0.0729     0.0837     1.5498        3     0.67    -0.0697     0.0833 
6        -0.0034     0.0842     1.5515        4     0.82    -0.0100     0.0833 
7        -0.0446     0.0842     1.8573        5     0.87    -0.0409     0.0833 
8         0.0189     0.0844     1.9128        6     0.93     0.0133     0.0833 
9         0.0080     0.0844     1.9227        7     0.96     0.0190     0.0833 
10       -0.0947     0.0844     3.3291        8     0.91    -0.1006     0.0833 
11        0.0538     0.0851     3.7873        9     0.92     0.0540     0.0833 
12        0.1091     0.0854     5.6835       10     0.84     0.1107     0.0833 
13        0.0228     0.0863     5.7671       11     0.89     0.0247     0.0833 
14       -0.0488     0.0864     6.1530       12     0.91    -0.0440     0.0833 
15        0.0500     0.0866     6.5609       13     0.92     0.0299     0.0833 
16       -0.0170     0.0868     6.6081       14     0.95    -0.0165     0.0833 
17        0.1210     0.0868     9.0317       15     0.88     0.1273     0.0833 
18       -0.1806     0.0879    14.4736       16     0.56    -0.1673     0.0833 
19        0.1120     0.0905    16.5850       17     0.48     0.1075     0.0833 
20       -0.0050     0.0914    16.5891       18     0.55     0.0001     0.0833 
21        0.0765     0.0914    17.5883       19     0.55     0.0672     0.0833 
_________
When DF is positive, P-values should be greater than 0.05
(at the 5 per cent level) for model adequacy

Residual diagnostics:             
Sample size         144 
                
Median             -0.3594 
Mean               -0.4336 
Std of mean         0.1870 
T-value of mean    -2.3191 

                           P-values 
Normality (BS)      1.0641     0.59 
Skewness           -0.0682     0.74 
Kurtosis            2.6016     0.33 

                            P-value 
Durbin-Watson       2.0470     0.78 
                   
Standard error         2.3011 
Sigma square           5.2953 
Residual variance      5.0337 
Residual std. dev.     2.2436 

Approximate test of runs on residuals:               
Number of runs       76 
Number of (+)        72 
Number of (-)        72 
              
T-value             0.5018 

Heteroscedasticity test:
         DF       stat  P-value 
H        48     1.0932     0.76 

Sample autocorrelations of squared residuals:
Order     Autcor         SE    Q-stats       DF P-values     Parcor         SE 
1        -0.1413     0.0833     2.9370        1     0.09    -0.1413     0.0833 
2         0.0148     0.0850     2.9696        2     0.23    -0.0053     0.0833 
3         0.0079     0.0850     2.9789        3     0.39     0.0095     0.0833 
4        -0.1393     0.0850     5.8922        4     0.21    -0.1396     0.0833 
5        -0.0697     0.0866     6.6266        5     0.25    -0.1133     0.0833 
6        -0.0532     0.0870     7.0584        6     0.32    -0.0828     0.0833 
7        -0.0464     0.0872     7.3888        7     0.39    -0.0709     0.0833 
8         0.1592     0.0874    11.3087        8     0.18     0.1267     0.0833 
9         0.0291     0.0894    11.4403        9     0.25     0.0503     0.0833 
10        0.0912     0.0894    12.7439       10     0.24     0.0823     0.0833 
11       -0.0382     0.0901    12.9743       11     0.30    -0.0395     0.0833 
12       -0.0802     0.0902    13.9976       12     0.30    -0.0730     0.0833 
13       -0.0733     0.0907    14.8601       13     0.32    -0.0739     0.0833 
14       -0.1011     0.0911    16.5145       14     0.28    -0.0867     0.0833 
15       -0.1236     0.0919    19.0034       15     0.21    -0.1442     0.0833 
16        0.0754     0.0930    19.9368       16     0.22    -0.0032     0.0833 
17       -0.0131     0.0934    19.9651       17     0.28    -0.0483     0.0833 
18       -0.0091     0.0934    19.9788       18     0.33    -0.1033     0.0833 
19        0.0039     0.0934    19.9815       19     0.40    -0.0896     0.0833 
20        0.0383     0.0934    20.2299       20     0.44     0.0060     0.0833 
21        0.0277     0.0936    20.3612       21     0.50     0.0484     0.0833 
_________
When DF is positive, P-values should be greater than 0.05
(at the 5 per cent level) for model adequacy
Elapsed time:     0.12

