Series:r2 (starting year is 1970)
Number of observations:  162
     60.60    51.30    48.70    51.30    56.80    56.60
     53.40    51.80    50.00    44.00    46.60    54.90
     60.70    63.60    57.90    53.50    50.70    49.50
     48.80    52.70    57.50    54.30    51.70    47.60
     47.70    49.90    52.10    54.10    55.30    56.90
     61.50    60.20    56.40    56.70    52.90    52.20
     52.70    54.20    52.60    52.80    50.40    54.00
     61.40    61.30    53.80    54.00    49.80    50.00
     53.00    58.40    62.50    62.70    59.30    55.90
     52.00    51.10    53.10    54.30    54.30    56.20
     55.10    53.90    53.70    54.70    56.40    58.10
     58.90    57.00    56.00    54.10    53.70    53.50
     56.30    57.30    53.70    55.00    59.20    62.90
     64.60    57.30    50.70    49.00    46.70    47.00
     48.60    50.30    53.10    58.10    59.00    59.80
     59.40    55.30    52.00    49.20    49.00    51.60
     56.40    60.20    60.20    53.10    48.30    43.80
     46.90    52.80    55.40    56.70    59.60    56.00
     50.80    52.30    55.30    55.20    53.90    54.60
     54.90    59.00    63.50    66.50    61.50    54.60
     50.30    50.00    48.60    48.40    50.80    51.80
     52.20    52.10    54.90    57.00    59.60    58.40
     54.50    47.00    45.30    48.00    50.50    54.40
     56.30    54.00    52.50    55.70    62.30    63.70
     58.00    50.60    43.80    44.10    51.70    58.40
     58.90    54.50    50.90    52.70    54.40    54.30
     55.50    57.50    55.60    53.00    52.90    55.40


Identified model is: ( 2 , 0 , 0 )     with mean 

Initial parameter values:
     -1.2025      0.6863

Arima Estimation (Levenberg-Marquardt):
Number of iterations:     2
Number of function evaluations:     7
Parameter     Estimate   Std. Error      T-ratio        Lag 
phi1           -1.2166       0.0575     -21.1749          1 
phi2            0.7103       0.0570      12.4597          1 

Residual standard error:     2.2827

Root          Real p.     Imag. p.      Modulus  Argument    Period 
rarroot1       0.6083       0.5834       0.8428    0.7645    8.2188 
rarroot2       0.6083      -0.5834       0.8428   -0.7645   -8.2188 


Correlations of the estimates:
Parameter         phi1         phi2 
phi1            1.0000      -0.7111 
phi2           -0.7111       1.0000 

Parameter     Estimate   Std. Error    T-ratio 
mean          54.36029      0.36416     149.27 


Correlations of the regression estimates:
Parameter         mean 
mean            1.0000 


Information criteria:    
AIC       1394.4231 
BIC       1403.6859 

Residuals:
    -5.371    2.269    1.427    1.917   -3.127   -2.177   -0.027   -2.153   -7.100    1.521    2.396   -0.054
     1.685   -3.423    1.171   -0.325   -1.244   -2.473    1.426    0.985   -5.285   -0.582   -3.792   -0.551
    -1.385   -1.790   -0.904   -0.574    0.986    4.492   -1.268   -0.219    3.781   -3.083    1.053   -0.295
     0.100   -2.970    0.242   -3.538    3.124    4.440   -2.106   -4.228    5.025   -4.745    0.706    0.480
     2.372    2.034    1.081    0.350    1.229   -0.950    0.479    0.804   -1.068   -1.108    1.645   -1.767
    -0.279    0.200    0.591    0.932    1.274    1.214   -0.452    1.428   -0.605    0.596   -0.467    2.292
    -0.256   -3.084    3.306    3.367    2.881    3.063   -3.677   -0.189    0.955   -3.965   -2.074   -2.473
    -2.506   -0.638    2.164   -1.030    2.226    1.492   -1.553   -0.149   -1.847   -0.984   -0.130    1.365
     1.172   -0.041   -4.442   -0.605   -4.308    0.857   -0.211   -2.587   -0.259    2.906   -3.298   -2.059
     3.210    0.692   -1.992   -1.040    1.171   -0.304    3.928    3.653    4.091   -1.362   -0.049    0.494
     0.524   -3.565   -2.275   -0.626   -2.688   -1.800   -1.676    1.530    0.152    2.186   -0.685   -1.278
    -4.886   -0.232   -0.791   -2.784   -0.007   -1.076   -2.917   -0.270    3.122    4.763    0.407   -2.308
    -1.780   -3.626   -0.309    2.096   -0.237   -2.490   -2.739   -0.631    2.423   -0.624   -1.513    1.016
     1.485   -1.996   -0.864    0.850    1.625

Sample autocorrelations and partial autocorrelations:
Order     Autcor         SE    Q-stats       DF P-values     Parcor         SE 
1         0.0505     0.0788     0.4188        0     1.00     0.0505     0.0788 
2        -0.0571     0.0790     0.9573        0     1.00    -0.0598     0.0788 
3         0.0493     0.0793     1.3609        1     0.24     0.0557     0.0788 
4         0.0091     0.0795     1.3747        2     0.50    -0.0001     0.0788 
5        -0.0947     0.0795     2.8825        3     0.41    -0.0897     0.0788 
6         0.0264     0.0802     3.0002        4     0.56     0.0352     0.0788 
7        -0.0745     0.0802     3.9469        5     0.56    -0.0911     0.0788 
8         0.0406     0.0806     4.2295        6     0.65     0.0650     0.0788 
9        -0.0222     0.0808     4.3143        7     0.74    -0.0419     0.0788 
10       -0.1030     0.0808     6.1571        8     0.63    -0.0965     0.0788 
11        0.0574     0.0816     6.7336        9     0.66     0.0730     0.0788 
12        0.0926     0.0819     8.2445       10     0.60     0.0574     0.0788 
13        0.0926     0.0825     9.7657       11     0.55     0.1225     0.0788 
14        0.0569     0.0832    10.3431       12     0.59     0.0346     0.0788 
15        0.0100     0.0834    10.3610       13     0.66    -0.0023     0.0788 
16       -0.1203     0.0834    12.9803       14     0.53    -0.1207     0.0788 
17        0.0508     0.0845    13.4509       15     0.57     0.0574     0.0788 
18       -0.0459     0.0847    13.8378       16     0.61    -0.0363     0.0788 
19        0.0503     0.0848    14.3049       17     0.65     0.0829     0.0788 
20        0.0761     0.0850    15.3827       18     0.64     0.0665     0.0788 
21       -0.0563     0.0854    15.9773       19     0.66    -0.0747     0.0788 
22        0.0849     0.0857    17.3376       20     0.63     0.1447     0.0788 
23        0.0118     0.0862    17.3643       21     0.69    -0.0502     0.0788 
24       -0.1300     0.0862    20.6029       22     0.55    -0.0885     0.0788 
_________
When DF is positive, P-values should be greater than 0.05
(at the 5 per cent level) for model adequacy

Residual diagnostics:             
Sample size         161 
                
Median             -0.2565 
Mean               -0.2631 
Std of mean         0.1776 
T-value of mean    -1.4814 

                           P-values 
Normality (BS)      0.4182     0.81 
Skewness           -0.1194     0.54 
Kurtosis            2.9273     0.85 

                            P-value 
Durbin-Watson       1.8609     0.38 
                   
Standard error         2.2827 
Sigma square           5.2107 
Residual variance      5.0767 
Residual std. dev.     2.2532 

Approximate test of runs on residuals:               
Number of runs       78 
Number of (+)        81 
Number of (-)        80 
              
T-value            -0.5529 

Heteroscedasticity test:
         DF       stat  P-value 
H        54     0.6513     0.12 

Sample autocorrelations of squared residuals:
Order     Autcor         SE    Q-stats       DF P-values     Parcor         SE 
1         0.0366     0.0788     0.2203        1     0.64     0.0366     0.0788 
2         0.0497     0.0789     0.6286        2     0.73     0.0485     0.0788 
3         0.0344     0.0791     0.8256        3     0.84     0.0310     0.0788 
4         0.0381     0.0792     1.0681        4     0.90     0.0336     0.0788 
5         0.0228     0.0793     1.1552        5     0.95     0.0173     0.0788 
6        -0.0890     0.0794     2.4965        6     0.87    -0.0953     0.0788 
7        -0.0311     0.0800     2.6610        7     0.91    -0.0297     0.0788 
8         0.1420     0.0801     6.1175        8     0.63     0.1525     0.0788 
9         0.0259     0.0816     6.2330        9     0.72     0.0247     0.0788 
10       -0.0489     0.0817     6.6488       10     0.76    -0.0611     0.0788 
11       -0.0786     0.0818     7.7299       11     0.74    -0.0854     0.0788 
12        0.1153     0.0823    10.0707       12     0.61     0.1135     0.0788 
13       -0.1009     0.0833    11.8772       13     0.54    -0.1134     0.0788 
14       -0.0659     0.0841    12.6524       14     0.55    -0.0417     0.0788 
15       -0.0943     0.0844    14.2521       15     0.51    -0.0668     0.0788 
16        0.0191     0.0850    14.3184       16     0.58     0.0104     0.0788 
17       -0.0254     0.0851    14.4362       17     0.64    -0.0424     0.0788 
18       -0.1326     0.0851    17.6610       18     0.48    -0.0967     0.0788 
19       -0.0607     0.0864    18.3425       19     0.50    -0.0301     0.0788 
20       -0.0242     0.0866    18.4516       20     0.56    -0.0531     0.0788 
21        0.0157     0.0867    18.4979       21     0.62     0.0331     0.0788 
22       -0.0430     0.0867    18.8470       22     0.65    -0.0121     0.0788 
23       -0.0621     0.0868    19.5814       23     0.67    -0.0280     0.0788 
24        0.0953     0.0871    21.3201       24     0.62     0.0508     0.0788 
_________
When DF is positive, P-values should be greater than 0.05
(at the 5 per cent level) for model adequacy
Elapsed time:     0.14

