Series:r3 (starting year is 1970)
Number of observations:  147
     36.50    36.40    41.00    49.10    46.00    44.50
     46.80    50.50    52.20    54.60    51.90    52.70
     54.90    54.10    49.30    55.70    58.50    58.80
     61.70    58.90    63.00    63.30    63.50    62.90
     66.90    68.60    64.00    67.40    65.20    67.70
     68.00    68.20    69.40    70.70    73.30    78.60
     76.40    78.20    83.30    79.70    83.50    84.00
     85.50    83.90    86.80    84.60    90.60    94.90
     91.90    90.10    98.40    92.50    96.80    98.20
    101.80   103.80   105.40   106.50   108.70   108.50
    110.70   112.50   112.50   113.10   116.70   115.50
    117.30   118.90   120.80   122.60   124.80   126.80
    127.00   129.90   129.90   132.10   132.60   136.40
    136.40   134.80   140.90   143.80   146.50   149.40
    145.60   148.40   150.70   147.60   148.80   148.60
    148.60   150.60   154.40   153.70   157.60   159.40
    158.40   160.20   159.80   161.00   162.60   165.50
    167.20   168.00   164.80   167.70   164.90   169.20
    169.90   168.80   171.10   175.50   172.00   172.90
    178.40   178.70   177.80   179.00   182.00   182.40
    187.90   190.90   194.50   192.50   194.30   196.20
    197.70   195.20   195.90   197.70   196.70   197.50
    198.00   201.70   202.50   205.80   205.50   205.80
    202.80   206.20   206.80   205.80   208.40   208.70
    207.70   210.10   214.70


Identified model is: ( 0 , 1 , 1 )     with mean 

Initial parameter values:
     -0.4631

Arima Estimation (Levenberg-Marquardt):
Number of iterations:     1
Number of function evaluations:     3
Parameter     Estimate   Std. Error      T-ratio        Lag 
ma1            -0.4678       0.0794      -5.8891          1 

Residual standard error:     2.3433

Root          Real p.     Imag. p.      Modulus  Argument    Period 
rmaroot1       0.4678       0.0000       0.4678    0.0000       Inf 


Correlations of the estimates:
Parameter          ma1 
ma1             1.0000 

Parameter     Estimate   Std. Error    T-ratio 
mean           1.20561      0.10383      11.61 


Correlations of the regression estimates:
Parameter         mean 
mean            1.0000 


Information criteria:    
AIC       1246.8234 
BIC       1252.7906 

Residuals:
     2.906    8.244   -0.414   -2.848   -0.187    2.457    1.694    2.037   -2.902   -1.713    0.243   -1.841
    -6.817    2.056    2.606    0.364    1.915   -3.059    1.514   -0.147   -1.024   -2.234    1.799    1.387
    -5.107   -0.144   -3.423   -0.257   -0.975   -1.411   -0.616   -0.143    1.378    4.789   -1.115    0.123
     4.002   -2.883    1.296   -0.049    0.322   -2.605    0.526   -3.109    3.390    4.731   -1.942   -3.864
     5.337   -4.558    1.012    0.718    2.781    2.146    1.449    0.622    1.336   -0.730    0.703    0.974
    -0.700   -0.883    2.032   -1.405   -0.012    0.439    0.950    1.089    1.554    1.572   -0.220    1.642
    -0.387    0.864   -0.251    2.527    0.027   -2.743    3.662    3.458    3.162    3.224   -3.447    0.032
     1.160   -3.713   -1.692   -2.147   -2.160   -0.166    2.567   -0.654    2.439    1.786   -1.320    0.027
    -1.542   -0.677    0.128    1.805    1.389    0.295   -4.217   -0.228   -4.062    1.244    0.127   -2.196
     0.117    3.300   -3.112   -1.711    3.544    0.803   -1.680   -0.741    1.498   -0.054    4.319    3.865
     4.253   -1.165    0.100    0.791    0.715   -3.321   -2.009   -0.295   -2.293   -1.428   -1.323    1.926
     0.546    2.400   -0.332   -1.011   -4.628    0.080   -0.518   -2.398    0.323   -0.704   -2.485    0.082
     3.483

Sample autocorrelations and partial autocorrelations:
Order     Autcor         SE    Q-stats       DF P-values     Parcor         SE 
1         0.0317     0.0830     0.1486        0     1.00     0.0317     0.0830 
2        -0.0671     0.0831     0.8203        1     0.37    -0.0682     0.0830 
3         0.0771     0.0835     1.7122        2     0.42     0.0820     0.0830 
4         0.0059     0.0840     1.7174        3     0.63    -0.0046     0.0830 
5        -0.1080     0.0840     3.4944        4     0.48    -0.0983     0.0830 
6         0.0434     0.0849     3.7835        5     0.58     0.0463     0.0830 
7        -0.1321     0.0851     6.4778        6     0.37    -0.1533     0.0830 
8        -0.0443     0.0865     6.7832        7     0.45    -0.0100     0.0830 
9         0.0596     0.0867     7.3399        8     0.50     0.0383     0.0830 
10       -0.0840     0.0869     8.4536        9     0.49    -0.0887     0.0830 
11       -0.0637     0.0875     9.0990       10     0.52    -0.0327     0.0830 
12        0.0552     0.0878     9.5877       11     0.57     0.0096     0.0830 
13        0.0668     0.0881    10.3088       12     0.59     0.0767     0.0830 
14        0.0604     0.0884    10.9018       13     0.62     0.0653     0.0830 
15        0.0308     0.0887    11.0569       14     0.68    -0.0000     0.0830 
16       -0.1334     0.0888    13.9966       15     0.53    -0.1346     0.0830 
17        0.0693     0.0901    14.7964       16     0.54     0.0702     0.0830 
18       -0.0466     0.0905    15.1613       17     0.58    -0.0896     0.0830 
19        0.0040     0.0907    15.1639       18     0.65     0.0653     0.0830 
20        0.0192     0.0907    15.2266       19     0.71     0.0199     0.0830 
21       -0.0340     0.0907    15.4249       20     0.75    -0.0563     0.0830 
22        0.0733     0.0908    16.3553       21     0.75     0.1269     0.0830 
_________
When DF is positive, P-values should be greater than 0.05
(at the 5 per cent level) for model adequacy

Residual diagnostics:             
Sample size         145 
                
Median              0.0796 
Mean                0.1108 
Std of mean         0.1937 
T-value of mean     0.5719 

                           P-values 
Normality (BS)      1.8771     0.39 
Skewness            0.0862     0.67 
Kurtosis            3.5301     0.19 

                            P-value 
Durbin-Watson       1.9106     0.59 
                   
Standard error         2.3433 
Sigma square           5.4910 
Residual variance      5.4408 
Residual std. dev.     2.3326 

Approximate test of runs on residuals:               
Number of runs       69 
Number of (+)        73 
Number of (-)        72 
              
T-value            -0.7495 

Heteroscedasticity test:
         DF       stat  P-value 
H        48     0.6244     0.11 

Sample autocorrelations of squared residuals:
Order     Autcor         SE    Q-stats       DF P-values     Parcor         SE 
1         0.0407     0.0830     0.2448        1     0.62     0.0407     0.0830 
2         0.0591     0.0832     0.7650        2     0.68     0.0575     0.0830 
3        -0.0006     0.0835     0.7650        3     0.86    -0.0053     0.0830 
4         0.0115     0.0835     0.7849        4     0.94     0.0083     0.0830 
5        -0.0073     0.0835     0.7930        5     0.98    -0.0077     0.0830 
6        -0.0733     0.0835     1.6158        6     0.95    -0.0742     0.0830 
7         0.0028     0.0839     1.6170        7     0.98     0.0095     0.0830 
8        -0.0126     0.0839     1.6416        8     0.99    -0.0047     0.0830 
9        -0.0272     0.0839     1.7578        9     0.99    -0.0279     0.0830 
10       -0.0482     0.0840     2.1243       10     1.00    -0.0438     0.0830 
11        0.2112     0.0842     9.2208       11     0.60     0.2197     0.0830 
12        0.1072     0.0878    11.0622       12     0.52     0.0948     0.0830 
13       -0.0755     0.0887    11.9816       13     0.53    -0.1160     0.0830 
14       -0.0641     0.0891    12.6499       14     0.55    -0.0763     0.0830 
15       -0.0625     0.0894    13.2910       15     0.58    -0.0555     0.0830 
16        0.0421     0.0897    13.5839       16     0.63     0.0530     0.0830 
17       -0.0618     0.0899    14.2189       17     0.65    -0.0240     0.0830 
18       -0.1211     0.0902    16.6808       18     0.55    -0.1253     0.0830 
19       -0.0579     0.0913    17.2488       19     0.57    -0.0642     0.0830 
20       -0.0893     0.0915    18.6080       20     0.55    -0.0665     0.0830 
21        0.0334     0.0921    18.7993       21     0.60     0.0823     0.0830 
22       -0.0961     0.0922    20.3998       22     0.56    -0.1335     0.0830 
_________
When DF is positive, P-values should be greater than 0.05
(at the 5 per cent level) for model adequacy
Elapsed time:     0.17

