Series:r4
Number of observations:  161
 Year         I       II      III       IV        V       VI
 1970     45.90    45.40    42.80    34.40    31.90    36.60
 1971     39.20    41.40    40.30    43.10    43.20    41.20
 1972     38.40    38.30    41.90    37.10    34.50    31.30
 1973     30.20    28.30    25.90    26.60    26.20    29.00
 1974     34.80    36.80    37.20    41.70    41.20    40.70
 1975     39.50    40.40    38.00    35.60    33.90    35.20
 1976     41.80    42.40    38.90    42.10    41.70    39.20
 1977     38.50    42.50    47.90    48.60    52.00    53.50
 1978     53.50    52.90    53.40    52.80    51.40    52.50
 1979     52.40    51.50    51.70    53.30    55.40    56.90
 1980     60.00    60.80    62.30    62.60    63.10    62.80
 1981     64.70    66.30    63.00    65.50    70.60    76.00
 1982     80.10    78.60    78.30    78.10    73.60    68.80
 1983     64.40    62.40    61.10    63.10    65.30    68.30
 1984     72.50    73.20    72.90    70.50    69.40    68.20
 1985     69.30    72.30    73.50    70.30    68.30    64.10
 1986     62.50    62.60    60.40    61.10    64.70    65.10
 1987     61.50    64.20    67.80    66.80    64.10    66.40
 1988     68.00    71.00    76.90    84.10    85.90    85.20
 1989     86.20    85.70    81.30    75.90    75.00    72.50
 1990     69.60    67.30    69.80    72.20    75.20    77.20
 1991     76.80    72.40    69.40    68.70    65.10    64.40
 1992     64.20    63.20    62.10    65.80    73.70    77.10
 1993     76.00    74.60    70.60    67.50    67.90    68.90
 1994     67.80    65.10    65.00    67.60    67.90    66.50
 1995     68.20    71.70    71.30    68.90    70.00    73.10
 1996     69.10    67.30    72.90    78.60    82.30


Identified model is: ( 0 , 1 , 1 )( 1 , 0 , 0 )_ 6

Initial parameter values:
      0.3273      0.5314

Arima Estimation (Levenberg-Marquardt):
Number of iterations:     2
Number of function evaluations:     7
Parameter     Estimate   Std. Error      T-ratio        Lag 
phi6            0.3360       0.0803       4.1872          6 
ma1             0.5473       0.0640       8.5514          1 

Residual standard error:     2.3187

Root          Real p.     Imag. p.      Modulus  Argument    Period 
sarroot1      -0.3360       0.0000       0.3360   -0.0000       Inf 
rmaroot1      -0.5473       0.0000       0.5473   -0.0000       Inf 


Correlations of the estimates:
Parameter         phi6          ma1 
phi6            1.0000      -0.1162 
ma1            -0.1162       1.0000 


Information criteria:    
AIC       1378.2955 
BIC       1384.4458 

Residuals:
    -0.413   -2.177   -6.695    1.271    3.730    0.261    1.870   -2.971    1.595   -1.611    0.461   -2.178
     1.832    2.228   -5.078    0.213   -3.989    0.142   -2.011   -0.089   -0.864   -0.801    2.163    4.247
    -0.963    0.120    4.669   -3.190    2.187   -0.448    1.817   -3.260    0.897   -2.359    2.423    4.871
    -1.763   -3.341    4.222   -3.282   -0.267    1.664    3.291    2.423    0.449    3.020   -0.993    0.308
     0.575    2.000   -1.459    0.541    1.308   -0.816   -0.655    0.727    1.001    1.082    1.278    2.367
    -0.798    2.004   -0.259    1.348   -0.533    3.234    0.099   -2.850    4.161    2.991    3.662    2.734
    -2.459   -0.063    0.675   -3.155   -1.258   -2.334   -1.227   -0.729    2.332   -0.589    1.709    1.786
    -0.950   -0.217   -1.609    0.520   -0.476    2.772    1.718    0.159   -4.093   -0.129   -4.533    1.250
     0.424   -2.029    0.735    2.526   -2.394   -2.828    4.281    0.518   -1.048   -0.917    2.936   -1.217
     4.573    4.607    4.343   -1.484    0.885    1.053   -0.068   -2.380   -1.678    0.623   -3.076   -0.880
    -1.986    2.109   -0.569    3.009   -0.487   -1.108   -4.566    0.339   -0.079   -2.549    1.367   -1.083
    -1.886   -1.076    4.054    4.472    0.717   -1.560   -0.882   -3.887    0.271    2.907    0.552   -1.772
    -2.201   -0.240    1.689   -0.490   -0.796    1.766    1.626   -1.324   -0.802    1.640    1.732   -4.377
     1.772    4.496    2.433    2.738

Sample autocorrelations and partial autocorrelations:
Order     Autcor         SE    Q-stats       DF P-values     Parcor         SE 
1         0.0111     0.0791     0.0201        0     1.00     0.0111     0.0791 
2        -0.0198     0.0791     0.0842        0     1.00    -0.0199     0.0791 
3        -0.0080     0.0791     0.0947        1     0.76    -0.0075     0.0791 
4         0.0425     0.0791     0.3949        2     0.82     0.0423     0.0791 
5        -0.1290     0.0792     3.1768        3     0.37    -0.1306     0.0791 
6         0.0152     0.0805     3.2159        4     0.52     0.0209     0.0791 
7         0.0963     0.0806     4.7886        5     0.44     0.0932     0.0791 
8        -0.0802     0.0813     5.8857        6     0.44    -0.0898     0.0791 
9        -0.0266     0.0818     6.0069        7     0.54    -0.0088     0.0791 
10       -0.0669     0.0818     6.7812        8     0.56    -0.0866     0.0791 
11        0.0440     0.0822     7.1179        9     0.62     0.0421     0.0791 
12       -0.0102     0.0823     7.1360       10     0.71     0.0183     0.0791 
13        0.1373     0.0823    10.4603       11     0.49     0.1167     0.0791 
14       -0.0502     0.0837    10.9072       12     0.54    -0.0623     0.0791 
15        0.0452     0.0839    11.2731       13     0.59     0.0470     0.0791 
16       -0.1197     0.0841    13.8530       14     0.46    -0.1195     0.0791 
17        0.0346     0.0851    14.0696       15     0.52     0.0474     0.0791 
18       -0.0419     0.0852    14.3899       16     0.57    -0.0357     0.0791 
19        0.1179     0.0854    16.9434       17     0.46     0.1146     0.0791 
20       -0.0406     0.0864    17.2485       18     0.51    -0.0656     0.0791 
21       -0.0296     0.0865    17.4123       19     0.56    -0.0122     0.0791 
22        0.0948     0.0866    19.0990       20     0.52     0.0968     0.0791 
23        0.0272     0.0872    19.2389       21     0.57     0.0539     0.0791 
24       -0.0712     0.0873    20.2054       22     0.57    -0.0924     0.0791 
_________
When DF is positive, P-values should be greater than 0.05
(at the 5 per cent level) for model adequacy

Pierce Qs:
Order    Qs-stat      DF  P-value 
1         0.0391       0     1.00 
2         0.0571       1     0.81 
3         0.3775       2     0.83 
4         1.3440       3     0.72 


Stable seasonality F-test based on residuals:
        DFn     DFd       stat  P-value 
F         5     155     0.2220     0.09 


Residual diagnostics:             
Sample size         160 
                
Median              0.1506 
Mean                0.1871 
Std of mean         0.1816 
T-value of mean     1.0307 

                           P-values 
Normality (BS)      0.7551     0.69 
Skewness           -0.1048     0.59 
Kurtosis            2.7367     0.50 

                            P-value 
Durbin-Watson       1.9688     0.84 
                   
Standard error         2.3187 
Sigma square           5.3765 
Residual variance      5.2743 
Residual std. dev.     2.2966 

Approximate test of runs on residuals:               
Number of runs       84 
Number of (+)        80 
Number of (-)        80 
              
T-value             0.4758 

Heteroscedasticity test:
         DF       stat  P-value 
H        53     0.8529     0.56 

Sample autocorrelations of squared residuals:
Order     Autcor         SE    Q-stats       DF P-values     Parcor         SE 
1         0.0003     0.0791     0.0000        1     1.00     0.0003     0.0791 
2         0.1176     0.0791     2.2699        2     0.32     0.1176     0.0791 
3         0.0072     0.0801     2.2784        3     0.52     0.0072     0.0791 
4        -0.0369     0.0801     2.5051        4     0.64    -0.0515     0.0791 
5        -0.0130     0.0803     2.5334        5     0.77    -0.0150     0.0791 
6        -0.1161     0.0803     4.8024        6     0.57    -0.1073     0.0791 
7         0.0217     0.0813     4.8819        7     0.67     0.0261     0.0791 
8         0.0516     0.0813     5.3356        8     0.72     0.0791     0.0791 
9         0.0279     0.0816     5.4688        9     0.79     0.0240     0.0791 
10       -0.0155     0.0816     5.5100       10     0.85    -0.0418     0.0791 
11       -0.0968     0.0816     7.1388       11     0.79    -0.1108     0.0791 
12        0.1596     0.0823    11.5980       12     0.48     0.1650     0.0791 
13       -0.1470     0.0843    15.4088       13     0.28    -0.1199     0.0791 
14       -0.0047     0.0858    15.4127       14     0.35    -0.0275     0.0791 
15       -0.0856     0.0858    16.7228       15     0.34    -0.0669     0.0791 
16        0.0284     0.0864    16.8684       16     0.39     0.0384     0.0791 
17       -0.0698     0.0864    17.7503       17     0.40    -0.0887     0.0791 
18       -0.1072     0.0868    19.8474       18     0.34    -0.0805     0.0791 
19       -0.0317     0.0876    20.0323       19     0.39    -0.0400     0.0791 
20       -0.0701     0.0877    20.9422       20     0.40    -0.0673     0.0791 
21        0.0423     0.0880    21.2765       21     0.44     0.0419     0.0791 
22       -0.0547     0.0882    21.8394       22     0.47    -0.0367     0.0791 
23       -0.0649     0.0884    22.6369       23     0.48    -0.0691     0.0791 
24        0.1648     0.0887    27.8157       24     0.27     0.1090     0.0791 
_________
When DF is positive, P-values should be greater than 0.05
(at the 5 per cent level) for model adequacy
Elapsed time:     0.25

