Series:r5 (starting year is 1970)
Number of observations:  155
    187.50   186.70   184.70   182.70   181.90   181.10
    180.50   179.60   178.50   177.70   176.70   175.30
    174.10   173.50   171.90   170.00   167.80   165.40
    163.00   160.40   157.70   155.10   152.70   151.30
    149.90   148.10   147.10   145.90   144.40   143.30
    142.10   140.50   138.80   136.90   135.20   134.90
    134.30   132.60   131.70   130.70   129.20   128.20
    127.60   127.60   127.80   128.10   128.50   128.80
    129.20   129.80   130.30   130.60   131.20   131.80
    132.20   132.80   133.50   134.60   135.80   137.40
    139.00   140.70   142.50   144.30   146.20   148.40
    150.90   152.70   154.90   158.20   162.00   166.40
    170.10   173.40   177.20   180.40   183.00   185.40
    187.50   189.60   192.20   195.00   198.00   201.50
    204.70   207.70   210.60   213.30   216.00   219.20
    222.70   226.30   229.10   231.50   233.60   235.60
    238.10   240.10   242.00   244.70   247.10   248.70
    251.10   254.00   256.40   258.50   261.00   263.70
    266.90   271.10   276.10   280.80   285.10   289.70
    294.50   298.70   302.30   306.00   309.40   312.50
    315.50   318.80   322.50   326.50   330.60   334.30
    337.20   339.90   342.80   345.40   347.90   350.50
    352.70   354.70   357.50   361.40   365.60   369.00
    372.10   374.60   377.00   380.10   383.40   386.20
    388.40   390.70   393.50   396.50   399.10   401.90
    405.20   408.20   410.90   413.90   417.40

Logs of the series:
Number of observations:  155
      5.23     5.23     5.22     5.21     5.20     5.20
      5.20     5.19     5.18     5.18     5.17     5.17
      5.16     5.16     5.15     5.14     5.12     5.11
      5.09     5.08     5.06     5.04     5.03     5.02
      5.01     5.00     4.99     4.98     4.97     4.96
      4.96     4.95     4.93     4.92     4.91     4.90
      4.90     4.89     4.88     4.87     4.86     4.85
      4.85     4.85     4.85     4.85     4.86     4.86
      4.86     4.87     4.87     4.87     4.88     4.88
      4.88     4.89     4.89     4.90     4.91     4.92
      4.93     4.95     4.96     4.97     4.98     5.00
      5.02     5.03     5.04     5.06     5.09     5.11
      5.14     5.16     5.18     5.20     5.21     5.22
      5.23     5.24     5.26     5.27     5.29     5.31
      5.32     5.34     5.35     5.36     5.38     5.39
      5.41     5.42     5.43     5.44     5.45     5.46
      5.47     5.48     5.49     5.50     5.51     5.52
      5.53     5.54     5.55     5.55     5.56     5.57
      5.59     5.60     5.62     5.64     5.65     5.67
      5.69     5.70     5.71     5.72     5.73     5.74
      5.75     5.76     5.78     5.79     5.80     5.81
      5.82     5.83     5.84     5.84     5.85     5.86
      5.87     5.87     5.88     5.89     5.90     5.91
      5.92     5.93     5.93     5.94     5.95     5.96
      5.96     5.97     5.98     5.98     5.99     6.00
      6.00     6.01     6.02     6.03     6.03


Identified model is: ( 0 , 2 , 2 )  in logs

Initial parameter values:
      0.2642     -0.4843

Arima Estimation (Levenberg-Marquardt):
Number of iterations:     1
Number of function evaluations:     4
Parameter     Estimate   Std. Error      T-ratio        Lag 
ma1             0.2710       0.0696       3.8932          1 
ma2            -0.4763       0.0683      -6.9754          1 

Residual standard error:     0.0022

Root          Real p.     Imag. p.      Modulus  Argument    Period 
rmaroot1      -0.8388       0.0000       0.8388   -0.0000       Inf 
rmaroot2       0.5678       0.0000       0.5678    0.0000       Inf 


Correlations of the estimates:
Parameter          ma1          ma2 
ma1             1.0000       0.4425 
ma2             0.4425       1.0000 


Information criteria:    
AIC       -815.9051 
BIC       -809.8442 

Residuals:
    -0.006    0.001    0.004   -0.001    0.003   -0.003    0.001    0.000   -0.001   -0.002    0.001    0.002
    -0.006    0.001   -0.005    0.000   -0.003   -0.001   -0.002    0.001   -0.000    0.007   -0.002    0.001
     0.004   -0.002    0.000    0.002   -0.001   -0.002   -0.001   -0.002    0.002    0.009   -0.004   -0.003
     0.005   -0.004   -0.001    0.002    0.002    0.005    0.001    0.003    0.001    0.000    0.001    0.001
    -0.001   -0.001    0.002   -0.001   -0.000    0.001    0.000    0.003   -0.000    0.005   -0.001    0.003
    -0.001    0.002   -0.000    0.003    0.001   -0.004    0.004    0.004    0.003    0.004   -0.004    0.000
     0.000   -0.004   -0.002   -0.002   -0.002   -0.001    0.002    0.000    0.002    0.002   -0.002    0.000
    -0.001   -0.001   -0.001    0.002    0.000    0.001   -0.004   -0.000   -0.003    0.000    0.000   -0.002
     0.000    0.002   -0.002   -0.002    0.003    0.000   -0.001   -0.001    0.001   -0.000    0.002    0.003
     0.003   -0.001    0.000    0.000    0.000   -0.002   -0.001   -0.000   -0.002   -0.001   -0.001    0.001
     0.000    0.001    0.000   -0.001   -0.002   -0.000   -0.000   -0.001   -0.000   -0.000   -0.001   -0.000
     0.002    0.002    0.001   -0.001   -0.000   -0.002    0.000    0.001    0.000   -0.001   -0.001   -0.000
     0.001    0.000   -0.001    0.001    0.001   -0.001   -0.000    0.000    0.001

Sample autocorrelations and partial autocorrelations:
Order     Autcor         SE    Q-stats       DF P-values     Parcor         SE 
1        -0.0491     0.0808     0.3760        0     1.00    -0.0491     0.0808 
2         0.0377     0.0810     0.5992        0     1.00     0.0354     0.0808 
3         0.1300     0.0812     3.2718        1     0.07     0.1340     0.0808 
4        -0.0490     0.0825     3.6546        2     0.16    -0.0381     0.0808 
5        -0.0538     0.0827     4.1176        3     0.25    -0.0701     0.0808 
6         0.0273     0.0829     4.2382        4     0.37     0.0080     0.0808 
7        -0.0701     0.0830     5.0357        5     0.41    -0.0523     0.0808 
8        -0.0387     0.0834     5.2803        6     0.51    -0.0331     0.0808 
9         0.0825     0.0835     6.4013        7     0.49     0.0774     0.0808 
10       -0.0767     0.0840     7.3769        8     0.50    -0.0537     0.0808 
11        0.0205     0.0845     7.4474        9     0.59     0.0131     0.0808 
12        0.1202     0.0845     9.8773       10     0.45     0.1021     0.0808 
13        0.0043     0.0856     9.8805       11     0.54     0.0339     0.0808 
14        0.0930     0.0856    11.3547       12     0.50     0.0842     0.0808 
15       -0.0131     0.0863    11.3840       13     0.58    -0.0481     0.0808 
16       -0.0771     0.0863    12.4125       14     0.57    -0.0795     0.0808 
17        0.0987     0.0867    14.1108       15     0.52     0.0900     0.0808 
18       -0.0363     0.0875    14.3422       16     0.57    -0.0162     0.0808 
19        0.0542     0.0876    14.8613       17     0.61     0.0971     0.0808 
20        0.0842     0.0878    16.1252       18     0.58     0.0703     0.0808 
21       -0.0558     0.0883    16.6845       19     0.61    -0.0640     0.0808 
22        0.1127     0.0885    18.9829       20     0.52     0.1185     0.0808 
23        0.0326     0.0895    19.1764       21     0.57     0.0068     0.0808 
_________
When DF is positive, P-values should be greater than 0.05
(at the 5 per cent level) for model adequacy

Residual diagnostics:             
Sample size         153 
                
Median              0.0001 
Mean                0.0001 
Std of mean         0.0002 
T-value of mean     0.5791 

                           P-values 
Normality (BS)     18.8178     0.00 
Skewness            0.4082     0.04 
Kurtosis            4.5117     0.00 

                            P-value 
Durbin-Watson       2.0537     0.74 
                   
Standard error         0.0022 
Sigma square           0.0000 
Residual variance      0.0000 
Residual std. dev.     0.0022 

Approximate test of runs on residuals:               
Number of runs       74 
Number of (+)        77 
Number of (-)        76 
              
T-value            -0.5673 

Heteroscedasticity test:
         DF       stat  P-value 
H        51     0.1730     0.00 

Sample autocorrelations of squared residuals:
Order     Autcor         SE    Q-stats       DF P-values     Parcor         SE 
1         0.0724     0.0808     0.8185        1     0.37     0.0724     0.0808 
2         0.1827     0.0813     6.0603        2     0.05     0.1784     0.0808 
3         0.1474     0.0839     9.4937        3     0.02     0.1283     0.0808 
4         0.0704     0.0856    10.2828        4     0.04     0.0259     0.0808 
5        -0.0177     0.0860    10.3330        5     0.07    -0.0736     0.0808 
6        -0.0302     0.0860    10.4804        6     0.11    -0.0663     0.0808 
7         0.0524     0.0861    10.9263        7     0.14     0.0618     0.0808 
8         0.1260     0.0863    13.5217        8     0.10     0.1608     0.0808 
9         0.1295     0.0875    16.2817        9     0.06     0.1335     0.0808 
10        0.0786     0.0887    17.3070       10     0.07     0.0118     0.0808 
11       -0.0740     0.0892    18.2219       11     0.08    -0.1985     0.0808 
12        0.3214     0.0896    35.5967       12     0.00     0.2914     0.0808 
13       -0.0530     0.0968    36.0719       13     0.00    -0.0320     0.0808 
14       -0.0006     0.0970    36.0719       14     0.00    -0.0458     0.0808 
15       -0.0245     0.0970    36.1749       15     0.00    -0.0977     0.0808 
16        0.0177     0.0970    36.2289       16     0.00    -0.0233     0.0808 
17        0.0060     0.0971    36.2353       17     0.00     0.0428     0.0808 
18       -0.0713     0.0971    37.1277       18     0.01    -0.0347     0.0808 
19        0.1044     0.0974    39.0555       19     0.00     0.1220     0.0808 
20        0.0234     0.0981    39.1530       20     0.01    -0.0480     0.0808 
21        0.2148     0.0982    47.4428       21     0.00     0.1809     0.0808 
22        0.1223     0.1012    50.1491       22     0.00     0.0857     0.0808 
23       -0.0200     0.1021    50.2218       23     0.00    -0.0179     0.0808 
_________
When DF is positive, P-values should be greater than 0.05
(at the 5 per cent level) for model adequacy
Elapsed time:     0.15

