Series:r6 (starting year is 1970)
Number of observations:  178
    309.70   318.80   324.00   326.80   326.50   317.90
    307.80   300.70   296.40   295.90   294.50   294.40
    295.00   294.90   292.40   290.70   291.10   287.60
    282.30   273.30   263.00   252.00   240.60   229.40
    219.30   212.30   212.50   215.30   219.60   228.20
    235.50   242.80   249.50   255.70   258.50   259.90
    257.40   256.60   261.60   267.50   269.40   274.40
    276.30   277.30   278.70   283.00   290.70   301.00
    312.50   324.80   335.90   346.10   355.90   364.00
    369.70   375.70   379.90   382.90   385.60   388.90
    393.50   400.00   408.40   417.00   426.60   435.60
    444.30   452.00   461.10   470.10   475.60   482.50
    493.10   507.90   526.80   542.80   555.90   567.40
    573.40   574.40   570.60   562.70   553.30   546.60
    541.50   540.30   543.10   546.60   550.20   552.00
    552.20   551.70   552.70   556.10   560.70   561.40
    560.00   553.50   546.30   539.80   532.00   524.50
    521.30   517.80   512.60   510.90   511.90   512.80
    512.90   514.20   516.00   522.20   534.30   552.50
    571.30   588.70   604.60   619.00   628.00   631.50
    631.60   627.90   621.00   612.10   604.90   599.90
    599.20   600.40   601.60   598.20   592.90   586.60
    578.20   570.00   561.90   552.40   543.00   538.30
    541.50   549.40   556.90   562.00   562.20   559.80
    558.90   559.00   557.50   553.20   547.60   544.70
    543.30   541.50   541.30   543.80   545.80   546.90
    548.60   552.60   552.70   552.30   555.90   564.50
    577.30   587.30   595.00   598.70   601.50   600.40
    600.00   599.10   600.30   600.60   601.80   605.70
    612.50   618.10   624.00   631.40


Identified model is: ( 2 , 1 , 0 )

Initial parameter values:
     -1.4355      0.5577

Arima Estimation (Levenberg-Marquardt):
Number of iterations:     1
Number of function evaluations:     4
Parameter     Estimate   Std. Error      T-ratio        Lag 
phi1           -1.4387       0.0625     -23.0013          1 
phi2            0.5610       0.0627       8.9498          1 

Residual standard error:     2.2651

Root          Real p.     Imag. p.      Modulus  Argument    Period 
rarroot1       0.7193       0.2087       0.7490    0.2824   22.2482 
rarroot2       0.7193      -0.2087       0.7490   -0.2824  -22.2482 


Correlations of the estimates:
Parameter         phi1         phi2 
phi1            1.0000      -0.9197 
phi2           -0.9197       1.0000 


Information criteria:    
AIC       1535.5507 
BIC       1541.9030 

Residuals:
     2.923   -2.638    0.424   -1.411   -6.598    2.104    2.606    0.248    1.703   -3.093    1.634   -0.042
    -1.019   -2.020    1.841    1.443   -5.029   -0.040   -3.339   -0.325   -1.231   -1.353   -0.970   -0.382
     1.247    4.604   -1.415    0.384    3.985   -2.660    1.622    0.293    0.656   -2.361    0.850   -2.943
     3.582    4.748   -1.742   -3.783    5.577   -4.228    1.072    1.027    2.847    2.299    1.634    1.001
     1.534   -0.144    1.131    1.353   -0.277   -0.455    2.344   -1.234    0.324    0.740    1.099    1.367
     1.733    1.629    0.162    1.940    0.013    1.138    0.233    2.903    0.228   -2.343    4.036    3.759
     3.421    3.554   -2.888    0.684    1.630   -3.195   -1.180   -1.873   -1.872   -0.166    2.392   -0.734
     2.378    1.665   -1.202    0.135   -1.416   -0.370    0.222    1.832    1.681    0.269   -4.010    0.174
    -4.093    1.366    0.212   -2.488    0.075    3.214   -3.104   -1.960    3.818    0.528   -1.492   -0.634
     1.661   -0.014    4.340    4.190    4.270   -0.596    0.563    1.414    1.287   -2.797   -1.369    0.114
    -1.880   -1.521   -1.049    1.733    0.365    2.454   -0.598   -0.919   -4.453    0.265   -0.582   -2.310
     0.351   -1.015   -2.447   -0.277    3.494    4.688    0.659   -2.070   -1.258   -2.930    0.174    2.665
     0.048   -2.149   -2.086   -0.255    2.744   -0.370   -1.413    1.604    1.778   -1.709   -0.375    1.239
     2.171   -4.701    1.700    4.232    3.196    2.447   -3.590    0.494   -1.768    1.797   -3.053    2.753
    -0.942    2.270   -1.931    1.442    2.342    1.862   -1.995    1.658    2.053

Sample autocorrelations and partial autocorrelations:
Order     Autcor         SE    Q-stats       DF P-values     Parcor         SE 
1        -0.0067     0.0752     0.0080        0     1.00    -0.0067     0.0752 
2        -0.0352     0.0752     0.2328        0     1.00    -0.0353     0.0752 
3         0.0403     0.0753     0.5291        1     0.47     0.0399     0.0752 
4         0.0330     0.0754     0.7290        2     0.69     0.0324     0.0752 
5        -0.0705     0.0755     1.6452        3     0.65    -0.0676     0.0752 
6         0.0668     0.0758     2.4712        4     0.65     0.0672     0.0752 
7        -0.0426     0.0762     2.8092        5     0.73    -0.0500     0.0752 
8         0.0369     0.0763     3.0639        6     0.80     0.0464     0.0752 
9        -0.0187     0.0764     3.1297        7     0.87    -0.0232     0.0752 
10       -0.0748     0.0764     4.1902        8     0.84    -0.0786     0.0752 
11        0.0631     0.0768     4.9493        9     0.84     0.0734     0.0752 
12        0.1157     0.0771     7.5200       10     0.68     0.0994     0.0752 
13        0.0723     0.0781     8.5295       11     0.67     0.0992     0.0752 
14        0.0042     0.0785     8.5330       12     0.74     0.0016     0.0752 
15        0.0135     0.0785     8.5688       13     0.80     0.0009     0.0752 
16       -0.1011     0.0785    10.5784       14     0.72    -0.1034     0.0752 
17        0.1007     0.0792    12.5850       15     0.63     0.1005     0.0752 
18       -0.0572     0.0799    13.2377       16     0.66    -0.0593     0.0752 
19        0.0469     0.0802    13.6784       17     0.69     0.0571     0.0752 
20        0.0023     0.0803    13.6795       18     0.75    -0.0083     0.0752 
21       -0.0365     0.0803    13.9497       19     0.79    -0.0456     0.0752 
22        0.0812     0.0804    15.2981       20     0.76     0.1370     0.0752 
23        0.0544     0.0809    15.9067       21     0.77     0.0107     0.0752 
24       -0.0761     0.0811    17.1056       22     0.76    -0.0582     0.0752 
25        0.1262     0.0815    20.4240       23     0.62     0.0882     0.0752 
26        0.0345     0.0826    20.6744       24     0.66    -0.0023     0.0752 
_________
When DF is positive, P-values should be greater than 0.05
(at the 5 per cent level) for model adequacy

Residual diagnostics:             
Sample size         177 
                
Median              0.2483 
Mean                0.2351 
Std of mean         0.1684 
T-value of mean     1.3965 

                           P-values 
Normality (BS)      1.2601     0.53 
Skewness           -0.1748     0.34 
Kurtosis            2.7795     0.55 

                            P-value 
Durbin-Watson       1.9991     1.00 
                   
Standard error         2.2651 
Sigma square           5.1305 
Residual variance      5.0172 
Residual std. dev.     2.2399 

Approximate test of runs on residuals:               
Number of runs       87 
Number of (+)        89 
Number of (-)        88 
              
T-value            -0.3765 

Heteroscedasticity test:
         DF       stat  P-value 
H        59     0.7899     0.37 

Sample autocorrelations of squared residuals:
Order     Autcor         SE    Q-stats       DF P-values     Parcor         SE 
1         0.0989     0.0752     1.7608        1     0.18     0.0989     0.0752 
2         0.0789     0.0759     2.8882        2     0.24     0.0698     0.0752 
3         0.0720     0.0764     3.8313        3     0.28     0.0587     0.0752 
4        -0.0001     0.0767     3.8313        4     0.43    -0.0177     0.0752 
5         0.0064     0.0767     3.8388        5     0.57    -0.0013     0.0752 
6        -0.1040     0.0767     5.8442        6     0.44    -0.1094     0.0752 
7        -0.0412     0.0775     6.1606        7     0.52    -0.0221     0.0752 
8        -0.0295     0.0777     6.3235        8     0.61    -0.0100     0.0752 
9         0.0255     0.0777     6.4458        9     0.69     0.0495     0.0752 
10       -0.0624     0.0778     7.1834       10     0.71    -0.0649     0.0752 
11       -0.0604     0.0781     7.8800       11     0.72    -0.0522     0.0752 
12        0.1129     0.0783    10.3290       12     0.59     0.1193     0.0752 
13       -0.1584     0.0792    15.1788       13     0.30    -0.1775     0.0752 
14       -0.0632     0.0810    15.9548       14     0.32    -0.0485     0.0752 
15       -0.0860     0.0813    17.4027       15     0.30    -0.0649     0.0752 
16       -0.0125     0.0818    17.4333       16     0.36     0.0258     0.0752 
17       -0.0981     0.0818    19.3379       17     0.31    -0.1106     0.0752 
18       -0.1334     0.0825    22.8823       18     0.20    -0.0941     0.0752 
19       -0.0760     0.0837    24.0420       19     0.19    -0.0718     0.0752 
20       -0.0428     0.0841    24.4113       20     0.22    -0.0244     0.0752 
21        0.0417     0.0842    24.7639       21     0.26     0.0267     0.0752 
22       -0.0861     0.0843    26.2800       22     0.24    -0.0764     0.0752 
23       -0.0417     0.0848    26.6386       23     0.27    -0.0598     0.0752 
24        0.1091     0.0849    29.1036       24     0.22     0.0612     0.0752 
25        0.0302     0.0857    29.2932       25     0.25     0.0316     0.0752 
26        0.0075     0.0858    29.3052       26     0.30    -0.0458     0.0752 
_________
When DF is positive, P-values should be greater than 0.05
(at the 5 per cent level) for model adequacy
Elapsed time:     0.16

