Series:r7 (starting year is 1970)
Number of observations:  149
     24.30    17.60    25.70    17.60    28.50    24.90
     19.50    21.60    22.30    24.30    21.90    24.40
     17.30    24.30    20.30    21.70    15.40    29.50
     18.30    25.70    20.90    20.00    25.30    19.20
     23.50    18.60    26.70    19.60    19.20    24.20
     16.70    26.20    17.40    24.50    19.30    24.20
     21.60    27.30    16.70    26.80    22.10    19.30
     25.60    19.00    25.00    16.90    26.90    14.80
     31.50    18.90    23.00    17.50    31.10    10.00
     33.20    13.30    32.30    15.70    29.00    16.80
     28.00    16.40    27.60    18.40    24.50    19.10
     26.50    16.90    26.40    18.90    25.70    20.10
     25.30    20.90    22.90    23.00    20.90    23.90
     20.30    26.10    18.80    22.10    25.60    22.60
     24.90    23.00    18.00    25.50    20.20    19.90
     22.20    19.70    21.90    21.90    24.60    19.30
     26.90    19.80    22.70    21.50    21.00    22.30
     21.90    23.90    22.00    22.50    17.50    25.50
     15.00    29.20    16.10    24.90    19.70    27.40
     14.50    26.70    21.70    23.30    19.50    23.50
     22.20    21.90    26.50    22.30    26.30    17.50
     26.10    19.40    25.10    16.20    25.00    19.20
     22.20    20.40    22.10    23.90    21.10    25.40
     19.00    23.70    16.10    27.10    17.20    23.80
     20.80    22.30    19.20    24.40    23.40


Identified model is: ( 1 , 0 , 0 )     with mean 

Initial parameter values:
      0.8163

Arima Estimation (Levenberg-Marquardt):
Number of iterations:     1
Number of function evaluations:     3
Parameter     Estimate   Std. Error      T-ratio        Lag 
phi1            0.8125       0.0471      17.2672          1 

Residual standard error:     2.3272

Root          Real p.     Imag. p.      Modulus  Argument    Period 
rarroot1      -0.8125       0.0000       0.8125   -0.0000       Inf 


Correlations of the estimates:
Parameter         phi1 
phi1            1.0000 

Parameter     Estimate   Std. Error    T-ratio 
mean          22.10831      0.10550     209.55 


Correlations of the regression estimates:
Parameter         mean 
mean            1.0000 


Information criteria:    
AIC       1274.2083 
BIC       1280.2162 

Residuals:
    -2.830   -0.174   -1.692    2.626    7.883   -0.442   -2.730   -0.324    2.245    1.470    2.020   -3.049
    -1.817   -0.130   -1.980   -7.142    1.839    2.095    0.395    1.608   -3.192    1.376   -0.417   -1.074
    -2.480    1.639    1.120   -5.049   -0.374   -3.811   -0.405   -1.486   -1.536   -0.967   -0.292    1.089
     4.676   -1.292    0.195    3.701   -2.917    1.108   -0.374    0.264   -2.961    0.458   -3.517    3.351
     4.320   -1.817   -3.986    5.145   -4.905    1.151    0.102    2.933    1.770    1.583    0.189    1.476
    -1.024    0.751    0.651   -0.724   -1.167    1.845   -1.742   -0.042    0.176    0.883    0.808    1.458
     1.283   -0.292    1.433   -0.586    0.708   -0.455    2.420   -0.167   -2.799    3.383    3.226    3.089
     3.058   -3.486   -0.049    0.745   -3.861   -1.805   -2.436   -2.267   -0.480    2.220   -0.886    2.408
     1.483   -1.386   -0.230   -1.705   -0.811   -0.155    1.520    1.245    0.201   -4.392   -0.455   -4.455
     1.214   -0.348   -2.192   -0.242    3.233   -3.411   -1.692    3.220    0.758   -1.742   -0.830    1.120
    -0.236    4.120    3.658    4.245   -1.305    0.145    0.433    0.689   -3.580   -2.011   -0.661   -2.374
    -1.736   -1.499    1.683    0.345    2.370   -0.536   -1.036   -4.817    0.008   -0.955   -2.399   -0.036
    -0.974   -2.855   -0.174    3.051

Sample autocorrelations and partial autocorrelations:
Order     Autcor         SE    Q-stats       DF P-values     Parcor         SE 
1         0.0222     0.0822     0.0745        0     1.00     0.0222     0.0822 
2        -0.0303     0.0822     0.2141        1     0.64    -0.0308     0.0822 
3         0.0449     0.0823     0.5233        2     0.77     0.0464     0.0822 
4         0.0042     0.0825     0.5261        3     0.91     0.0012     0.0822 
5        -0.1170     0.0825     2.6514        4     0.62    -0.1147     0.0822 
6         0.0558     0.0836     3.1375        5     0.68     0.0605     0.0822 
7        -0.1422     0.0838     6.3193        6     0.39    -0.1555     0.0822 
8        -0.0432     0.0855     6.6150        7     0.47    -0.0202     0.0822 
9         0.0446     0.0856     6.9325        8     0.54     0.0342     0.0822 
10       -0.0842     0.0858     8.0731        9     0.53    -0.0965     0.0822 
11       -0.0545     0.0863     8.5537       10     0.57    -0.0266     0.0822 
12        0.0659     0.0866     9.2631       11     0.60     0.0227     0.0822 
13        0.0802     0.0869    10.3197       12     0.59     0.0925     0.0822 
14        0.0640     0.0874    10.9982       13     0.61     0.0620     0.0822 
15        0.0503     0.0877    11.4206       14     0.65     0.0155     0.0822 
16       -0.1402     0.0879    14.7266       15     0.47    -0.1423     0.0822 
17        0.0567     0.0894    15.2705       16     0.50     0.0590     0.0822 
18       -0.0455     0.0896    15.6234       17     0.55    -0.0729     0.0822 
19       -0.0032     0.0898    15.6252       18     0.62     0.0396     0.0822 
20        0.0262     0.0898    15.7439       19     0.67     0.0489     0.0822 
21       -0.0357     0.0898    15.9670       20     0.72    -0.0703     0.0822 
22        0.0662     0.0899    16.7402       21     0.73     0.1325     0.0822 
_________
When DF is positive, P-values should be greater than 0.05
(at the 5 per cent level) for model adequacy

Residual diagnostics:             
Sample size         148 
                
Median             -0.1736 
Mean               -0.1051 
Std of mean         0.1905 
T-value of mean    -0.5516 

                           P-values 
Normality (BS)      1.8035     0.41 
Skewness            0.0825     0.68 
Kurtosis            3.5150     0.20 

                            P-value 
Durbin-Watson       1.9338     0.69 
                   
Standard error         2.3272 
Sigma square           5.4159 
Residual variance      5.3682 
Residual std. dev.     2.3169 

Approximate test of runs on residuals:               
Number of runs       70 
Number of (+)        74 
Number of (-)        74 
              
T-value            -0.8248 

Heteroscedasticity test:
         DF       stat  P-value 
H        49     0.6687     0.16 

Sample autocorrelations of squared residuals:
Order     Autcor         SE    Q-stats       DF P-values     Parcor         SE 
1         0.0161     0.0822     0.0394        1     0.84     0.0161     0.0822 
2         0.0369     0.0822     0.2467        2     0.88     0.0367     0.0822 
3        -0.0405     0.0823     0.4981        3     0.92    -0.0418     0.0822 
4         0.0239     0.0825     0.5858        4     0.96     0.0239     0.0822 
5         0.0096     0.0825     0.6002        5     0.99     0.0119     0.0822 
6        -0.0602     0.0825     1.1667        6     0.98    -0.0643     0.0822 
7         0.0064     0.0828     1.1732        7     0.99     0.0100     0.0822 
8        -0.0101     0.0828     1.1893        8     1.00    -0.0054     0.0822 
9        -0.0300     0.0828     1.3332        9     1.00    -0.0365     0.0822 
10       -0.0533     0.0829     1.7908       10     1.00    -0.0482     0.0822 
11        0.2135     0.0831     9.1804       11     0.61     0.2208     0.0822 
12        0.0839     0.0868    10.3283       12     0.59     0.0758     0.0822 
13       -0.1083     0.0873    12.2556       13     0.51    -0.1406     0.0822 
14       -0.0689     0.0882    13.0415       14     0.52    -0.0548     0.0822 
15       -0.0491     0.0886    13.4444       15     0.57    -0.0399     0.0822 
16        0.0695     0.0888    14.2568       16     0.58     0.0559     0.0822 
17       -0.0446     0.0891    14.5935       17     0.62    -0.0175     0.0822 
18       -0.1117     0.0893    16.7252       18     0.54    -0.1194     0.0822 
19       -0.0573     0.0902    17.2893       19     0.57    -0.0660     0.0822 
20       -0.0889     0.0905    18.6598       20     0.54    -0.0757     0.0822 
21        0.0359     0.0910    18.8851       21     0.59     0.0713     0.0822 
22       -0.0887     0.0911    20.2713       22     0.57    -0.1302     0.0822 
_________
When DF is positive, P-values should be greater than 0.05
(at the 5 per cent level) for model adequacy
Elapsed time:     0.18

