Series:r8 (starting year is 1970)
Number of observations:  148
     30.20    33.80    30.90    36.60    42.00    39.10
     39.40    39.90    42.90    43.50    46.30    42.50
     44.30    44.10    43.40    38.00    44.50    43.40
     45.60    47.00    44.00    48.50    46.20    47.80
     45.40    49.70    49.10    45.40    48.60    43.90
     47.80    44.90    46.40    45.60    46.90    48.30
     53.10    49.80    53.20    55.80    52.20    56.90
     54.60    57.60    53.80    57.90    52.80    60.60
     61.00    59.90    57.80    65.40    56.60    64.60
     60.70    67.10    65.90    69.30    68.60    71.50
     69.80    72.60    72.60    72.90    72.80    75.80
     73.30    76.00    75.50    77.70    78.30    80.50
     81.50    81.60    84.20    83.10    85.70    84.60
     88.90    87.00    86.50    91.40    92.50    96.00
     97.90    94.30    97.80    97.50    95.00    95.90
     93.90    94.10    94.60    97.60    95.90   100.60
    100.10   100.10   101.10    99.90   101.00   101.20
    103.80   104.40   105.30   101.50   104.80    99.30
    105.10   102.10   102.90   103.30   107.30   102.50
    105.00   107.70   107.70   107.10   107.70   109.70
    109.20   114.80   115.90   120.50   117.30   120.70
    120.10   122.20   118.40   120.00   119.40   118.50
    118.50   118.10   121.20   120.50   124.40   122.30
    123.70   119.10   123.20   120.70   121.00   122.00
    121.50   120.20   122.10   125.20


Identified model is: ( 1 , 1 , 0 )     with mean 

Initial parameter values:
      0.6383

Arima Estimation (Levenberg-Marquardt):
Number of iterations:     1
Number of function evaluations:     3
Parameter     Estimate   Std. Error      T-ratio        Lag 
phi1            0.6382       0.0639       9.9817          1 

Residual standard error:     2.3381

Root          Real p.     Imag. p.      Modulus  Argument    Period 
rarroot1      -0.6382       0.0000       0.6382   -0.0000       Inf 


Correlations of the estimates:
Parameter         phi1 
phi1            1.0000 

Parameter     Estimate   Std. Error    T-ratio 
mean           0.63185      0.11803       5.35 


Correlations of the regression estimates:
Parameter         mean 
mean            1.0000 


Information criteria:    
AIC       1255.9729 
BIC       1261.9537 

Residuals:
    -1.819    2.632    7.821   -0.670   -2.768   -0.526    2.102    1.298    1.966   -3.230   -1.842   -0.268
    -2.045   -7.064    1.836    1.832    0.281    1.587   -3.323    1.368   -0.645   -1.085   -2.596    1.551
     0.927   -5.300   -0.379   -3.875   -0.317   -1.628   -1.568   -1.060   -0.428    1.013    4.477   -1.453
     0.077    3.553   -3.158    1.185   -0.517    0.315   -3.102    0.458   -3.700    3.328    4.161   -2.062
    -4.019    5.043   -5.166    1.166   -0.011    2.694    1.668    1.417    0.253    1.236   -1.066    0.498
     0.570   -0.917   -1.126    1.719   -1.802   -0.113    0.006    0.664    0.787    1.366    1.187   -0.479
     1.447   -0.658    0.681   -0.658    2.381   -0.373   -2.930    3.364    3.010    2.985    2.917   -3.604
    -0.015    0.717   -3.908   -1.913   -2.643   -2.294   -0.589    2.102   -1.002    2.398    1.283   -1.536
    -0.217   -1.779   -0.883   -0.315    1.511    1.042    0.066   -4.443   -0.342   -4.611    1.073   -0.515
    -2.332   -0.306    3.038   -3.464   -1.781    3.079    0.506   -1.817   -1.000    1.166   -0.441    4.064
     3.457    4.085   -1.481    0.141    0.353    0.500   -3.677   -2.042   -0.796   -2.500   -1.791   -1.617
     1.628    0.062    2.236   -0.828   -1.157   -4.923   -0.053   -1.100   -2.513   -0.026   -1.079   -2.836
    -0.147    3.096

Sample autocorrelations and partial autocorrelations:
Order     Autcor         SE    Q-stats       DF P-values     Parcor         SE 
1         0.0068     0.0828     0.0070        0     1.00     0.0068     0.0828 
2        -0.0212     0.0828     0.0746        1     0.78    -0.0213     0.0828 
3         0.0604     0.0828     0.6254        2     0.73     0.0607     0.0828 
4         0.0399     0.0831     0.8676        3     0.83     0.0387     0.0828 
5        -0.1128     0.0832     2.8175        4     0.59    -0.1114     0.0828 
6         0.0560     0.0843     3.3014        5     0.65     0.0568     0.0828 
7        -0.1322     0.0845     6.0181        6     0.42    -0.1454     0.0828 
8        -0.0354     0.0859     6.2140        7     0.51    -0.0169     0.0828 
9         0.0596     0.0860     6.7735        8     0.56     0.0589     0.0828 
10       -0.0731     0.0863     7.6234        9     0.57    -0.0824     0.0828 
11       -0.0541     0.0867     8.0927       10     0.62    -0.0198     0.0828 
12        0.0581     0.0870     8.6365       11     0.66     0.0186     0.0828 
13        0.0849     0.0872     9.8078       12     0.63     0.0973     0.0828 
14        0.0463     0.0878    10.1591       13     0.68     0.0571     0.0828 
15        0.0313     0.0880    10.3209       14     0.74     0.0009     0.0828 
16       -0.1326     0.0880    13.2432       15     0.58    -0.1375     0.0828 
17        0.0757     0.0894    14.2034       16     0.58     0.0682     0.0828 
18       -0.0460     0.0898    14.5610       17     0.63    -0.0675     0.0828 
19        0.0056     0.0900    14.5663       18     0.69     0.0475     0.0828 
20        0.0172     0.0900    14.6168       19     0.75     0.0452     0.0828 
21       -0.0275     0.0900    14.7474       20     0.79    -0.0636     0.0828 
22        0.0678     0.0901    15.5495       21     0.79     0.1224     0.0828 
_________
When DF is positive, P-values should be greater than 0.05
(at the 5 per cent level) for model adequacy

Residual diagnostics:             
Sample size         146 
                
Median             -0.2873 
Mean               -0.1892 
Std of mean         0.1922 
T-value of mean    -0.9847 

                           P-values 
Normality (BS)      1.5910     0.45 
Skewness            0.0695     0.73 
Kurtosis            3.4921     0.22 

                            P-value 
Durbin-Watson       1.9701     0.86 
                   
Standard error         2.3381 
Sigma square           5.4666 
Residual variance      5.3933 
Residual std. dev.     2.3224 

Approximate test of runs on residuals:               
Number of runs       72 
Number of (+)        73 
Number of (-)        73 
              
T-value            -0.3322 

Heteroscedasticity test:
         DF       stat  P-value 
H        49     0.6475     0.13 

Sample autocorrelations of squared residuals:
Order     Autcor         SE    Q-stats       DF P-values     Parcor         SE 
1         0.0119     0.0828     0.0211        1     0.88     0.0119     0.0828 
2         0.0471     0.0828     0.3545        2     0.84     0.0470     0.0828 
3        -0.0130     0.0830     0.3801        3     0.94    -0.0141     0.0828 
4         0.0089     0.0830     0.3922        4     0.98     0.0071     0.0828 
5         0.0176     0.0830     0.4395        5     0.99     0.0187     0.0828 
6        -0.0612     0.0830     1.0167        6     0.98    -0.0627     0.0828 
7         0.0085     0.0833     1.0280        7     0.99     0.0087     0.0828 
8        -0.0052     0.0833     1.0322        8     1.00     0.0009     0.0828 
9        -0.0331     0.0833     1.2050        9     1.00    -0.0363     0.0828 
10       -0.0516     0.0834     1.6284       10     1.00    -0.0498     0.0828 
11        0.1986     0.0836     7.9390       11     0.72     0.2074     0.0828 
12        0.0842     0.0868     9.0821       12     0.70     0.0812     0.0828 
13       -0.1077     0.0874    10.9682       13     0.61    -0.1390     0.0828 
14       -0.0463     0.0883    11.3193       14     0.66    -0.0477     0.0828 
15       -0.0657     0.0884    12.0313       15     0.68    -0.0534     0.0828 
16        0.0779     0.0888    13.0403       16     0.67     0.0713     0.0828 
17       -0.0435     0.0892    13.3574       17     0.71    -0.0152     0.0828 
18       -0.1110     0.0894    15.4388       18     0.63    -0.1204     0.0828 
19       -0.0552     0.0903    15.9567       19     0.66    -0.0716     0.0828 
20       -0.0883     0.0905    17.2937       20     0.63    -0.0650     0.0828 
21        0.0241     0.0911    17.3942       21     0.69     0.0615     0.0828 
22       -0.0870     0.0912    18.7128       22     0.66    -0.1189     0.0828 
_________
When DF is positive, P-values should be greater than 0.05
(at the 5 per cent level) for model adequacy
Elapsed time:     0.15

