Series:r9 (starting year is 1970)
Number of observations:  151
     16.70    15.50    19.00    26.00    21.80    19.20
     20.40    23.00    23.60    24.90    21.10    20.80
     21.90    20.00    14.10    19.40    21.10    20.30
     22.10    18.20    21.20    20.40    19.60    17.80
     20.70    21.30    15.60    17.90    14.60    16.00
     15.20    14.30    14.40    14.60    16.10    20.30
     17.00    17.70    21.70    17.00    19.70    19.10
     19.50    16.80    18.60    15.30    20.20    23.40
     19.30    16.40    23.60    16.60    19.80    20.10
     22.60    23.50    24.00    24.00    25.10    23.80
     24.90    25.60    24.50    24.00    26.50    24.20
     24.90    25.40    26.20    26.90    28.00    28.90
     28.00    29.80    28.70    29.80    29.20    31.90
     30.80    28.10    33.10    34.90    36.50    38.30
     33.40    35.20    36.30    32.10    32.20    30.90
     29.80    30.70    33.40    31.60    34.40    35.10
     33.00    33.70    32.20    32.30    32.80    34.60
     35.20    34.90    30.60    32.40    28.50    31.70
     31.30    29.10    30.30    33.60    29.00    28.80
     33.20    32.40    30.50    30.50    32.40    31.70
     36.10    38.00    40.50    37.40    38.10    38.90
     39.30    35.70    35.30    36.00    34.00    33.60
     33.00    35.60    35.30    37.50    36.10    35.30
     31.20    33.50    33.00    30.90    32.40    31.60
     29.50    30.80    34.30    37.70    36.10    33.70
     33.20


Identified model is: ( 0 , 1 , 1 )

Initial parameter values:
     -0.4338

Arima Estimation (Levenberg-Marquardt):
Number of iterations:     1
Number of function evaluations:     3
Parameter     Estimate   Std. Error      T-ratio        Lag 
ma1            -0.4425       0.0813      -5.4415          1 

Residual standard error:     2.3576

Root          Real p.     Imag. p.      Modulus  Argument    Period 
rmaroot1       0.4425       0.0000       0.4425    0.0000       Inf 


Correlations of the estimates:
Parameter          ma1 
ma1             1.0000 


Information criteria:    
AIC       1285.7833 
BIC       1288.7940 

Residuals:
    -1.097    3.008    8.285   -0.545   -2.841   -0.057    2.575    1.739    2.070   -2.884   -1.576    0.403
    -1.722   -6.662    2.352    2.741    0.413    1.983   -3.023    1.663   -0.064   -0.828   -2.167    1.941
     1.459   -5.054    0.064   -3.272   -0.048   -0.821   -1.263   -0.459   -0.003    1.499    4.863   -1.148
     0.192    4.085   -2.893    1.420    0.028    0.413   -2.517    0.686   -2.996    3.574    4.781   -1.984
    -3.778    5.528   -4.554    1.185    0.824    2.865    2.168    1.459    0.646    1.386   -0.687    0.796
     1.052   -0.634   -0.781    2.155   -1.347    0.104    0.546    1.042    1.161    1.614    1.614   -0.186
     1.718   -0.340    0.950   -0.180    2.620    0.059   -2.674    3.817    3.489    3.144    3.191   -3.488
     0.257    1.214   -3.663   -1.521   -1.973   -1.973    0.027    2.712   -0.600    2.534    1.821   -1.294
     0.127   -1.444   -0.539    0.262    1.916    1.448    0.341   -4.149   -0.036   -3.916    1.467    0.249
    -2.090    0.275    3.422   -3.086   -1.565    3.707    0.840   -1.528   -0.676    1.601    0.008    4.404
     3.848    4.203   -1.240    0.151    0.867    0.784   -3.253   -1.839   -0.114   -2.050   -1.307   -1.178
     2.079    0.620    2.474   -0.305   -0.935   -4.514    0.303   -0.366   -2.262    0.499   -0.579   -2.356
     0.257    3.614    4.999    0.612   -2.129   -1.442

Sample autocorrelations and partial autocorrelations:
Order     Autcor         SE    Q-stats       DF P-values     Parcor         SE 
1         0.0357     0.0816     0.1953        0     1.00     0.0357     0.0816 
2        -0.0928     0.0818     1.5231        1     0.22    -0.0942     0.0816 
3         0.0433     0.0825     1.8141        2     0.40     0.0508     0.0816 
4         0.0011     0.0826     1.8143        3     0.61    -0.0117     0.0816 
5        -0.0902     0.0826     3.0941        4     0.54    -0.0819     0.0816 
6         0.0395     0.0833     3.3414        5     0.65     0.0447     0.0816 
7        -0.1281     0.0834     5.9562        6     0.43    -0.1508     0.0816 
8        -0.0330     0.0847     6.1308        7     0.52    -0.0040     0.0816 
9         0.0483     0.0848     6.5085        8     0.59     0.0201     0.0816 
10       -0.0818     0.0850     7.5970        9     0.58    -0.0904     0.0816 
11       -0.0497     0.0855     8.0025       10     0.63    -0.0244     0.0816 
12        0.0850     0.0857     9.1972       11     0.60     0.0438     0.0816 
13        0.0862     0.0862    10.4335       12     0.58     0.0899     0.0816 
14        0.0654     0.0868    11.1507       13     0.60     0.0668     0.0816 
15        0.0198     0.0871    11.2167       14     0.67     0.0013     0.0816 
16       -0.1400     0.0872    14.5540       15     0.48    -0.1334     0.0816 
17        0.0571     0.0886    15.1121       16     0.52     0.0656     0.0816 
18       -0.0327     0.0889    15.2966       17     0.57    -0.0757     0.0816 
19        0.0058     0.0890    15.3023       18     0.64     0.0637     0.0816 
20        0.0077     0.0890    15.3127       19     0.70     0.0107     0.0816 
21       -0.0200     0.0890    15.3832       20     0.75    -0.0344     0.0816 
22        0.0993     0.0890    17.1380       21     0.70     0.1531     0.0816 
_________
When DF is positive, P-values should be greater than 0.05
(at the 5 per cent level) for model adequacy

Residual diagnostics:             
Sample size         150 
                
Median              0.1715 
Mean                0.2054 
Std of mean         0.1911 
T-value of mean     1.0747 

                           P-values 
Normality (BS)      1.7051     0.43 
Skewness            0.1160     0.56 
Kurtosis            3.4680     0.24 

                            P-value 
Durbin-Watson       1.9246     0.64 
                   
Standard error         2.3576 
Sigma square           5.5582 
Residual variance      5.4790 
Residual std. dev.     2.3407 

Approximate test of runs on residuals:               
Number of runs       71 
Number of (+)        75 
Number of (-)        75 
              
T-value            -0.8193 

Heteroscedasticity test:
         DF       stat  P-value 
H        50     0.6444     0.12 

Sample autocorrelations of squared residuals:
Order     Autcor         SE    Q-stats       DF P-values     Parcor         SE 
1         0.0599     0.0816     0.5492        1     0.46     0.0599     0.0816 
2         0.0188     0.0819     0.6039        2     0.74     0.0153     0.0816 
3         0.0035     0.0820     0.6058        3     0.90     0.0015     0.0816 
4         0.0084     0.0820     0.6170        4     0.96     0.0079     0.0816 
5        -0.0121     0.0820     0.6402        5     0.99    -0.0132     0.0816 
6        -0.0718     0.0820     1.4567        6     0.96    -0.0709     0.0816 
7        -0.0023     0.0824     1.4575        7     0.98     0.0065     0.0816 
8        -0.0224     0.0824     1.5380        8     0.99    -0.0204     0.0816 
9        -0.0017     0.0824     1.5385        9     1.00     0.0013     0.0816 
10       -0.0582     0.0824     2.0908       10     1.00    -0.0569     0.0816 
11        0.1955     0.0827     8.3586       11     0.68     0.2033     0.0816 
12        0.1129     0.0857    10.4634       12     0.58     0.0892     0.0816 
13       -0.0849     0.0867    11.6643       13     0.56    -0.1095     0.0816 
14       -0.0647     0.0873    12.3659       14     0.58    -0.0660     0.0816 
15       -0.0626     0.0876    13.0285       15     0.60    -0.0580     0.0816 
16        0.0285     0.0879    13.1670       16     0.66     0.0349     0.0816 
17       -0.0651     0.0880    13.8939       17     0.67    -0.0367     0.0816 
18       -0.1307     0.0883    16.8424       18     0.53    -0.1250     0.0816 
19       -0.0578     0.0896    17.4245       19     0.56    -0.0499     0.0816 
20       -0.0682     0.0898    18.2409       20     0.57    -0.0664     0.0816 
21        0.0212     0.0902    18.3204       21     0.63     0.0549     0.0816 
22       -0.1012     0.0902    20.1458       22     0.57    -0.1363     0.0816 
_________
When DF is positive, P-values should be greater than 0.05
(at the 5 per cent level) for model adequacy
Elapsed time:     0.13

