   7.5713219043451879e-03
   8.5865347375029544e-03
   2.0393868901116496e-02
  -3.4370815526550136e-03
  -8.4930933521781080e-03
   2.4544545914201702e-03
   8.1150716474651750e-03
   4.7071506908760025e-04
  -5.2689446000455664e-03
  -5.1649729251845447e-03
  -6.6929963747906929e-03
  -7.9845785301501312e-03
  -1.9406181167913421e-02
   8.9318380128727125e-03
  -2.7128289298207750e-02
  -5.4686934403560799e-03
   1.9919413612441129e-03
   2.3711125078065772e-02
  -2.9126431208611882e-02
  -4.8848416247873074e-04
   1.2445074556390249e-02
   2.0475979548277831e-02
   1.7818997520970971e-02
  -1.4433142788901045e-02
  -2.0553033132194035e-02
  -1.8281769425394938e-02
  -6.6681163902386695e-03
   2.1047158911958620e-03
   3.5108019879867489e-02
  -1.2489831323176275e-03
   1.4580468491147301e-02
  -2.3936288203389722e-02
   2.8987614548202562e-03
   2.1548963481274638e-03
  -2.3619907600183230e-04
   2.3454343488069008e-02
   1.6950938659524201e-02
   1.1863725924923189e-02
  -7.7305575866382335e-03
   2.5015507483899774e-02
  -2.8736899142331059e-03
   1.7804168464721156e-02
   4.1924752314897354e-02
   1.8618115339099496e-02
  -2.1080060939439259e-03
  -1.2632272570001940e-02
  -4.0043817027757111e-02
  -2.7234769483928202e-02
   1.0731676387070675e-02
  -1.4834108814276862e-03
   2.8973145932222762e-03
  -2.9352707123391816e-02
   1.0305461234005876e-02
   2.4331847742587637e-02
  -3.6657440501289003e-02
  -3.2719390064178774e-02
  -2.9425293444620606e-03
   3.8137674735697546e-03
  -2.1136124898193717e-02
   1.6849405488510882e-02
   1.0710670834251871e-02
  -1.6352071959311484e-02
  -5.1998263568545705e-03
  -4.3258699889258592e-03
  -7.5651569624002931e-03
  -1.2375331664660543e-02
  -2.5295962922473356e-02
   1.9890074120103608e-03
   3.9091301748627513e-03
   5.2211791469344501e-03
   1.8108861432756886e-02
  -6.4838162937119470e-03
   2.7000539551959971e-02
   6.1357589609078644e-03
  -1.5766803881380225e-02
  -1.1608641570682197e-02
   3.6490811228683745e-03
   1.5559467063240561e-02
  -8.8480938735116064e-03
  -1.8678829290299653e-02
   3.9668191881542529e-04
   2.4818809791177587e-05
  -8.7427541749284313e-04
   5.1181989185327724e-03
  -1.1537943339807970e-02
  -7.0216767087167608e-03
   9.6347375672077799e-03
   8.6536655265329002e-03
  -1.6613056277568639e-02
   1.0623984735009610e-02
   5.7546797919123841e-03
   4.2930410758222071e-03
   4.8750738139869359e-04
   3.8544891573021642e-02
   1.9337887142503875e-02
   3.5557028608519483e-03
   3.0345696388500909e-03
  -4.1834982981515867e-03
   2.1689862254201803e-04
  -8.0400691428033043e-03
   4.0610281995953727e-03
  -1.9322109607794408e-03
   6.2309026172595256e-03
  -3.4311937939314773e-03
   7.5894424458581231e-03
  -1.9069365237052504e-02
  -1.1491163860055505e-02
  -9.2445814279235004e-03
   1.1666771758872008e-02
   3.2037121357073634e-03
  -1.3096363756009855e-03
   7.8880594104458034e-03
  -1.8459092237046882e-03
   8.8320505888866471e-03
   5.3248813034441640e-03
  -8.2783148802110761e-03
   2.2126889681347013e-03
   2.2536601902295493e-03
  -7.4644884224903335e-04
   4.0727692210674651e-03
  -3.9897188140726675e-03
   9.9388574150546874e-03
   1.9766517270548966e-02
   3.6739434540300408e-03
  -1.0402298541986078e-02
  -2.2364178247722761e-02
   3.6230318631937765e-03
  -1.7726918151885107e-03
   3.3616918574962016e-03
   4.1048104766785104e-03
  -6.9326922911313576e-03
   1.8371520917155416e-02
  -7.3195714660829071e-03
  -1.6806717532765428e-02
   7.0296232928014979e-03
   1.7031606226426667e-02
   1.0247184390299448e-02
   5.9104884054509768e-03
  -1.6460934789700069e-02
   7.7607653475648148e-03
  -3.5758456454885110e-03
  -1.1454339258179961e-02
  -4.1643971177380782e-03
  -4.3035871790811147e-04
  -9.8903380926130147e-03
  -4.1019959297761777e-03
   8.1093637823355172e-03
   1.1803463935981262e-03
   5.5886459887717638e-03
   2.9267454302363115e-03
   4.3436127439951491e-04
   4.6245396264502601e-03
  -1.8533372250683064e-02
   9.4651103227794114e-03
  -1.0624346721588551e-02
  -6.2055061736604553e-03
  -2.5990956744722876e-02
   8.2724402215533545e-03
   2.0812300383018154e-02
   2.5415364410950676e-02
   1.0904293147453968e-02
   2.0271073605117883e-02
  -5.1805552100831920e-03
  -3.9938497085368202e-03
   1.4935714474410652e-02
  -1.9755882218615759e-03
  -8.3131966738072150e-04
  -1.7805149285532510e-02
   3.5293432263062063e-03
  -2.6678753719631937e-02
  -5.0374672556464245e-03
  -1.5164379721553857e-02
  -5.7965533995161264e-04
   3.8196486050358202e-03
  -9.9338801499834865e-03
  -5.6287602844196120e-03
   1.0373177500592112e-02
  -1.0731004845480016e-03
  -4.4910884654278688e-03
  -2.4853053543191076e-03
  -1.7488133403224634e-02
   1.4378531283112618e-02
  -9.8069219721821799e-03
   7.0465678817789711e-03
   1.7220860372322091e-04
   8.8966812164358953e-03
   1.5640038902046911e-02
   6.2701159000149113e-03
   1.5528167126484615e-02
  -9.3140311922592471e-03
   1.1731149962136251e-02
  -1.3542068218795996e-02
  -2.1537893575965011e-02
  -8.6091072393777973e-04
  -1.9908406208487911e-02
   1.0117604398917766e-02
  -5.1835664815489898e-04
   1.5300703793093492e-03
   2.1777937116314867e-03
  -1.3104078057716061e-02
  -1.8714555889895901e-02
   3.6319363825288845e-03
  -1.4555038772971847e-02
   2.3454894001402493e-02
   6.3783664249753820e-03
   5.1834286142403638e-03
   6.5848858804492495e-03
  -1.0302549666669726e-02
   9.5245413120237012e-03
   1.2420942220435240e-02
   2.6764345357038802e-03
  -3.0474239961682760e-03
   1.6617513002852003e-03
  -2.3565564825284808e-04
   4.9775433322327102e-03
   1.6496864359870915e-03
   4.8626122793154454e-03
  -5.8150587463369078e-03
  -1.5783662706324850e-02
  -5.8159469040687164e-03
   1.9477083431418546e-03
  -5.7531746676512934e-03
  -1.7310047562932233e-03
   4.9137702048330191e-03
  -3.4627606278379245e-03
   9.5649099221158038e-03
  -8.4863909217077222e-03
  -3.9981521774976447e-03
   1.4757954125387705e-03
   7.5870740152455835e-03
   1.9401203433719913e-03
  -3.3946021773157689e-05
  -5.8801447019990868e-03
  -6.3333428824657208e-03
  -7.8099354372295274e-03
  -3.0919856528985848e-03
   5.5515215115663399e-03
   1.2615437880534264e-02
   9.6128437178559165e-03
   1.4079486560156403e-03
   3.6510742001774994e-03
   3.9207139755327294e-03
  -2.4668287950171358e-03
  -3.6286913961148300e-03
   8.8658257938215388e-03
   3.5849963365766394e-03
  -6.9502524762552684e-03
   1.0043287951968512e-02
  -5.1188409075353918e-03
   8.5099954027017741e-03
   5.9540623750432963e-03
  -7.5050385714688977e-03
   1.4783661822325501e-02
   1.2549251538346151e-02
  -6.4386122090826503e-03
   3.2774709999660798e-03
  -5.2872106101883604e-05
  -2.0581653212305997e-03
  -7.7757454500555247e-03
  -1.2257116058237085e-02
   4.4801693016762751e-03
   8.2867528243524540e-04
  -3.3856076334040034e-03
   4.5067747311848842e-04
  -6.5304739842462533e-03
  -3.6768333152792359e-03
   8.8846577682322406e-03
   3.8972649126651840e-03
   1.8527254822977967e-02
   1.4997280582512491e-02
   1.2252008546473981e-02
  -2.7229074438796792e-03
   7.2321792414612633e-04
   2.9564461680678306e-03
  -7.0730838688142870e-03
   7.7451600717985351e-03
   1.1923331021350105e-02
   4.8940937122997196e-03
  -4.6267339148034145e-03
  -1.1224221958461126e-02
   1.3598932878336651e-02
   1.2765930827025335e-02
  -1.2246668330014220e-02
   4.0782926637797203e-03
   1.4745129583467041e-02
   1.6586928881253151e-02
   6.5729600754050104e-03
   6.6104637684843374e-03
  -6.7358870467320040e-03
   4.2874789032811668e-03
   3.1269497011039921e-03
   6.8186870877362180e-03
   3.8810331349533561e-03
  -4.3950958473758638e-03
  -7.7890764520170122e-04
   1.5945761668067332e-03
   4.9735049855910074e-03
  -3.6811714714125084e-03
   2.7704586849965187e-03
  -2.7816066047570494e-03
   4.0372946142381788e-03
   6.9928754577127166e-03
  -7.2034741616335603e-03
  -1.5925002208704731e-02
  -4.1979051855390954e-03
  -1.2764135754108768e-02
  -6.7183167692500701e-03
   5.3384775866353734e-03
   5.2151137405058671e-03
  -8.5333663355793531e-03
   5.9134089290393205e-03
   1.0742970101235910e-02
   1.4938662317343944e-03
   2.0034990228322094e-03
   6.6519051841812298e-03
   1.2654260216399781e-02
   1.4871460580961567e-02
   4.4399180709023354e-03
  -8.6060200567498121e-03
  -1.3975818000088872e-03
   7.9796110959280391e-03
   6.6346588549559922e-03
  -8.4749518689485655e-04
  -2.9279153965958990e-03
  -9.8540392614698239e-04
   2.3152535639559763e-03
  -8.9286193192819972e-03
   1.0654800658017313e-02
   8.4003628577648619e-04
  -1.1133652436180905e-02
   6.7371152029224368e-03
   2.0876859588938551e-03
   1.0858545904022892e-02
   7.2371606586744486e-03
   1.1481509009574817e-02
   1.5345863772782298e-03
  -5.0313176122458031e-03
  -1.9160559466816606e-03
   2.3752907443662778e-03
   8.8994989318904420e-03
   2.9164072425241303e-03
   1.1818782974280632e-03
   7.8434520822034531e-03
   5.5398706025971533e-05
  -8.8265673797536092e-03
  -1.7634560386794351e-02
  -3.9422886734944698e-03
   8.3891294135659510e-03
  -2.8339833817766463e-03
   9.8918558346783019e-03
   3.1442340334281171e-03
   4.5705079161009327e-03
   1.4531957621177847e-03
   1.0096614326612297e-02
   1.0400999068933377e-02
   1.7524149364963469e-03
   5.2888638002233134e-03
   9.6753105933536001e-03
   4.8436122153493470e-04
  -1.0099484279295056e-02
  -1.7367046617193516e-02
   3.5227169902834689e-03
   4.3807723511991997e-03
   1.1020308108925356e-02
   2.7417338639609545e-02
   1.2776144350316007e-02
   1.0161575903201743e-02
  -1.6059693239650077e-02
  -1.0414709162514229e-02
  -4.5341527370508495e-04
   7.2249704032462990e-03
  -2.3922055320379555e-04
  -1.1929382244554670e-03
   6.8613633617712671e-03
   4.1184188104851378e-03
  -5.1859037153139161e-03
  -5.5101722701170839e-03
  -1.1711782272699676e-02
  -7.8808909764246076e-03
  -3.6423092262856688e-03
   1.2365191909955614e-02
   2.6898860296079184e-03
   1.5772180918721724e-03
  -3.1373843312647561e-03
   9.4714116633584661e-03
   1.8981444393562592e-02
   2.2629289879318648e-03
  -7.4474801180092077e-03
  -2.8619364127791297e-03
   3.9438840848736592e-03
   2.7537188930475153e-03
   3.2854713004602919e-03
   8.6903751097232706e-03
   5.2698445246832978e-03
  -5.9228655756251858e-03
   2.8361842459291324e-03
   1.4940927207367376e-02
   4.9927319547705120e-03
  -5.2910427988729289e-03
   1.1128242976332458e-02
  -3.4697705410584624e-03
   1.3385476999798945e-02
   1.3618618200118258e-02
   1.1466301102977921e-02
  -1.0952577779160710e-02
  -1.5310408792156657e-02
   1.0549771107539563e-03
   6.9793572306418785e-04
   5.4517711635691420e-03
  -4.6256969902762528e-03
   1.3603711303757987e-02
   1.1362922600151659e-02
  -1.5439368831721003e-02
  -7.5938876033512836e-04
  -2.5801647337242695e-03
   1.0806362779921546e-02
   2.6848246658380762e-03
  -1.3110683292663929e-02
   6.7038177568407914e-03
  -2.9983465023129027e-04
  -1.7757529478257442e-02
  -7.1826725315078804e-03
   3.6216260142293995e-03
   3.5540353251203760e-03
  -6.3749951526820402e-03
   1.6871469063083334e-02
   2.3495123809976308e-02
   6.4113504091567637e-03
  -1.5519710283151335e-02
   3.9461775078312479e-02
  -1.7117792929390425e-02
  -1.0754105500893655e-02
   1.3077754428940578e-02
   1.7498826265755758e-03
  -1.1983450958393919e-02
  -1.9733228320290980e-02
   6.4054786272329757e-03
  -2.0627979961576046e-02
  -6.9384876430617489e-03
   8.6473404655103506e-03
  -6.4607571689266185e-03
   1.3715335599347005e-03
  -8.0528010849924420e-03
  -1.2208707128216509e-03
   9.4301778645060098e-03
  -4.3526302061297371e-03
  -1.6039193660610184e-03
  -1.1711196606859318e-02
  -1.0363284695011301e-02
   4.9366126095130901e-03
   9.4541486206594014e-03
  -1.4181408184094522e-02
  -6.6175248474827650e-03
   1.0088530070450106e-02
   4.5605279427005522e-03
   1.3291389791707364e-02
  -1.2637474250377443e-04
   1.6403120652760941e-03
   4.6123579990278740e-04
   1.0533226925502652e-03
   1.8065451552653456e-03
  -7.6078050938302591e-03
   5.7900896891221656e-03
   9.2291464592804597e-03
   4.3223556263933226e-03
  -1.0570850182818176e-03
   5.9802840084458957e-03
  -6.8519267831124737e-03
   3.0740057499390595e-03
   9.3884777067691928e-03
   5.3699762716859136e-03
  -6.3465841858554107e-03
  -1.1783065396053435e-02
  -9.8088243308118214e-03
   5.6605607332062772e-03
  -1.1902289569176343e-03
  -4.7369805759983792e-03
  -1.9696319058206648e-02
   6.6849369095882526e-03
   4.8717116152337710e-03
   2.9091500544180984e-02
   2.0042794352006701e-02
  -1.1819181522051806e-02
   1.1411153240742987e-02
  -8.0007583292257978e-03
   1.7510854861105846e-02
   1.1960296724507026e-02
   1.7426554820233991e-03
   5.9213814750199000e-03
   4.8985652949417200e-03
   5.7060718545498728e-03
   3.4316547227765929e-04
  -6.4272799959959664e-03
  -3.2567551075667095e-03
   8.1719743354855615e-03
   2.3824208162746821e-03
  -4.9214965170654512e-03
  -1.6780128128215548e-02
   8.5567386770932577e-03
   1.5243798886605674e-02
   8.5824112249947729e-04
   5.2187588676828071e-03
   4.4154661679187009e-04
   4.1689537477213609e-03
  -2.7126380584654277e-03
  -3.2571262387670274e-03
   5.6900472227004381e-05
   1.3095391971516008e-03
  -2.3079095529465318e-03
   6.2770591067237451e-03
   5.0617807831205390e-03
   1.4463795283029783e-02
  -2.5992539820396485e-02
   1.0099718362328246e-02
   7.1145947675780117e-03
  -4.7882198618264702e-03
   2.8355254009646501e-03
  -1.6389957507696982e-02
  -1.8374297371248689e-02
  -2.6547502472698697e-02
   1.2126481117929211e-02
  -1.5753766832953535e-02
   6.1177640321889576e-03
   8.8473559277369752e-03
   2.4600550012709075e-03
   1.7673219444032214e-02
   1.6585158685861155e-02
  -1.6671888079132951e-03
  -2.1691571762433769e-02
  -1.1536651542658018e-02
  -6.2529283610695966e-04
  -4.1090123802329515e-03
   6.8989667475973003e-03
   4.9030376917880657e-04
   1.1114614306166401e-02
   5.6038033896418146e-03
  -2.3910715610541377e-02
   1.7915593387257411e-02
   1.6002808316326184e-02
  -2.1232734807609361e-02
  -1.7796164643455931e-02
  -1.2990048353263995e-02
  -1.0265883140824876e-02
  -9.1882981322421280e-03
   3.1654124919453944e-03
   4.7183964228864261e-03
  -4.9910607121052362e-04
   3.0459030247347195e-03
  -1.4935079568766106e-02
  -3.4776061499080355e-03
   2.1525902480060036e-03
   1.2631049980168825e-02
  -8.1935660596847877e-03
   1.7084324255367479e-02
  -2.0953617391072800e-02
  -2.3372184636972569e-02
   3.9437619851571282e-03
  -2.2893038920970610e-02
  -1.4793007246700730e-02
  -1.2123822154956262e-02
   5.7855684184945511e-03
   6.7978673147350861e-03
  -4.2545462217424878e-03
   1.4266669520525840e-02
  -4.7318683458147269e-03
  -1.4984081430292825e-02
  -9.4338856063280480e-03
   3.8100787680363144e-03
   2.1976198864278327e-03
  -1.3678696324220193e-02
   5.0763266227922396e-03
   1.4276351213834504e-03
   5.1256846741139367e-03
  -2.0505623923711006e-03
   1.0405652544510112e-02
   3.5840721721054516e-04
  -1.0726576628787882e-03
   6.2594290049071992e-03
  -2.7244163916059732e-03
  -1.2780196066723379e-02
  -9.3086040749049328e-03
   1.6887788654949890e-02
   3.8755131637372370e-03
  -8.4273440254580296e-03
  -4.0280527015620887e-03
   2.8444838417089548e-04
  -7.3185891994392771e-03
  -1.1965216785161789e-02
  -4.2960435033522577e-04
  -4.9934700084028056e-04
  -1.5154468418980670e-02
  -9.7212958230518136e-04
  -4.6342416518384082e-04
   3.5690250393885870e-03
   3.0187632184216547e-03
  -2.7489115419075173e-03
   1.2160247780744112e-02
  -1.3372872501453623e-03
  -1.1621595030875124e-02
  -1.2454099907911430e-02
  -2.0582841277882037e-03
  -6.5273597446589152e-03
   8.9889033222095190e-03
   4.7331722369536172e-03
  -8.6341855120368287e-04
   3.6855826808654094e-03
  -3.3790929658168087e-03
  -1.6894273863367323e-02
  -7.8923852520888845e-03
   5.6707858408774044e-03
  -4.3013181011313699e-03
  -3.9684526852995672e-02
   4.3248570912297552e-03
  -1.2723461942130115e-02
  -1.5110007210539868e-02
   6.1235113899820171e-03
  -5.7027625339266435e-03
  -9.1485054832074232e-03
  -3.5092329751738437e-03
   2.8775238297627050e-03
  -1.8962860366706039e-03
  -1.2882398864678088e-02
   3.0883632198170355e-03
   3.0692887421122059e-02
   2.5138475001478303e-03
  -1.3738048014008174e-02
  -8.1853539148981722e-03
   2.6664021936911447e-03
  -1.8258933064971264e-03
  -1.0439953990540988e-02
  -8.2871231557422563e-03
   6.5443783131113415e-03
   1.5989158943446127e-02
  -1.2312471955229394e-03
   1.3846510672653139e-02
  -4.6469255840680028e-03
  -6.0866610817673196e-03
  -2.1934940799379740e-03
  -1.7791649946267467e-02
  -5.2495348008395597e-03
   8.4023812389730189e-03
  -9.7953362281028994e-03
  -8.2001865450126291e-04
   8.5624628876518390e-03
  -5.7555677462831304e-03
   1.9076088568347926e-05
  -1.6125472567047720e-03
   7.2477382539926152e-03
   1.1467952840635592e-02
  -5.6560463815905704e-03
  -2.1127012468038753e-03
   2.8920263917763477e-03
   7.7625875701268819e-03
  -4.1148648168116732e-03
   5.0518103192757373e-03
   1.5204783632975435e-04
  -5.2376306824836218e-03
   1.9395796701109774e-03
  -5.1508151518546048e-03
   1.7207041050479582e-02
  -3.2617069309959787e-03
  -3.7172265583475970e-03
  -4.0816565852898109e-03
  -1.6057891713359758e-02
  -4.7815465911067263e-03
   3.0444579543543256e-04
  -9.0524815746508263e-04
   2.6005182677927337e-03
   1.2075716828391442e-02
  -6.2741539416970114e-03
  -3.7629416438804621e-03
   1.6405614304993335e-02
  -1.0411091824452094e-02
  -2.6541613775417990e-03
  -2.5535473163231818e-03
  -5.1282005214509131e-03
  -1.5603098456996230e-02
   9.7491249435318322e-03
  -1.5740470375422888e-03
   2.4169845263654226e-02
  -2.4700860460985810e-02
   5.5480258094201800e-03
  -1.1180724234132841e-02
   6.8969828819125546e-03
  -1.6016020452788202e-02
   4.0116006716445210e-03
  -4.8592530425293802e-03
  -1.1697996739918665e-02
   1.7027617548901679e-03
  -2.3909024603951455e-03
  -6.6042139834451476e-03
  -1.8388961717110908e-02
  -9.7871450603560731e-03
  -8.7588927021880585e-03
   8.0156386765003215e-04
  -7.8512486690131573e-03
  -7.0179981215744494e-03
   7.3556815397831099e-03
   3.7661802744820144e-03
   3.3826275832891787e-03
  -4.4123563216676945e-04
   1.3262909898296267e-02
  -1.4681309397527553e-02
  -4.9413763784626127e-03
   3.2307383080835690e-05
   1.1770470094132684e-02
   9.4297478380661257e-03
  -1.5905404807321684e-03
  -4.7878599052967831e-03
   2.9277497505704919e-03
  -3.7138232509927715e-03
  -2.5107078588615340e-03
   5.1320593096287450e-03
  -8.8500830013409793e-03
  -3.6325672144023853e-03
   3.0949728217304498e-03
  -2.2412368134024651e-02
  -1.0657017681310769e-02
   3.1496606924911550e-03
  -5.2167656330377194e-03
  -7.2413796279281826e-03
  -1.4864108622239971e-03
  -3.7230492194142832e-03
  -2.3187075912119480e-03
  -9.5132290306596343e-03
  -1.3929257300752739e-02
  -5.4348417861741841e-03
  -1.2742976087023815e-02
   1.0095177432548013e-02
  -2.9823752628942877e-03
   3.7734328558140921e-03
   5.3059790764670260e-03
  -4.8564921971674399e-03
   2.4107815113707776e-03
   6.7423197288246145e-03
  -1.1634522766959601e-02
   7.3910404938239624e-03
  -1.1573217353077762e-02
   7.7375300786845487e-03
  -1.9195759520629760e-03
  -1.0446038827965475e-02
  -4.6885376274467773e-03
  -7.1214451128485661e-03
   4.1203810257908280e-03
   6.5080978149704878e-03
  -1.3612159820003031e-02
   6.1948421068997728e-03
  -6.7339502871851097e-03
  -1.1476919005544187e-02
  -6.0020071245197740e-03
   2.6623658894334812e-03
   1.5258338940139803e-03
  -1.1235588833294358e-02
   8.3359278880926306e-03
  -4.0245419958060856e-03
  -4.1654796936713406e-04
   3.1684091417706925e-03
  -4.1351453258525427e-03
  -3.8297466667511202e-03
  -5.7336427943066931e-03
   1.3796434240640157e-03
  -8.0460873066567247e-03
   4.6097069383990554e-03
  -4.0245782639996815e-03
  -2.2493449568404310e-03
  -2.7219088567150651e-03
   9.3020593538822274e-04
   6.9820797469021941e-03
   1.5170878914832738e-02
   2.7298678397409998e-03
   6.6325882398130011e-03
   5.0805139132485818e-03
  -8.4533422152462817e-03
  -1.0425236245462301e-02
   9.8838282825839657e-03
  -6.4706342767405084e-03
   4.9658860239982601e-03
   7.5197757770127695e-03
  -2.9638128610339981e-03
   3.7643544274425090e-03
   5.0816547132420519e-03
  -2.8997603520010315e-03
   4.5607217441993907e-03
  -7.5215797281289725e-03
   1.1047452814269500e-02
  -7.1601396776345833e-03
   9.6957200243973085e-03
  -1.4487580215406149e-02
   1.7333464577530362e-03
  -1.5418004802576846e-03
  -1.7878760739202121e-03
  -5.1709525609010282e-03
  -2.6054605368255705e-03
  -8.8015596128973046e-03
   5.1209581249075141e-03
  -2.4568323072025307e-03
   1.3072695673103731e-02
   3.0938029729751983e-03
   1.6359053557335690e-02
  -1.0701585508131550e-02
  -5.7443608748603495e-03
  -1.0619846542224117e-02
  -6.5077053808994707e-03
  -6.1910018067669404e-03
   5.3750624866756459e-03
   7.9378592540812302e-03
   8.3115674122774437e-03
   5.1193716884141488e-04
   1.7069380304468675e-02
  -1.5243294322453940e-03
   5.0618345240928918e-03
   1.0010364503158422e-03
  -1.8246495480892595e-03
  -5.0432367253731361e-03
   4.5721417036297344e-03
  -5.3360282323685962e-03
  -4.9794890495487932e-03
  -2.9775598340631170e-03
  -2.6153743636575296e-03
   1.0327194042703547e-02
   1.1526302736393780e-02
  -1.3297852975415873e-03
   4.9653910702481237e-03
   4.9740377500194369e-03
   1.7608694950972292e-02
  -3.6275303392108260e-03
   2.9776924082601536e-03
   5.8232971090310236e-03
  -4.5717820166098697e-03
   4.5496050845929812e-04
   1.9934211577275710e-03
   7.8964586365442117e-03
   9.1495992900090042e-03
  -1.5541504171074352e-03
   1.0750972771743850e-02
   1.5990560369037335e-03
  -1.1490552782486457e-02
   2.2272400936451109e-03
   7.3792413490346041e-04
   6.2555521832161438e-03
  -5.1396044907503369e-03
  -1.3981632268968874e-02
   3.1540790186015716e-04
  -4.3954678004806003e-03
  -1.3995428107634700e-02
   2.2995872770358011e-03
  -1.1644702639008242e-02
   9.5972541357580120e-03
  -1.5634124450444924e-02
   1.2439591051616694e-05
  -7.1715533083500857e-03
   6.3362540465088828e-04
  -8.9730858368456609e-03
   2.7563130501070941e-03
  -1.1745352499286949e-04
  -1.3158987390822207e-02
   2.9570328114215125e-03
   2.8356617114302232e-02
  -1.1434999230784329e-02
  -2.2265043162232708e-02
   1.2542623359171366e-02
  -6.4441609597667183e-03
   2.3511073039390439e-03
   1.0279167608241136e-03
  -1.2204873272019263e-02
   5.9356741271606893e-03
   2.0280885452533680e-03
   1.9590047000181104e-02
   1.7823212349241530e-03
  -3.8152783578194352e-03
  -6.4340694981863547e-03
   3.5527336354600923e-03
  -1.2076580164286985e-02
   5.7476954365300124e-03
   2.0338438537315776e-03
  -2.2198361622380010e-05
  -7.7270647612481900e-03
  -9.0868169164286337e-03
  -6.8259133707151256e-03
   1.1688590523462290e-02
