Series:s1
Number of observations:  150
 Year       Jan      Feb      Mar      Apr      May      Jun      Jul      Aug      Sep      Oct      Nov      Dec
 1970     58.00    58.20    58.50    66.60    61.50    55.20    49.60    51.00    46.60    45.60    58.50    49.20
 1971     54.40    53.00    54.50    61.20    56.90    52.50    51.70    47.80    44.00    49.90    56.30    51.60
 1972     55.30    54.60    53.70    62.30    54.50    54.50    54.70    48.00    41.10    52.60    54.10    51.40
 1973     55.70    57.20    58.40    66.20    59.90    58.40    55.70    52.50    47.50    53.90    58.80    56.90
 1974     58.50    59.70    61.10    69.50    63.90    62.80    61.50    56.60    53.20    59.00    65.20    61.30
 1975     66.90    66.30    64.60    78.00    73.60    73.20    73.00    63.40    61.10    68.70    69.90    66.90
 1976     70.00    69.20    70.10    83.40    76.20    78.20    77.70    68.40    65.90    71.40    75.00    72.30
 1977     77.70    77.90    77.70    85.40    81.40    78.00    80.90    72.20    67.00    74.70    81.60    73.70
 1978     78.20    82.80    81.60    89.50    84.60    85.10    85.30    81.30    78.70    87.80    89.50    84.80
 1979     90.00    92.50    88.30    97.20    93.00    90.50    91.10    84.50    83.80    91.30    96.90    90.20
 1980     94.30    92.70    93.10   101.40    94.80    95.10    94.80    86.30    85.90    97.10   104.70    96.70
 1981     98.70    98.80    95.40   105.90   102.80   100.90    98.90    90.50    90.20   102.80   107.00    98.90
 1982    104.40   105.60   100.70   110.70   108.00   108.00


Identified model is: ( 0 , 1 , 1 )( 0 , 1 , 1 )_ 12

Initial parameter values:
     -0.5824     -0.3003

Arima Estimation (Levenberg-Marquardt):
Number of iterations:     3
Number of function evaluations:    10
Parameter     Estimate   Std. Error      T-ratio        Lag 
ma1            -0.5624       0.0760      -7.4000          1 
ma12           -0.4038       0.1115      -3.6226         12 

Residual standard error:     2.2413

Root          Real p.     Imag. p.      Modulus  Argument    Period 
rmaroot1       0.5624       0.0000       0.5624    0.0000       Inf 
smaroot1       0.4038       0.0000       0.4038    0.0000       Inf 


Correlations of the estimates:
Parameter          ma1         ma12 
ma1             1.0000      -0.1797 
ma12           -0.1797       1.0000 


Information criteria:    
AIC       1151.4669 
BIC       1157.3069 

Residuals:
    -1.293    0.462   -1.036    0.165    1.852    5.490   -1.828   -0.472    6.133   -2.578    2.815    0.358
     0.331   -1.770    0.406   -2.957    3.340    4.515   -2.049   -4.012    5.650   -3.899    1.364    0.923
     2.763    2.863    1.368    0.997    1.057   -1.250    0.962    1.298   -1.210   -0.107    2.156   -1.435
    -0.198    0.618    0.850    1.270    1.314    1.396   -0.244    1.768   -0.387    1.313   -0.368    2.725
    -0.023   -2.818    3.618    3.554    2.941    3.019   -3.417   -0.053    1.212   -3.700   -1.628   -2.232
    -2.083    0.296    2.167   -0.968    2.236    1.509   -0.917    0.039   -1.576   -0.256    0.339    1.959
     1.768    0.487   -4.519   -0.224   -4.403    1.025    0.464   -2.215    0.309    3.728   -2.908   -1.822
     3.644    0.845   -1.260   -0.673    1.794   -0.277    4.499    4.130    4.351   -1.318    0.438    0.871
     0.275   -3.332   -1.574   -0.171   -2.219   -1.367   -1.490    1.708    0.180    2.481   -0.129   -0.920
    -4.704    0.547   -0.172   -2.208    0.701   -0.554   -2.502   -0.079    3.340    4.839    0.806   -1.989
    -1.109   -3.135    0.244    2.784    0.150   -1.998   -1.909   -0.437    2.521   -0.787   -1.316    1.774
     2.101   -1.332   -0.439    1.222    2.016

Sample autocorrelations and partial autocorrelations:
Order     Autcor         SE    Q-stats       DF P-values     Parcor         SE 
1         0.0242     0.0854     0.0823        0     1.00     0.0242     0.0854 
2        -0.0756     0.0855     0.8888        0     1.00    -0.0762     0.0854 
3         0.0848     0.0860     1.9113        1     0.17     0.0892     0.0854 
4        -0.0069     0.0866     1.9182        2     0.38    -0.0181     0.0854 
5        -0.1283     0.0866     4.2948        3     0.23    -0.1158     0.0854 
6         0.0902     0.0880     5.4779        4     0.24     0.0913     0.0854 
7        -0.0546     0.0886     5.9147        5     0.31    -0.0802     0.0854 
8        -0.0166     0.0889     5.9555        6     0.43     0.0231     0.0854 
9        -0.0462     0.0889     6.2736        7     0.51    -0.0758     0.0854 
10       -0.0722     0.0891     7.0551        8     0.53    -0.0733     0.0854 
11        0.0524     0.0895     7.4695        9     0.59     0.0763     0.0854 
12        0.0881     0.0897     8.6525       10     0.57     0.0561     0.0854 
13        0.0314     0.0904     8.8035       11     0.64     0.0623     0.0854 
14        0.0559     0.0904     9.2870       12     0.68     0.0351     0.0854 
15        0.0113     0.0907     9.3070       13     0.75    -0.0062     0.0854 
16       -0.1522     0.0907    12.9544       14     0.53    -0.1376     0.0854 
17        0.0141     0.0925    12.9860       15     0.60     0.0178     0.0854 
18       -0.0556     0.0926    13.4811       16     0.64    -0.0838     0.0854 
19        0.1463     0.0928    16.9346       17     0.46     0.2009     0.0854 
20        0.0392     0.0945    17.1845       18     0.51     0.0115     0.0854 
21        0.0174     0.0946    17.2342       19     0.57     0.0452     0.0854 
22        0.0525     0.0946    17.6912       20     0.61     0.0781     0.0854 
23       -0.0168     0.0948    17.7384       21     0.67    -0.0809     0.0854 
24       -0.0859     0.0948    18.9804       22     0.65    -0.0235     0.0854 
25        0.1340     0.0954    22.0327       23     0.52     0.0634     0.0854 
26        0.0971     0.0968    23.6510       24     0.48     0.0929     0.0854 
27       -0.0086     0.0975    23.6638       25     0.54     0.0438     0.0854 
28        0.0923     0.0975    25.1535       26     0.51     0.1206     0.0854 
29       -0.0729     0.0981    26.0901       27     0.51    -0.0753     0.0854 
30       -0.0509     0.0985    26.5514       28     0.54     0.0151     0.0854 
31       -0.0406     0.0987    26.8470       29     0.58    -0.1167     0.0854 
32       -0.0220     0.0988    26.9350       30     0.63    -0.0511     0.0854 
33        0.0207     0.0989    27.0137       31     0.67     0.0393     0.0854 
34       -0.0465     0.0989    27.4139       32     0.70    -0.1244     0.0854 
35       -0.0806     0.0991    28.6276       33     0.68     0.0746     0.0854 
36        0.0155     0.0995    28.6731       34     0.73    -0.0279     0.0854 
_________
When DF is positive, P-values should be greater than 0.05
(at the 5 per cent level) for model adequacy

Pierce Qs:
Order    Qs-stat      DF  P-value 
1         1.1829       0     1.00 
2         2.4250       1     0.12 
3         2.4705       2     0.29 


Stable seasonality F-test based on residuals:
        DFn     DFd       stat  P-value 
F        11     126     1.1470     0.66 


Residual diagnostics:             
Sample size         137 
                
Median              0.2435 
Mean                0.2569 
Std of mean         0.1888 
T-value of mean     1.3607 

                           P-values 
Normality (BS)      0.8858     0.64 
Skewness            0.1870     0.37 
Kurtosis            2.8761     0.77 

                            P-value 
Durbin-Watson       1.9431     0.74 
                   
Standard error         2.2413 
Sigma square           5.0236 
Residual variance      4.8843 
Residual std. dev.     2.2100 

Approximate test of runs on residuals:               
Number of runs       68 
Number of (+)        69 
Number of (-)        68 
              
T-value            -0.2566 

Heteroscedasticity test:
         DF       stat  P-value 
H        46     0.7820     0.41 

Sample autocorrelations of squared residuals:
Order     Autcor         SE    Q-stats       DF P-values     Parcor         SE 
1         0.1284     0.0854     2.3093        1     0.13     0.1284     0.0854 
2         0.0756     0.0868     3.1150        2     0.21     0.0601     0.0854 
3         0.1579     0.0873     6.6589        3     0.08     0.1440     0.0854 
4        -0.0496     0.0894     7.0115        4     0.14    -0.0928     0.0854 
5        -0.0101     0.0896     7.0262        5     0.22    -0.0115     0.0854 
6        -0.0810     0.0896     7.9797        6     0.24    -0.0982     0.0854 
7        -0.0375     0.0901     8.1860        7     0.32     0.0080     0.0854 
8         0.0271     0.0902     8.2946        8     0.41     0.0411     0.0854 
9         0.0527     0.0903     8.7079        9     0.46     0.0788     0.0854 
10       -0.0217     0.0905     8.7787       10     0.55    -0.0507     0.0854 
11        0.0463     0.0906     9.1021       11     0.61     0.0348     0.0854 
12        0.0698     0.0907     9.8446       12     0.63     0.0392     0.0854 
13       -0.1071     0.0911    11.6059       13     0.56    -0.1150     0.0854 
14       -0.0543     0.0920    12.0629       14     0.60    -0.0481     0.0854 
15        0.0053     0.0923    12.0672       15     0.67     0.0319     0.0854 
16        0.0527     0.0923    12.5042       16     0.71     0.1037     0.0854 
17       -0.0340     0.0925    12.6881       17     0.76    -0.0535     0.0854 
18       -0.1076     0.0926    14.5416       18     0.69    -0.1201     0.0854 
19       -0.1202     0.0935    16.8732       19     0.60    -0.1469     0.0854 
20       -0.0844     0.0946    18.0332       20     0.59    -0.0466     0.0854 
21       -0.1263     0.0952    20.6532       21     0.48    -0.0670     0.0854 
22       -0.1125     0.0964    22.7481       22     0.42    -0.0198     0.0854 
23       -0.0851     0.0973    23.9565       23     0.41    -0.0706     0.0854 
24        0.0134     0.0979    23.9869       24     0.46     0.0404     0.0854 
25       -0.0249     0.0979    24.0927       25     0.51    -0.0363     0.0854 
26        0.0378     0.0979    24.3380       26     0.56     0.0457     0.0854 
27        0.0478     0.0980    24.7336       27     0.59    -0.0090     0.0854 
28       -0.1150     0.0982    27.0423       28     0.52    -0.1423     0.0854 
29        0.0124     0.0992    27.0694       29     0.57     0.0490     0.0854 
30        0.0095     0.0992    27.0856       30     0.62     0.0677     0.0854 
31        0.0380     0.0992    27.3448       31     0.65     0.0882     0.0854 
32        0.0661     0.0993    28.1384       32     0.66     0.0009     0.0854 
33        0.1017     0.0996    30.0322       33     0.62     0.0918     0.0854 
34        0.0793     0.1004    31.1946       34     0.61     0.0288     0.0854 
35        0.0188     0.1008    31.2608       35     0.65    -0.0175     0.0854 
36       -0.0424     0.1009    31.6003       36     0.68    -0.1173     0.0854 
_________
When DF is positive, P-values should be greater than 0.05
(at the 5 per cent level) for model adequacy
Elapsed time:     0.23

