Series:s2
Number of observations:  162
 Year       Jan      Feb      Mar      Apr      May      Jun      Jul      Aug      Sep      Oct      Nov      Dec
 1970     57.70    57.10    59.80    67.60    64.60    57.10    49.60    49.80    47.00    44.80    56.10    48.80
 1971     52.60    51.20    54.90    62.40    60.40    55.50    54.10    51.90    48.30    52.00    59.30    54.10
 1972     57.10    55.70    56.50    64.50    59.10    57.20    58.50    54.00    46.20    53.90    57.60    53.20
 1973     57.20    58.40    62.10    70.40    65.80    62.80    60.50    57.10    51.30    55.30    59.70    56.50
 1974     58.20    58.20    61.50    70.40    66.70    64.60    63.90    59.40    54.50    57.90    63.10    58.40
 1975     62.80    62.10    61.80    73.80    72.70    72.20    72.70    63.40    57.10    61.30    61.80    55.70
 1976     57.40    55.60    57.40    71.40    68.80    70.30    71.80    62.80    56.70    59.10    60.80    55.70
 1977     60.20    60.20    61.70    69.80    67.40    64.20    67.30    59.80    52.10    56.10    62.10    53.80
 1978     56.20    60.00    62.40    70.40    67.40    67.30    69.40    65.80    61.90    68.40    69.80    61.50
 1979     63.90    65.60    63.20    69.80    66.90    64.00    65.30    59.50    57.10    63.40    68.70    60.30
 1980     61.70    59.00    59.30    66.90    62.40    61.70    63.30    56.00    53.60    63.90    73.20    64.90
 1981     63.90    61.10    57.60    65.80    64.90    63.70    63.20    54.70    52.20    64.10    71.20    61.70
 1982     63.60    63.30    59.20    66.50    65.70    66.30    61.70    55.50    57.40    70.50    78.90    64.80
 1983     65.50    62.10    60.20    64.40    66.10    65.00


Identified model is: ( 1 , 0 , 0 )( 0 , 1 , 1 )_ 12

Initial parameter values:
     -0.7864     -0.1949

Arima Estimation (Levenberg-Marquardt):
Number of iterations:     2
Number of function evaluations:     7
Parameter     Estimate   Std. Error      T-ratio        Lag 
phi1           -0.7915       0.0498     -15.9067          1 
ma12           -0.2426       0.0975      -2.4891         12 

Residual standard error:     2.2671

Root          Real p.     Imag. p.      Modulus  Argument    Period 
rarroot1       0.7915       0.0000       0.7915    0.0000       Inf 
smaroot1       0.2426       0.0000       0.2426    0.0000       Inf 


Correlations of the estimates:
Parameter         phi1         ma12 
phi1            1.0000       0.0213 
ma12            0.0213       1.0000 


Information criteria:    
AIC       1276.4911 
BIC       1282.5123 

Residuals:
    -3.072   -1.844   -0.266   -1.338   -0.150    1.590    5.500   -1.549   -0.517    5.802   -2.668    2.389
    -0.064    0.504   -2.019    0.520   -2.990    3.102    4.348   -1.741   -3.872    4.926   -3.823    1.010
     0.796    2.743    2.974    1.593    1.306    1.048   -1.379    1.095    1.708   -1.443    0.066    1.883
    -1.419   -0.326    0.280    0.861    1.217    1.342    1.641   -0.125    1.794   -0.283    1.358   -0.334
     2.752    0.180   -2.719    3.372    3.604    3.177    3.183   -2.996   -0.131    1.273   -3.662   -1.752
    -2.595   -2.182    0.085    1.901   -1.126    1.957    1.376   -0.614    0.043   -1.574   -0.147    0.366
     2.170    1.854    0.680   -4.542   -0.407   -4.517    0.662    0.413   -2.215    0.259    3.639   -2.840
    -1.970    3.416    1.023   -1.056   -0.574    2.004   -0.193    4.438    4.514    4.606   -1.153    0.916
     1.128    0.334   -3.384   -1.489   -0.164   -2.418   -1.535   -1.978    1.281   -0.083    2.578   -0.107
    -0.977   -4.778    0.503   -0.174   -2.244    0.675   -0.552   -2.397   -0.419    3.250    4.730    1.012
    -1.678   -0.800   -3.240    0.203    2.826    0.185   -1.817   -1.802   -0.473    2.097   -1.011   -1.371
     1.826    2.243   -0.927   -0.517    0.932    2.012   -3.999    1.550    4.452    2.793    2.389   -3.327
    -0.111   -2.160    1.725   -3.017    2.288   -1.129

Sample autocorrelations and partial autocorrelations:
Order     Autcor         SE    Q-stats       DF P-values     Parcor         SE 
1         0.0418     0.0816     0.2676        0     1.00     0.0418     0.0816 
2        -0.0298     0.0818     0.4042        0     1.00    -0.0316     0.0816 
3         0.0385     0.0819     0.6343        1     0.43     0.0412     0.0816 
4         0.0149     0.0820     0.6691        2     0.72     0.0106     0.0816 
5        -0.1372     0.0820     3.6280        3     0.30    -0.1364     0.0816 
6         0.0312     0.0835     3.7820        4     0.44     0.0436     0.0816 
7        -0.0288     0.0836     3.9145        5     0.56    -0.0425     0.0816 
8        -0.0111     0.0837     3.9343        6     0.69     0.0047     0.0816 
9        -0.0602     0.0837     4.5196        7     0.72    -0.0619     0.0816 
10       -0.0783     0.0840     5.5180        8     0.70    -0.0927     0.0816 
11        0.0480     0.0844     5.8965        9     0.75     0.0671     0.0816 
12        0.0397     0.0846     6.1565       10     0.80     0.0220     0.0816 
13        0.0097     0.0848     6.1723       11     0.86     0.0208     0.0816 
14        0.0028     0.0848     6.1737       12     0.91    -0.0164     0.0816 
15       -0.0061     0.0848     6.1801       13     0.94    -0.0303     0.0816 
16       -0.1001     0.0848     7.8840       14     0.90    -0.0845     0.0816 
17        0.0156     0.0855     7.9260       15     0.93     0.0229     0.0816 
18       -0.0698     0.0856     8.7672       16     0.92    -0.0784     0.0816 
19        0.1073     0.0859    10.7703       17     0.87     0.1201     0.0816 
20        0.0019     0.0868    10.7710       18     0.90    -0.0194     0.0816 
21        0.0028     0.0868    10.7723       19     0.93     0.0041     0.0816 
22        0.1027     0.0868    12.6511       20     0.89     0.1213     0.0816 
23        0.0421     0.0876    12.9697       21     0.91    -0.0089     0.0816 
24       -0.0583     0.0878    13.5851       22     0.92    -0.0186     0.0816 
25        0.0820     0.0880    14.8128       23     0.90     0.0536     0.0816 
26        0.0449     0.0885    15.1838       24     0.92     0.0235     0.0816 
27       -0.0300     0.0887    15.3507       25     0.93     0.0139     0.0816 
28        0.0636     0.0888    16.1076       26     0.93     0.0720     0.0816 
29       -0.0535     0.0891    16.6475       27     0.94    -0.0555     0.0816 
30       -0.0599     0.0893    17.3285       28     0.94    -0.0298     0.0816 
31       -0.0748     0.0895    18.4001       29     0.94    -0.0800     0.0816 
32       -0.0678     0.0900    19.2891       30     0.93    -0.0617     0.0816 
33       -0.0038     0.0903    19.2920       31     0.95     0.0246     0.0816 
34       -0.0261     0.0903    19.4260       32     0.96    -0.0779     0.0816 
35       -0.0469     0.0904    19.8614       33     0.97     0.0040     0.0816 
36        0.0435     0.0905    20.2400       34     0.97     0.0179     0.0816 
_________
When DF is positive, P-values should be greater than 0.05
(at the 5 per cent level) for model adequacy

Pierce Qs:
Order    Qs-stat      DF  P-value 
1         0.2600       0     1.00 
2         0.8754       1     0.35 
3         1.2540       2     0.53 


Stable seasonality F-test based on residuals:
        DFn     DFd       stat  P-value 
F        11     139     0.9931     0.91 


Residual diagnostics:             
Sample size         150 
                
Median              0.0755 
Mean                0.2000 
Std of mean         0.1831 
T-value of mean     1.0921 

                           P-values 
Normality (BS)      1.2191     0.54 
Skewness            0.1201     0.55 
Kurtosis            2.6294     0.35 

                            P-value 
Durbin-Watson       1.9023     0.55 
                   
Standard error         2.2671 
Sigma square           5.1395 
Residual variance      5.0310 
Residual std. dev.     2.2430 

Approximate test of runs on residuals:               
Number of runs       75 
Number of (+)        75 
Number of (-)        75 
              
T-value            -0.1639 

Heteroscedasticity test:
         DF       stat  P-value 
H        50     0.8982     0.71 

Sample autocorrelations of squared residuals:
Order     Autcor         SE    Q-stats       DF P-values     Parcor         SE 
1         0.0934     0.0816     1.3344        1     0.25     0.0934     0.0816 
2         0.0700     0.0824     2.0883        2     0.35     0.0618     0.0816 
3         0.1155     0.0828     4.1567        3     0.25     0.1049     0.0816 
4        -0.0937     0.0838     5.5276        4     0.24    -0.1193     0.0816 
5        -0.0125     0.0845     5.5520        5     0.35    -0.0076     0.0816 
6        -0.0666     0.0845     6.2550        6     0.40    -0.0666     0.0816 
7        -0.0326     0.0849     6.4241        7     0.49     0.0055     0.0816 
8         0.0241     0.0850     6.5176        8     0.59     0.0268     0.0816 
9         0.0659     0.0850     7.2197        9     0.61     0.0804     0.0816 
10       -0.0283     0.0853     7.3505       10     0.69    -0.0576     0.0816 
11        0.0158     0.0854     7.3915       11     0.77     0.0049     0.0816 
12       -0.0003     0.0854     7.3916       12     0.83    -0.0165     0.0816 
13       -0.1343     0.0854    10.3944       13     0.66    -0.1162     0.0816 
14       -0.0580     0.0868    10.9585       14     0.69    -0.0436     0.0816 
15       -0.0289     0.0871    11.0993       15     0.75     0.0107     0.0816 
16        0.1004     0.0871    12.8130       16     0.69     0.1438     0.0816 
17       -0.0209     0.0879    12.8879       17     0.74    -0.0606     0.0816 
18       -0.0671     0.0879    13.6656       18     0.75    -0.0942     0.0816 
19       -0.1093     0.0883    15.7455       19     0.67    -0.1541     0.0816 
20       -0.0447     0.0892    16.0959       20     0.71     0.0057     0.0816 
21       -0.0744     0.0893    17.0751       21     0.71    -0.0399     0.0816 
22       -0.0812     0.0897    18.2497       22     0.69    -0.0085     0.0816 
23       -0.0360     0.0902    18.4827       23     0.73    -0.0459     0.0816 
24        0.0047     0.0903    18.4866       24     0.78     0.0122     0.0816 
25        0.0062     0.0903    18.4935       25     0.82    -0.0340     0.0816 
26        0.0445     0.0903    18.8572       26     0.84     0.0355     0.0816 
27       -0.0060     0.0905    18.8640       27     0.87    -0.0441     0.0816 
28       -0.1287     0.0905    21.9619       28     0.78    -0.1466     0.0816 
29        0.0227     0.0917    22.0593       29     0.82     0.0684     0.0816 
30       -0.0414     0.0917    22.3843       30     0.84     0.0021     0.0816 
31        0.0531     0.0919    22.9249       31     0.85     0.0868     0.0816 
32        0.0750     0.0921    24.0129       32     0.84    -0.0348     0.0816 
33        0.0657     0.0925    24.8531       33     0.85     0.0594     0.0816 
34        0.0789     0.0928    26.0778       34     0.83     0.0139     0.0816 
35       -0.0148     0.0932    26.1209       35     0.86    -0.0199     0.0816 
36       -0.0707     0.0932    27.1200       36     0.86    -0.1249     0.0816 
_________
When DF is positive, P-values should be greater than 0.05
(at the 5 per cent level) for model adequacy
Elapsed time:     0.19

