Series:s4
Number of observations:  161
 Year       Jan      Feb      Mar      Apr      May      Jun      Jul      Aug      Sep      Oct      Nov      Dec
 1970     55.90    59.70    56.50    62.70    56.20    55.00    53.10    59.60    52.60    46.00    67.30    50.20
 1971     57.70    57.80    55.60    60.90    56.40    56.80    58.00    54.80    54.30    53.00    58.80    54.90
 1972     56.50    57.60    52.90    61.50    52.90    61.80    60.40    50.50    52.10    61.40    50.50    58.80
 1973     56.60    59.50    54.50    60.10    53.60    61.10    57.60    53.30    53.90    58.50    51.80    60.40
 1974     53.90    59.30    55.50    59.60    55.00    60.50    57.80    53.00    56.30    56.50    54.20    58.40
 1975     57.20    57.00    52.90    63.80    56.80    60.40    58.70    48.70    58.30    57.50    50.30    58.20
 1976     55.60    55.90    54.90    64.10    54.50    62.00    58.30    48.60    58.40    55.50    52.30    58.10
 1977     57.50    56.40    54.80    57.40    57.10    56.30    61.20    50.30    55.50    57.10    56.70    52.50
 1978     57.10    60.90    53.90    54.90    57.00    58.10    58.80    56.30    57.10    58.90    53.00    54.40
 1979     57.50    59.70    50.90    55.20    57.60    55.50    57.80    55.80    59.50    57.50    56.00    53.20
 1980     56.30    54.60    55.20    54.90    55.10    57.40    56.40    53.80    60.00    60.50    59.10    51.90
 1981     53.70    54.70    53.00    57.20    57.90    55.70    54.10    53.50    59.70    62.20    56.30    52.00
 1982     56.60    56.10    51.20    57.30    58.80    57.10    49.00    58.10    62.20    61.10    56.70    48.10
 1983     58.60    54.10    55.20    52.90    62.40


Identified model is: ( 0 , 0 , 1 )( 1 , 0 , 0 )_ 12     with mean 

Initial parameter values:
     -0.6818     -0.5791

Arima Estimation (Levenberg-Marquardt):
Number of iterations:     2
Number of function evaluations:     7
Parameter     Estimate   Std. Error      T-ratio        Lag 
phi12          -0.7585       0.0560     -13.5323         12 
ma1            -0.6028       0.0809      -7.4547          1 

Residual standard error:     2.3144

Root          Real p.     Imag. p.      Modulus  Argument    Period 
sarroot1       0.7585       0.0000       0.7585    0.0000       Inf 
rmaroot1       0.6028       0.0000       0.6028    0.0000       Inf 


Correlations of the estimates:
Parameter        phi12          ma1 
phi12           1.0000       0.1423 
ma1             0.1423       1.0000 

Parameter     Estimate   Std. Error    T-ratio 
mean          56.32480      0.24914     226.07 


Correlations of the regression estimates:
Parameter         mean 
mean            1.0000 


Information criteria:    
AIC       1397.9031 
BIC       1407.1473 

Residuals:
     2.005    1.264    4.893    2.862    0.873   -1.559    1.210   -1.682   -7.727    2.510   -1.821    0.831
    -0.600   -1.194   -0.965   -0.404    1.242    4.875   -1.065    0.164    4.611   -3.064    1.380   -0.030
     0.144   -2.783    0.033   -3.456    3.037    4.641   -1.864   -3.807    5.308   -4.497    0.851    0.661
     2.612    2.353    1.275    0.647    1.018   -1.196    0.678    1.194   -0.949   -0.673    1.798   -1.544
    -0.358    0.349    0.628    1.126    1.238    1.260   -0.265    1.660   -0.468    1.031   -0.388    2.486
    -0.077   -2.840    3.285    3.466    3.004    3.073   -3.245    0.044    1.075   -3.760   -1.959   -2.564
    -2.477   -0.314    1.922   -1.021    1.975    1.370   -1.110   -0.086   -1.762   -0.512    0.050    1.761
     1.465    0.445   -4.548   -0.577   -4.671    0.567    0.182   -2.283    0.030    3.452   -3.084   -1.970
     3.336    0.749   -1.783   -0.982    1.208   -0.489    4.256    3.972    4.388   -0.958    0.404    0.837
     0.415   -3.329   -2.045   -0.464   -2.445   -1.870   -1.628    1.612    0.199    2.323   -0.259   -1.066
    -4.922    0.029   -0.549   -2.517    0.189   -0.924   -2.678   -0.342    3.084    4.886    0.897   -2.060
    -1.552   -3.402   -0.089    2.456    0.046   -2.248   -2.259   -0.769    2.251   -0.767   -1.425    1.413
     1.865   -1.473   -0.571    0.942    1.823   -4.533    1.191    4.039    2.760    2.064   -3.695   -0.155
    -2.142    1.477   -3.268    2.233

Sample autocorrelations and partial autocorrelations:
Order     Autcor         SE    Q-stats       DF P-values     Parcor         SE 
1         0.0448     0.0791     0.3279        0     1.00     0.0448     0.0791 
2        -0.0263     0.0792     0.4415        0     1.00    -0.0284     0.0791 
3         0.0217     0.0793     0.5189        1     0.47     0.0242     0.0791 
4        -0.0355     0.0793     0.7280        2     0.69    -0.0385     0.0791 
5        -0.1492     0.0794     4.4501        3     0.22    -0.1451     0.0791 
6         0.0076     0.0811     4.4597        4     0.35     0.0186     0.0791 
7        -0.0666     0.0811     5.2121        5     0.39    -0.0761     0.0791 
8        -0.0261     0.0815     5.3282        6     0.50    -0.0142     0.0791 
9        -0.0751     0.0815     6.2955        7     0.51    -0.0909     0.0791 
10       -0.0971     0.0820     7.9263        8     0.44    -0.1141     0.0791 
11        0.0733     0.0827     8.8603        9     0.45     0.0793     0.0791 
12        0.0190     0.0831     8.9238       10     0.54    -0.0167     0.0791 
13        0.0460     0.0831     9.2966       11     0.59     0.0475     0.0791 
14        0.0097     0.0833     9.3134       12     0.68    -0.0353     0.0791 
15       -0.0024     0.0833     9.3144       13     0.75    -0.0278     0.0791 
16       -0.1008     0.0833    11.1437       14     0.67    -0.0904     0.0791 
17        0.0631     0.0840    11.8650       15     0.69     0.0565     0.0791 
18       -0.0449     0.0843    12.2332       16     0.73    -0.0464     0.0791 
19        0.0786     0.0845    13.3688       17     0.71     0.0762     0.0791 
20       -0.0021     0.0849    13.3696       18     0.77    -0.0216     0.0791 
21       -0.0536     0.0849    13.9053       19     0.79    -0.0586     0.0791 
22        0.0517     0.0852    14.4071       20     0.81     0.0796     0.0791 
23        0.0783     0.0854    15.5672       21     0.79     0.0530     0.0791 
24       -0.1162     0.0858    18.1423       22     0.70    -0.1039     0.0791 
25        0.1018     0.0868    20.1319       23     0.63     0.0966     0.0791 
26        0.0848     0.0875    21.5241       24     0.61     0.0518     0.0791 
27       -0.0267     0.0880    21.6626       25     0.66     0.0276     0.0791 
28        0.0358     0.0881    21.9140       26     0.69     0.0454     0.0791 
29       -0.0882     0.0882    23.4522       27     0.66    -0.1026     0.0791 
30       -0.0770     0.0887    24.6353       28     0.65    -0.0470     0.0791 
31       -0.0799     0.0891    25.9183       29     0.63    -0.0769     0.0791 
32       -0.0447     0.0896    26.3226       30     0.66    -0.0201     0.0791 
33        0.0100     0.0897    26.3430       31     0.70     0.0401     0.0791 
34        0.0022     0.0897    26.3441       32     0.75    -0.0618     0.0791 
35       -0.0338     0.0897    26.5807       33     0.78     0.0091     0.0791 
36        0.0550     0.0898    27.2130       34     0.79     0.0059     0.0791 
_________
When DF is positive, P-values should be greater than 0.05
(at the 5 per cent level) for model adequacy

Pierce Qs:
Order    Qs-stat      DF  P-value 
1         0.0635       0     1.00 
2         2.6386       1     0.10 
3         3.2708       2     0.19 


Stable seasonality F-test based on residuals:
        DFn     DFd       stat  P-value 
F        11     149     0.5709     0.30 


Residual diagnostics:             
Sample size         160 
                
Median              0.0386 
Mean                0.0524 
Std of mean         0.1818 
T-value of mean     0.2882 

                           P-values 
Normality (BS)      0.5699     0.75 
Skewness           -0.1303     0.50 
Kurtosis            3.1324     0.73 

                            P-value 
Durbin-Watson       1.8997     0.53 
                   
Standard error         2.3144 
Sigma square           5.3563 
Residual variance      5.2866 
Residual std. dev.     2.2993 

Approximate test of runs on residuals:               
Number of runs       75 
Number of (+)        80 
Number of (-)        80 
              
T-value            -0.9517 

Heteroscedasticity test:
         DF       stat  P-value 
H        53     0.7773     0.36 

Sample autocorrelations of squared residuals:
Order     Autcor         SE    Q-stats       DF P-values     Parcor         SE 
1         0.0593     0.0791     0.5729        1     0.45     0.0593     0.0791 
2         0.0230     0.0793     0.6599        2     0.72     0.0196     0.0791 
3         0.0211     0.0794     0.7331        3     0.87     0.0186     0.0791 
4        -0.0643     0.0794     1.4191        4     0.84    -0.0673     0.0791 
5         0.0014     0.0797     1.4194        5     0.92     0.0083     0.0791 
6         0.0437     0.0797     1.7408        6     0.94     0.0459     0.0791 
7        -0.0641     0.0799     2.4368        7     0.93    -0.0675     0.0791 
8         0.0042     0.0802     2.4398        8     0.96     0.0056     0.0791 
9         0.1121     0.0802     4.5975        9     0.87     0.1151     0.0791 
10       -0.0723     0.0812     5.5006       10     0.86    -0.0803     0.0791 
11       -0.0392     0.0816     5.7683       11     0.89    -0.0465     0.0791 
12        0.0658     0.0817     6.5260       12     0.89     0.0749     0.0791 
13       -0.0905     0.0820     7.9703       13     0.85    -0.0777     0.0791 
14       -0.0765     0.0827     9.0088       14     0.83    -0.0901     0.0791 
15       -0.0410     0.0831     9.3094       15     0.86    -0.0388     0.0791 
16        0.0183     0.0832     9.3697       16     0.90     0.0666     0.0791 
17       -0.0346     0.0832     9.5866       17     0.92    -0.0614     0.0791 
18       -0.0517     0.0833    10.0750       18     0.93    -0.0873     0.0791 
19       -0.0352     0.0835    10.3030       19     0.95     0.0129     0.0791 
20       -0.0348     0.0836    10.5274       20     0.96    -0.0222     0.0791 
21       -0.0047     0.0837    10.5315       21     0.97    -0.0450     0.0791 
22       -0.0786     0.0837    11.6933       22     0.96    -0.0659     0.0791 
23        0.0278     0.0842    11.8394       23     0.97     0.0710     0.0791 
24        0.1162     0.0842    14.4142       24     0.94     0.1026     0.0791 
25        0.1062     0.0852    16.5778       25     0.90     0.0670     0.0791 
26       -0.0150     0.0861    16.6211       26     0.92    -0.0273     0.0791 
27       -0.0077     0.0861    16.6326       27     0.94     0.0041     0.0791 
28       -0.0851     0.0861    18.0562       28     0.92    -0.1043     0.0791 
29        0.0758     0.0866    19.1920       29     0.92     0.0921     0.0791 
30        0.0257     0.0870    19.3236       30     0.93     0.0267     0.0791 
31        0.0348     0.0871    19.5663       31     0.94     0.0372     0.0791 
32        0.0329     0.0871    19.7858       32     0.95    -0.0119     0.0791 
33        0.0258     0.0872    19.9214       33     0.96     0.0025     0.0791 
34        0.0695     0.0873    20.9148       34     0.96     0.0891     0.0791 
35       -0.0109     0.0876    20.9394       35     0.97    -0.0460     0.0791 
36       -0.0447     0.0876    21.3567       36     0.97    -0.0681     0.0791 
_________
When DF is positive, P-values should be greater than 0.05
(at the 5 per cent level) for model adequacy
Elapsed time:     0.33

