Series:s5
Number of observations:  155
 Year       Jan      Feb      Mar      Apr      May      Jun      Jul      Aug      Sep      Oct      Nov      Dec
 1970     71.80    71.00    76.20    83.90    80.00    72.40    63.80    65.60    62.10    57.70    77.80    69.60
 1971     73.50    73.00    78.10    86.50    83.40    77.90    74.00    72.90    68.80    67.80    83.30    76.20
 1972     79.60    79.20    81.20    90.90    85.00    84.30    84.80    79.70    71.10    76.50    86.30    81.00
 1973     85.30    87.50    90.60   100.20    93.40    92.90    91.50    86.50    78.30    82.20    91.00    87.90
 1974     90.20    92.50    96.20   106.70   100.50   100.80   100.00    93.60    86.40    88.90    98.00    94.00
 1975     98.50    99.70    99.90   114.60   110.90   112.60   112.50   100.00    92.40    95.70   100.50    95.80
 1976     99.40   100.10   102.00   120.40   115.90   120.20   121.00   106.00    98.10    99.70   104.20   100.30
 1977    105.90   107.60   109.00   122.50   119.00   120.00   124.10   110.00   100.40   103.20   111.70   103.90
 1978    108.40   114.70   116.20   127.40   123.30   126.10   129.90   119.90   112.40   117.00   121.20   111.90
 1979    116.10   122.20   119.50   129.50   126.20   127.70   131.30   121.50   117.30   122.60   129.10   118.40
 1980    121.10   122.70   121.90   132.40   127.60   130.90   134.60   123.00   120.30   129.90   140.70   128.40
 1981    127.20   126.90   123.10   135.10   133.70   136.70   138.10   124.90   123.10   136.40   146.40   132.60
 1982    133.30   134.50   128.10   139.60   139.70   144.30   140.20   129.30   132.10   147.20   157.40


Identified model is: ( 1 , 0 , 0 )( 0 , 1 , 0 )_ 12     with mean 

Initial parameter values:
     -0.6323

Arima Estimation (Levenberg-Marquardt):
Number of iterations:     1
Number of function evaluations:     3
Parameter     Estimate   Std. Error      T-ratio        Lag 
phi1           -0.6364       0.0664      -9.5793          1 

Residual standard error:     2.2279

Root          Real p.     Imag. p.      Modulus  Argument    Period 
rarroot1       0.6364       0.0000       0.6364    0.0000       Inf 


Correlations of the estimates:
Parameter         phi1 
phi1            1.0000 

Parameter     Estimate   Std. Error    T-ratio 
mean           5.65615      0.50627      11.17 


Correlations of the regression estimates:
Parameter         mean 
mean            1.0000 


Information criteria:    
AIC       1204.1111 
BIC       1210.0367 

Residuals:
    -0.924   -1.215   -0.451   -0.097    1.494    4.858   -1.033    0.212    3.994   -2.770    1.258    0.058
     0.476   -2.688    0.585   -3.042    3.540    4.885   -1.915   -3.870    5.394   -4.379    1.049    0.803
     2.830    2.276    1.476    0.639    1.412   -0.615    0.694    1.030   -0.724   -0.770    2.067   -1.333
     0.040    0.576    1.094    1.121    1.539    1.630   -0.152    1.739   -0.297    0.894   -0.197    2.576
     0.076   -2.724    3.703    3.530    3.339    3.148   -3.397    0.085    1.140   -3.670   -1.633   -2.087
    -2.015    0.004    2.622   -0.533    2.576    1.821   -1.252    0.040   -1.470   -0.688    0.303    1.794
     1.521    0.385   -4.197   -0.078   -4.015    1.385    0.185   -2.088    0.194    3.431   -3.015   -1.633
     3.667    0.839   -1.524   -0.660    1.521    0.076    4.367    3.857    4.321   -1.125    0.112    0.767
     0.758   -3.315   -1.842   -0.278   -2.088   -1.460   -1.133    2.040    0.640    2.494   -0.370   -0.979
    -4.524    0.240   -0.469   -2.288    0.467   -0.578   -2.442    0.203    3.549    5.112    0.776   -2.106
    -1.524   -3.315    0.094    2.540    0.076   -2.033   -2.169   -0.251    2.876   -0.279   -1.270    1.585
     1.876   -1.679   -0.524    1.294    1.940   -4.579    1.222    4.358    3.230    2.285

Sample autocorrelations and partial autocorrelations:
Order     Autcor         SE    Q-stats       DF P-values     Parcor         SE 
1         0.0794     0.0839     0.9140        0     1.00     0.0794     0.0839 
2        -0.0785     0.0844     1.8152        1     0.18    -0.0854     0.0839 
3         0.0423     0.0850     2.0785        2     0.35     0.0566     0.0839 
4        -0.0235     0.0851     2.1604        3     0.54    -0.0396     0.0839 
5        -0.1494     0.0852     5.4905        4     0.24    -0.1378     0.0839 
6         0.0550     0.0870     5.9445        5     0.31     0.0757     0.0839 
7        -0.0687     0.0872     6.6599        6     0.35    -0.1066     0.0839 
8        -0.0016     0.0876     6.6603        7     0.47     0.0408     0.0839 
9        -0.0654     0.0876     7.3172        8     0.50    -0.1021     0.0839 
10       -0.0534     0.0879     7.7588        9     0.56    -0.0473     0.0839 
11        0.0935     0.0882     9.1236       10     0.52     0.1123     0.0839 
12        0.1565     0.0889    12.9782       11     0.29     0.1073     0.0839 
13        0.0395     0.0908    13.2249       12     0.35     0.0565     0.0839 
14        0.0193     0.0909    13.2843       13     0.43    -0.0119     0.0839 
15       -0.0122     0.0909    13.3080       14     0.50    -0.0174     0.0839 
16       -0.1360     0.0910    16.3111       15     0.36    -0.1166     0.0839 
17       -0.0167     0.0924    16.3568       16     0.43     0.0276     0.0839 
18       -0.0454     0.0924    16.6966       17     0.48    -0.0678     0.0839 
19        0.0692     0.0926    17.4929       18     0.49     0.1101     0.0839 
20       -0.0286     0.0929    17.6300       19     0.55    -0.0569     0.0839 
21       -0.0081     0.0930    17.6411       20     0.61     0.0184     0.0839 
22        0.0715     0.0930    18.5117       21     0.62     0.0947     0.0839 
23        0.0383     0.0934    18.7640       22     0.66    -0.0373     0.0839 
24       -0.0057     0.0935    18.7697       23     0.71     0.0316     0.0839 
25        0.1148     0.0935    21.0746       24     0.63     0.0373     0.0839 
26        0.0869     0.0945    22.4070       25     0.61     0.0965     0.0839 
27        0.0024     0.0950    22.4081       26     0.67     0.0329     0.0839 
28        0.0657     0.0950    23.1830       27     0.68     0.1187     0.0839 
29       -0.0689     0.0954    24.0410       28     0.68    -0.0718     0.0839 
30       -0.0819     0.0957    25.2652       29     0.66    -0.0351     0.0839 
31       -0.0782     0.0962    26.3925       30     0.65    -0.0981     0.0839 
32       -0.0563     0.0966    26.9821       31     0.67    -0.0522     0.0839 
33        0.0029     0.0969    26.9836       32     0.72     0.0398     0.0839 
34       -0.0449     0.0969    27.3657       33     0.74    -0.1352     0.0839 
35       -0.0557     0.0970    27.9584       34     0.76     0.0288     0.0839 
36        0.0629     0.0972    28.7205       35     0.76    -0.0120     0.0839 
_________
When DF is positive, P-values should be greater than 0.05
(at the 5 per cent level) for model adequacy

Pierce Qs:
Order    Qs-stat      DF  P-value 
1         3.8546       1     0.05 
2         3.8603       2     0.15 
3         4.6224       3     0.20 


Stable seasonality F-test based on residuals:
        DFn     DFd       stat  P-value 
F        11     131     1.3424     0.42 


Residual diagnostics:             
Sample size         142 
                
Median              0.1486 
Mean                0.2601 
Std of mean         0.1850 
T-value of mean     1.4058 

                           P-values 
Normality (BS)      0.7815     0.68 
Skewness            0.0535     0.79 
Kurtosis            2.6527     0.40 

                            P-value 
Durbin-Watson       1.8325     0.32 
                   
Standard error         2.2279 
Sigma square           4.9635 
Residual variance      4.8609 
Residual std. dev.     2.2047 

Approximate test of runs on residuals:               
Number of runs       68 
Number of (+)        71 
Number of (-)        71 
              
T-value            -0.6737 

Heteroscedasticity test:
         DF       stat  P-value 
H        47     1.0299     0.92 

Sample autocorrelations of squared residuals:
Order     Autcor         SE    Q-stats       DF P-values     Parcor         SE 
1         0.1572     0.0839     3.5827        1     0.06     0.1572     0.0839 
2         0.1057     0.0860     5.2154        2     0.07     0.0831     0.0839 
3         0.1145     0.0869     7.1431        3     0.07     0.0890     0.0839 
4         0.0213     0.0879     7.2104        4     0.13    -0.0164     0.0839 
5        -0.0276     0.0880     7.3244        5     0.20    -0.0477     0.0839 
6        -0.0820     0.0880     8.3345        6     0.21    -0.0856     0.0839 
7        -0.0458     0.0886     8.6527        7     0.28    -0.0183     0.0839 
8         0.0343     0.0887     8.8327        8     0.36     0.0683     0.0839 
9        -0.0117     0.0888     8.8538        9     0.45    -0.0010     0.0839 
10       -0.1032     0.0888    10.5030       10     0.40    -0.1087     0.0839 
11        0.0018     0.0897    10.5035       11     0.49     0.0144     0.0839 
12       -0.0205     0.0897    10.5694       12     0.57    -0.0143     0.0839 
13       -0.1607     0.0897    14.6610       13     0.33    -0.1463     0.0839 
14       -0.0923     0.0917    16.0220       14     0.31    -0.0455     0.0839 
15       -0.0847     0.0924    17.1782       15     0.31    -0.0429     0.0839 
16        0.0460     0.0929    17.5217       16     0.35     0.0943     0.0839 
17       -0.1047     0.0931    19.3145       17     0.31    -0.1112     0.0839 
18       -0.1093     0.0939    21.2856       18     0.27    -0.0914     0.0839 
19       -0.1289     0.0948    24.0457       19     0.19    -0.1477     0.0839 
20       -0.0264     0.0960    24.1626       20     0.24     0.0099     0.0839 
21       -0.1371     0.0961    27.3403       21     0.16    -0.0981     0.0839 
22       -0.0719     0.0974    28.2222       22     0.17    -0.0134     0.0839 
23       -0.0394     0.0978    28.4890       23     0.20    -0.0631     0.0839 
24        0.0036     0.0979    28.4912       24     0.24    -0.0065     0.0839 
25       -0.0191     0.0979    28.5549       25     0.28    -0.0532     0.0839 
26        0.0384     0.0979    28.8144       26     0.32     0.0343     0.0839 
27        0.0249     0.0981    28.9249       27     0.36    -0.0476     0.0839 
28       -0.1072     0.0981    30.9860       28     0.32    -0.1903     0.0839 
29        0.0657     0.0989    31.7672       29     0.33     0.0928     0.0839 
30        0.0114     0.0992    31.7911       30     0.38    -0.0131     0.0839 
31        0.0860     0.0992    33.1544       31     0.36     0.0606     0.0839 
32        0.1038     0.0998    35.1556       32     0.32    -0.0184     0.0839 
33        0.1274     0.1005    38.1995       33     0.24     0.0979     0.0839 
34        0.1082     0.1016    40.4148       34     0.21    -0.0160     0.0839 
35        0.0379     0.1025    40.6891       35     0.23    -0.0228     0.0839 
36        0.0063     0.1026    40.6968       36     0.27    -0.0739     0.0839 
_________
When DF is positive, P-values should be greater than 0.05
(at the 5 per cent level) for model adequacy
Elapsed time:     0.15

