   10.0100000000000     
   10.0700000000000     
   10.3200000000000     
   9.75000000000000     
   10.3300000000000     
   10.1300000000000     
   10.3600000000000     
   10.3200000000000     
   10.1300000000000     
   10.1600000000000     
   10.5800000000000     
   10.6200000000000     
   10.8600000000000     
   11.2000000000000     
   10.7400000000000     
   10.5600000000000     
   10.4800000000000     
   10.7700000000000     
   11.3300000000000     
   10.9600000000000     
   11.1600000000000     
   11.7000000000000     
   11.3900000000000     
   11.4200000000000     
   11.9400000000000     
   11.2400000000000     
   11.5900000000000     
   10.9600000000000     
   11.4000000000000     
   11.0200000000000     
   11.0100000000000     
   11.2300000000000     
   11.3300000000000     
   10.8300000000000     
   10.8400000000000     
   11.1400000000000     
   10.3800000000000     
   10.9000000000000     
   11.0500000000000     
   11.1100000000000     
   11.0100000000000     
   11.2200000000000     
   11.2100000000000     
   11.9100000000000     
   11.6900000000000     
   10.9300000000000     
   10.9900000000000     
   11.0100000000000     
   10.8400000000000     
   10.7600000000000     
   10.7700000000000     
   10.8800000000000     
   10.4900000000000     
   10.5000000000000     
   11.0000000000000     
   10.9800000000000     
   10.6100000000000     
   10.4800000000000     
   10.5300000000000     
   11.0700000000000     
   10.6100000000000     
   10.8600000000000     
   10.3400000000000     
   10.7800000000000     
   10.8000000000000     
   10.3300000000000     
   10.4400000000000     
   10.5000000000000     
   10.7500000000000     
   10.4000000000000     
   10.4000000000000     
   10.3400000000000     
   10.5500000000000     
   10.4600000000000     
   10.8200000000000     
   10.9100000000000     
   10.8700000000000     
   10.6700000000000     
   11.1100000000000     
   10.8800000000000     
   11.2800000000000     
   11.2700000000000     
   11.4400000000000     
   11.5200000000000     
   12.1000000000000     
   11.8300000000000     
   12.6200000000000     
   12.4100000000000     
   12.4300000000000     
   12.7300000000000     
   13.0100000000000     
   12.7400000000000     
   12.7300000000000     
   12.7600000000000     
   12.9200000000000     
   12.6400000000000     
   12.7900000000000     
   13.0500000000000     
   12.6900000000000     
   13.0100000000000     
   12.9000000000000     
   13.1200000000000     
   12.4700000000000     
   12.4700000000000     
   12.9400000000000     
   13.1000000000000     
   12.9100000000000     
   13.3900000000000     
   13.1300000000000     
   13.3400000000000     
   13.3400000000000     
   13.1400000000000     
   13.4900000000000     
   13.8700000000000     
   13.3900000000000     
   13.5900000000000     
   13.2700000000000     
   13.7000000000000     
   13.2000000000000     
   13.3200000000000     
   13.1500000000000     
   13.3000000000000     
   12.9400000000000     
   13.2900000000000     
   13.2600000000000     
   13.0800000000000     
   13.2400000000000     
   13.3100000000000     
   13.5200000000000     
   13.0200000000000     
   13.2500000000000     
   13.1200000000000     
   13.2600000000000     
   13.1100000000000     
   13.3000000000000     
   13.0600000000000     
   13.3200000000000     
   13.1000000000000     
   13.2700000000000     
   13.6400000000000     
   13.5800000000000     
   13.8700000000000     
   13.5300000000000     
   13.4100000000000     
   13.2500000000000     
   13.5000000000000     
   13.5800000000000     
   13.5100000000000     
   13.7700000000000     
   13.4000000000000     
