   200.100000000000     
   199.500000000000     
   199.400000000000     
   198.900000000000     
   199.000000000000     
   200.200000000000     
   198.600000000000     
   200.000000000000     
   200.300000000000     
   201.200000000000     
   201.600000000000     
   201.500000000000     
   201.500000000000     
   203.500000000000     
   204.900000000000     
   207.100000000000     
   210.500000000000     
   210.500000000000     
   209.800000000000     
   208.800000000000     
   209.500000000000     
   213.200000000000     
   213.700000000000     
   215.100000000000     
   218.700000000000     
   219.800000000000     
   220.500000000000     
   223.800000000000     
   222.800000000000     
   223.800000000000     
   221.700000000000     
   222.300000000000     
   220.800000000000     
   219.400000000000     
   220.100000000000     
   220.600000000000     
   218.900000000000     
   217.800000000000     
   217.700000000000     
   215.000000000000     
   215.300000000000     
   215.900000000000     
   216.700000000000     
   216.700000000000     
   217.700000000000     
   218.700000000000     
   222.900000000000     
   224.900000000000     
   222.200000000000     
   220.700000000000     
   220.000000000000     
   218.700000000000     
   217.000000000000     
   215.900000000000     
   215.800000000000     
   214.100000000000     
   212.300000000000     
   213.900000000000     
   214.600000000000     
   213.600000000000     
   212.100000000000     
   211.400000000000     
   213.100000000000     
   212.900000000000     
   213.300000000000     
   211.500000000000     
   212.300000000000     
   213.000000000000     
   211.000000000000     
   210.700000000000     
   210.100000000000     
   211.400000000000     
   210.000000000000     
   209.700000000000     
   208.800000000000     
   208.800000000000     
   208.800000000000     
   210.600000000000     
   211.900000000000     
   212.800000000000     
   212.500000000000     
   214.800000000000     
   215.300000000000     
   217.500000000000     
   218.800000000000     
   220.700000000000     
   222.200000000000     
   226.700000000000     
   228.400000000000     
   233.200000000000     
   235.700000000000     
   237.100000000000     
   240.600000000000     
   243.800000000000     
   245.300000000000     
   246.000000000000     
   246.300000000000     
   247.700000000000     
   247.600000000000     
   247.800000000000     
   249.400000000000     
   249.000000000000     
   249.900000000000     
   250.500000000000     
   251.500000000000     
   249.000000000000     
   247.600000000000     
   248.800000000000     
   250.400000000000     
   250.700000000000     
   253.000000000000     
   253.700000000000     
   255.000000000000     
   256.200000000000     
   256.000000000000     
   257.400000000000     
   260.400000000000     
   260.000000000000     
   261.300000000000     
   260.400000000000     
   261.600000000000     
   260.800000000000     
   259.800000000000     
   259.000000000000     
   258.900000000000     
   257.400000000000     
   257.700000000000     
   257.900000000000     
   257.400000000000     
   257.300000000000     
   257.600000000000     
   258.900000000000     
   257.800000000000     
   257.700000000000     
   257.200000000000     
   257.500000000000     
   256.800000000000     
   257.500000000000     
   257.000000000000     
   257.600000000000     
   257.300000000000     
   257.500000000000     
   259.600000000000     
   261.100000000000     
   262.900000000000     
   263.300000000000     
   262.800000000000     
   261.800000000000     
   262.200000000000     
   262.700000000000     
