    112.0000
    118.0000
    132.0000
    129.0000
    121.0000
    135.0000
    148.0000
    148.0000
    136.0000
    119.0000
    104.0000
    118.0000
    115.0000
    126.0000
    141.0000
    135.0000
    125.0000
    149.0000
    170.0000
    170.0000
    158.0000
    133.0000
    114.0000
    140.0000
    145.0000
    150.0000
    178.0000
    163.0000
    172.0000
    178.0000
    199.0000
    199.0000
    184.0000
    162.0000
    146.0000
    166.0000
    171.0000
    180.0000
    193.0000
    181.0000
    183.0000
    218.0000
    230.0000
    242.0000
    209.0000
    191.0000
    172.0000
    194.0000
    196.0000
    196.0000
    236.0000
    235.0000
    229.0000
    243.0000
    264.0000
    272.0000
    237.0000
    211.0000
    180.0000
    201.0000
    204.0000
    188.0000
    235.0000
    227.0000
    234.0000
    264.0000
    302.0000
    293.0000
    259.0000
    229.0000
    203.0000
    229.0000
    242.0000
    233.0000
    267.0000
    269.0000
    270.0000
    315.0000
    364.0000
    347.0000
    312.0000
    274.0000
    237.0000
    278.0000
    284.0000
    277.0000
    317.0000
    313.0000
    318.0000
    374.0000
    413.0000
    405.0000
    355.0000
    306.0000
    271.0000
    306.0000
    315.0000
    301.0000
    356.0000
    348.0000
    355.0000
    422.0000
    465.0000
    467.0000
    404.0000
    347.0000
    305.0000
    336.0000
    340.0000
    318.0000
    362.0000
    348.0000
    363.0000
    435.0000
    491.0000
    505.0000
    404.0000
    359.0000
    310.0000
    337.0000
    360.0000
    342.0000
    406.0000
    396.0000
    420.0000
    472.0000
    548.0000
    559.0000
    463.0000
    407.0000
    362.0000
    405.0000
    417.0000
    391.0000
    419.0000
    461.0000
    472.0000
    535.0000
    622.0000
    606.0000
    508.0000
    461.0000
    390.0000
    432.0000
