    6.0786821e-01
   5.3649989e-01
   5.1708809e-01
   4.1251625e-01
   3.6567020e-01
   4.8274390e-01
   5.4155217e-01
   4.2740528e-01
   4.7362217e-01
   4.7278719e-01
   5.2487274e-01
   6.1937034e-01
   6.5891164e-01
   5.7115243e-01
   6.1545038e-01
   5.2445196e-01
   5.4334940e-01
   4.7572019e-01
   5.8364824e-01
   4.9554840e-01
   5.0357044e-01
   6.2289562e-01
   5.8384008e-01
   7.3629207e-01
   6.3077778e-01
   6.7296669e-01
   7.7638026e-01
   7.8833540e-01
   6.5450799e-01
   6.1481009e-01
   6.6303173e-01
   7.2996523e-01
   6.1747241e-01
   6.3763541e-01
   7.4544887e-01
   9.1165188e-01
   7.7958292e-01
   7.5310369e-01
   8.5086527e-01
   7.5006565e-01
   7.1655322e-01
   8.4601730e-01
   6.4747031e-01
   7.3459396e-01
   5.5702794e-01
   5.6461956e-01
   6.9862048e-01
   7.7628943e-01
   6.0500656e-01
   6.2961344e-01
   6.5860232e-01
   5.3770875e-01
   6.5228920e-01
   5.9643096e-01
   5.5121381e-01
   6.3336994e-01
   4.3185655e-01
   6.4085674e-01
   5.6008311e-01
   8.0805748e-01
   5.5969786e-01
   5.7493657e-01
   5.7157562e-01
   5.4073315e-01
   5.9292321e-01
   6.5560383e-01
   8.2232788e-01
   6.6275796e-01
   6.1319952e-01
   4.6895810e-01
   7.5682984e-01
   8.0494657e-01
   5.9865997e-01
   7.7985670e-01
   6.6577843e-01
   5.7062474e-01
   6.7923698e-01
   5.3643417e-01
   7.5571037e-01
   5.7168139e-01
   6.4521366e-01
   7.0373874e-01
   6.2519515e-01
   6.8326428e-01
   5.2058286e-01
   5.5941406e-01
   7.5713818e-01
   5.0882858e-01
   7.4155116e-01
   7.2614421e-01
   7.1142068e-01
   6.5262209e-01
   7.9572673e-01
   7.4669286e-01
   7.4067180e-01
   6.7697562e-01
   7.5958136e-01
   7.9937931e-01
   8.9796251e-01
   8.5390016e-01
   7.9796912e-01
   9.0520419e-01
   6.8192940e-01
   8.0118149e-01
   8.4445550e-01
   7.6383682e-01
   7.4954626e-01
   8.7379416e-01
   7.4423149e-01
   7.7837104e-01
   8.3526774e-01
   7.1557171e-01
   8.3172585e-01
   7.4075477e-01
   9.4871108e-01
   7.6978370e-01
   7.4809639e-01
   8.6862047e-01
   8.8587718e-01
   8.2985976e-01
   7.9528486e-01
   8.6576829e-01
   8.0960231e-01
   8.5638525e-01
   7.9348887e-01
   7.3463735e-01
   7.8461347e-01
   7.2390405e-01
   6.8061498e-01
   7.0481574e-01
   7.6751379e-01
   8.1645157e-01
   7.9382140e-01
   6.8411924e-01
   6.7875780e-01
   6.5827819e-01
   7.6527192e-01
   7.1467905e-01
   6.8463394e-01
   6.4446731e-01
   6.7766625e-01
   5.7424580e-01
   7.3925726e-01
   7.6333195e-01
   6.8833478e-01
   7.2683231e-01
   6.8834159e-01
   6.4995545e-01
   6.9946298e-01
   6.5354292e-01
   7.0893662e-01
   5.3804299e-01
   6.7980732e-01
   5.9936625e-01
   6.9742681e-01
