   1.0120600e+02
   1.0497600e+02
   1.1608000e+02
   9.9119000e+01
   1.0898400e+02
   1.1022200e+02
   1.0926500e+02
   8.3693000e+01
   1.0799600e+02
   1.0253700e+02
   1.0545100e+02
   9.4424000e+01
   9.8518000e+01
   1.0141800e+02
   1.0414200e+02
   9.1362000e+01
   1.0370900e+02
   1.0210200e+02
   1.0441400e+02
   8.0732000e+01
   9.4534000e+01
   1.0194900e+02
   9.7218000e+01
   8.4802000e+01
   9.4953000e+01
   9.2564000e+01
   9.3328000e+01
   9.7041000e+01
   1.0061400e+02
   9.7313000e+01
   1.0537500e+02
   7.7203000e+01
   9.7955000e+01
   1.0311100e+02
   9.7084000e+01
   8.8283000e+01
   9.4691000e+01
   9.5181000e+01
   1.0086100e+02
   9.4962000e+01
   1.0123500e+02
   9.9994000e+01
   1.0652700e+02
   7.5341000e+01
   1.0147300e+02
   1.0401700e+02
   9.6792000e+01
   9.1044000e+01
   9.2481000e+01
   9.6267000e+01
   1.0590400e+02
   9.7291000e+01
   1.0254100e+02
   1.0740100e+02
   1.1293700e+02
   7.9079000e+01
   1.0541400e+02
   1.0385300e+02
   1.0266100e+02
   9.4170000e+01
   9.5367000e+01
   1.0268000e+02
   1.0490700e+02
   1.0631800e+02
   1.0497000e+02
   1.0630200e+02
   1.0411100e+02
   8.3680000e+01
   1.0629100e+02
   1.0254700e+02
   1.0760100e+02
   9.4060000e+01
   1.0193200e+02
   1.0127000e+02
   1.1468700e+02
   9.4761000e+01
   1.1142200e+02
   1.1101600e+02
   1.0699700e+02
   8.5885000e+01
   1.0646100e+02
   1.0945400e+02
   1.1267600e+02
   9.7018000e+01
