  0.971000000000000     
   1.98400000000000     
  -2.51000000000000     
   1.18800000000000     
 -0.835000000000000     
   1.35800000000000     
  -1.11900000000000     
  0.225000000000000     
 -0.350000000000000     
   2.10300000000000     
  -1.33800000000000     
 -0.707000000000000     
 -0.232000000000000     
  0.268000000000000     
 -0.357000000000000     
  0.278000000000000     
   2.73600000000000     
  -2.19200000000000     
 -2.100000000000000E-002
   1.36100000000000     
 -0.709000000000000     
  0.758000000000000     
   1.21100000000000     
  -2.04300000000000     
 -0.400000000000000     
  0.694000000000000     
  -1.05400000000000     
   1.02200000000000     
 -0.151000000000000     
  -1.64000000000000     
 -2.600000000000000E-002
   1.38200000000000     
 -0.436000000000000     
   1.84300000000000     
 -0.100000000000000     
  -2.03700000000000     
 -0.228000000000000     
   2.18800000000000     
 -0.859000000000000     
  0.421000000000000     
 -0.881000000000000     
  0.351000000000000     
 -0.426000000000000     
   1.14900000000000     
  7.000000000000001E-002
  -1.14700000000000     
  0.749000000000000     
  -1.28100000000000     
  6.800000000000000E-002
   1.16900000000000     
 -0.787000000000000     
   1.46800000000000     
 -0.842000000000000     
  -1.71000000000000     
  0.882000000000000     
   2.43600000000000     
  -1.37300000000000     
  -1.03000000000000     
   2.09300000000000     
 -0.538000000000000     
  0.930000000000000     
 -0.848000000000000     
  -2.36800000000000     
  0.765000000000000     
   1.32200000000000     
  -1.07800000000000     
  0.743000000000000     
  -1.55500000000000     
 -1.600000000000000E-002
 -0.225000000000000     
  0.902000000000000     
   2.08700000000000     
  -1.91700000000000     
 -0.952000000000000     
   3.64700000000000     
