   154.000000000000     
   96.0000000000000     
   73.0000000000000     
   49.0000000000000     
   36.0000000000000     
   59.0000000000000     
   95.0000000000000     
   169.000000000000     
   210.000000000000     
   278.000000000000     
   298.000000000000     
   245.000000000000     
   200.000000000000     
   118.000000000000     
   90.0000000000000     
   79.0000000000000     
   78.0000000000000     
   91.0000000000000     
   167.000000000000     
   169.000000000000     
   289.000000000000     
   347.000000000000     
   375.000000000000     
   203.000000000000     
   223.000000000000     
   104.000000000000     
   107.000000000000     
   85.0000000000000     
   75.0000000000000     
   99.0000000000000     
   135.000000000000     
   211.000000000000     
   335.000000000000     
   460.000000000000     
   488.000000000000     
   326.000000000000     
   346.000000000000     
   261.000000000000     
   224.000000000000     
   141.000000000000     
   148.000000000000     
   145.000000000000     
   223.000000000000     
   272.000000000000     
   445.000000000000     
   560.000000000000     
   612.000000000000     
   467.000000000000     
   518.000000000000     
   404.000000000000     
   300.000000000000     
   210.000000000000     
   196.000000000000     
   186.000000000000     
   247.000000000000     
   343.000000000000     
   464.000000000000     
   680.000000000000     
   711.000000000000     
   610.000000000000     
   613.000000000000     
   392.000000000000     
   273.000000000000     
   322.000000000000     
   189.000000000000     
   257.000000000000     
   324.000000000000     
   404.000000000000     
   677.000000000000     
   858.000000000000     
   895.000000000000     
   664.000000000000     
   628.000000000000     
   308.000000000000     
   324.000000000000     
   248.000000000000     
   272.000000000000     
