1971 4 1986 7.31
1971 5 2049 7.43
1971 6 2026 7.53
1971 7 2083 7.6
1971 8 2158 7.7
1971 9 2041 7.69
1971 10 2128 7.63
1971 11 2182 7.55
1971 12 2295 7.48
1972 1 2494 7.44
1972 2 2390 7.33
1972 3 2334 7.3
1972 4 2249 7.29
1972 5 2221 7.37
1972 6 2254 7.37
1972 7 2252 7.4
1972 8 2382 7.4
1972 9 2481 7.42
1972 10 2485 7.42
1972 11 2421 7.43
1972 12 2366 7.44
1973 1 2481 7.44
1973 2 2289 7.44
1973 3 2365 7.46
1973 4 2084 7.54
1973 5 2266 7.65
1973 6 2067 7.73
1973 7 2123 8.05
1973 8 2051 8.5
1973 9 1874 8.82
1973 10 1677 8.77
1973 11 1724 8.58
1973 12 1526 8.54
1974 1 1451 8.54
1974 2 1752 8.46
1974 3 1555 8.41
1974 4 1607 8.58
1974 5 1426 8.97
1974 6 1513 9.09
1974 7 1316 9.28
1974 8 1142 9.59
1974 9 1150 9.96
1974 10 1070 9.98
1974 11 1026 9.79
1974 12 975 9.62
1975 1 1032 9.43
1975 2 904 9.11
1975 3 993 8.9
1975 4 1005 8.82
1975 5 1121 8.91
1975 6 1087 8.89
1975 7 1226 8.89
1975 8 1260 8.94
1975 9 1264 9.13
1975 10 1344 9.22
1975 11 1360 9.15
1975 12 1321 9.1
1976 1 1367 9.02
1976 2 1538 8.81
1976 3 1421 8.76
1976 4 1395 8.73
1976 5 1459 8.77
1976 6 1495 8.85
1976 7 1401 8.93
1976 8 1550 9
1976 9 1720 8.98
1976 10 1629 8.93
1976 11 1641 8.81
1976 12 1804 8.79
1977 1 1527 8.72
1977 2 1943 8.67
1977 3 2063 8.69
1977 4 1892 8.75
1977 5 1971 8.82
1977 6 1893 8.86
1977 7 2058 8.94
1977 8 2020 8.94
1977 9 1949 8.9
1977 10 2042 8.92
1977 11 2042 8.92
1977 12 2142 8.96
1978 1 1718 9.02
1978 2 1738 9.16
1978 3 2032 9.2
1978 4 2197 9.36
1978 5 2075 9.58
1978 6 2070 9.71
1978 7 2092 9.74
1978 8 1996 9.79
1978 9 1970 9.76
1978 10 1981 9.86
1978 11 2094 10.11
1978 12 2044 10.35
1979 1 1630 10.39
1979 2 1520 10.41
1979 3 1847 10.43
1979 4 1748 10.5
1979 5 1876 10.69
1979 6 1913 11.04
1979 7 1760 11.09
1979 8 1778 11.09
1979 9 1832 11.3
1979 10 1681 11.64
1979 11 1524 12.83
1979 12 1498 12.9
1980 1 1341 12.88
1980 2 1350 13.04
1980 3 1047 15.28
1980 4 1051 16.33
1980 5 927 14.26
1980 6 1196 12.71
1980 7 1269 12.19
1980 8 1436 12.56
1980 9 1471 13.2
1980 10 1523 13.79
1980 11 1510 14.21
1980 12 1482 14.79
1981 1 1547 14.9
1981 2 1246 15.13
1981 3 1306 15.4
1981 4 1360 15.58
1981 5 1140 16.4
1981 6 1045 16.7
1981 7 1041 16.83
1981 8 940 17.29
1981 9 911 18.16
1981 10 873 18.45
1981 11 837 17.83
1981 12 910 16.92
1982 1 843 17.4
1982 2 866 17.6
1982 3 931 17.16
1982 4 917 16.89
1982 5 1025 16.68
1982 6 902 16.7
1982 7 1166 16.82
1982 8 1046 16.27
1982 9 1144 15.43
1982 10 1173 14.61
1982 11 1372 13.83
1982 12 1303 13.62
1983 1 1586 13.25
1983 2 1699 13.04
1983 3 1606 12.8
1983 4 1472 12.78
1983 5 1776 12.63
1983 6 1733 12.87
1983 7 1785 13.42
1983 8 1910 13.81
1983 9 1710 13.73
1983 10 1715 13.54
1983 11 1785 13.44
1983 12 1688 13.42
1984 1 1897 13.37
1984 2 2260 13.23
1984 3 1663 13.39
1984 4 1851 13.65
1984 5 1774 13.94
1984 6 1843 14.42
1984 7 1732 14.67
1984 8 1586 14.47
1984 9 1698 14.35
1984 10 1590 14.13
1984 11 1689 13.64
1984 12 1612 13.18
1985 1 1711 13.08
1985 2 1632 12.92
1985 3 1800 13.17
1985 4 1821 13.2
1985 5 1680 12.91
1985 6 1676 12.22
1985 7 1684 12.03
1985 8 1743 12.19
1985 9 1676 12.19
1985 10 1834 12.14
1985 11 1698 11.78
1985 12 1942 11.26
1986 1 1972 10.88
1986 2 1848 10.71
1986 3 1876 10.08
1986 4 1933 9.94
1986 5 1854 10.14
1986 6 1847 10.68
1986 7 1782 10.51
1986 8 1807 10.2
1986 9 1687 10.01
1986 10 1681 9.97
1986 11 1623 9.7
1986 12 1833 9.31
1987 1 1774 9.2
1987 2 1784 9.08
1987 3 1726 9.04
1987 4 1614 9.83
1987 5 1628 10.6
1987 6 1594 10.54
1987 7 1575 10.28
1987 8 1605 10.33
1987 9 1695 10.89
1987 10 1515 11.26
1987 11 1656 10.65
1987 12 1400 10.65
1988 1 1271 10.43
1988 2 1473 9.89
1988 3 1532 9.93
1988 4 1573 10.2
1988 5 1421 10.46
1988 6 1478 10.46
1988 7 1467 10.43
1988 8 1493 10.6
1988 9 1492 10.48
1988 10 1522 10.3
1988 11 1569 10.27
1988 12 1563 10.61
1989 1 1621 10.73
1989 2 1425 10.65
1989 3 1422 11.03
1989 4 1339 11.05
1989 5 1331 10.77
1989 6 1397 10.2
1989 7 1427 9.88
1989 8 1332 9.99
1989 9 1279 10.13
1989 10 1410 9.95
1989 11 1351 9.77
1989 12 1251 9.74
1990 1 1551 9.9
1990 2 1437 10.2
1990 3 1289 10.27
1990 4 1248 10.37
1990 5 1212 10.48
1990 6 1177 10.16
1990 7 1171 10.04
1990 8 1115 10.1
1990 9 1110 10.18
1990 10 1014 10.18
1990 11 1145 10.01
1990 12 969 9.67
1991 1 798 9.64
1991 2 965 9.37
1991 3 921 9.5
1991 4 1001 9.49
1991 5 996 9.47
1991 6 1036 9.62
1991 7 1063 9.58
1991 8 1049 9.24
1991 9 1015 9.01
1991 10 1079 8.86
1991 11 1103 8.71
1991 12 1079 8.5
1992 1 1176 8.43
1992 2 1250 8.76
1992 3 1297 8.94
1992 4 1099 8.85
1992 5 1214 8.67
1992 6 1145 8.51
1992 7 1139 8.13
1992 8 1226 7.98
1992 9 1186 7.92
1992 10 1244 8.09
1992 11 1214 8.31
1992 12 1227 8.22
1993 1 1210 8.02
1993 2 1210 7.68
1993 3 1083 7.5
1993 4 1258 7.47
1993 5 1260 7.47
1993 6 1280 7.42
1993 7 1254 7.21
1993 8 1300 7.11
1993 9 1343 6.92
1993 10 1392 6.83
1993 11 1376 7.16
1993 12 1533 7.17
1994 1 1272 7.06
1994 2 1337 7.15
1994 3 1564 7.68
1994 4 1465 8.32
1994 5 1526 8.6
1994 6 1409 8.4
1994 7 1439 8.61
1994 8 1450 8.51
1994 9 1474 8.64
1994 10 1450 8.93
1994 11 1511 9.17
1994 12 1455 9.2
1995 1 1407 9.15
1995 2 1316 8.83
1995 3 1249 8.46
1995 4 1267 8.32
1995 5 1314 7.96
1995 6 1281 7.57
1995 7 1461 7.61
1995 8 1416 7.86
1995 9 1369 7.64
1995 10 1369 7.48
1995 11 1452 7.38
1995 12 1431 7.2
1996 1 1467 7.03
1996 2 1491 7.08
1996 3 1424 7.62
1996 4 1516 7.93
1996 5 1504 8.07
1996 6 1467 8.32
1996 7 1472 8.25
1996 8 1557 8
1996 9 1475 8.23
1996 10 1392 7.92
1996 11 1489 7.62
1996 12 1370 7.6
1997 1 1355 7.82
1997 2 1486 7.65
1997 3 1457 7.9
1997 4 1492 8.14
1997 5 1442 7.94
1997 6 1494 7.69
1997 7 1437 7.5
1997 8 1390 7.48
1997 9 1546 7.43
1997 10 1520 7.29
1997 11 1510 7.21
1997 12 1566 7.1
1998 1 1525 6.99
1998 2 1584 7.04
1998 3 1567 7.13
1998 4 1540 7.14
1998 5 1536 7.14
1998 6 1641 7
1998 7 1698 6.95
1998 8 1614 6.92
1998 9 1582 6.72
1998 10 1715 6.71
1998 11 1660 6.87
1998 12 1792 6.72
1999 1 1748 6.79
1999 2 1670 6.81
1999 3 1710 7.04
1999 4 1553 6.92
1999 5 1611 7.15
1999 6 1559 7.55
1999 7 1669 7.63
1999 8 1648 7.94
1999 9 1635 7.82
1999 10 1608 7.85
1999 11 1648 7.74
1999 12 1708 7.91
2000 1 1636 8.21
2000 2 1737 8.33
2000 3 1604 8.24
2000 4 1626 8.15
2000 5 1575 8.52
2000 6 1559 8.29
2000 7 1463 8.15
2000 8 1541 8.03
2000 9 1507 7.91
2000 10 1549 7.8
2000 11 1551 7.75
2000 12 1532 7.38
2001 1 1600 7.03
2001 2 1625 7.05
2001 3 1590 6.95
2001 4 1649 7.08
2001 5 1605 7.15
2001 6 1636 7.16
2001 7 1670 7.13
2001 8 1567 6.95
2001 9 1562 6.82
2001 10 1540 6.62
2001 11 1602 6.66
2001 12 1568 7.07
2002 1 1698 7
2002 2 1829 6.89
2002 3 1642 7.01
2002 4 1592 6.99
2002 5 1764 6.81
2002 6 1717 6.65
2002 7 1655 6.49
2002 8 1633 6.29
2002 9 1804 6.09
2002 10 1648 6.11
2002 11 1753 6.07
2002 12 1788 6.05
2003 1 1853 5.92
2003 2 1629 5.84
2003 3 1726 5.75
2003 4 1643 5.81
2003 5 1751 5.48
2003 6 1867 5.23
2003 7 1897 5.63
2003 8 1833 6.26
2003 9 1939 6.15
2003 10 1967 5.95
2003 11 2083 5.93
2003 12 2057 5.88
2004 1 1911 5.74
2004 2 1846 5.64
2004 3 1998 5.45
2004 4 2003 5.83
2004 5 1981 6.27
2004 6 1828 6.29
2004 7 2002 6.06
2004 8 2024 5.87
2004 9 1905 5.75
2004 10 2072 5.72
2004 11 1782 5.73
2004 12 2042 5.75
2005 1 2144 5.71
2005 2 2207 5.63
2005 3 1864 5.93
2005 4 2061 5.86
2005 5 2025 5.72
2005 6 2068 5.58
2005 7 2054 5.7
2005 8 2095 5.82
2005 9 2151 5.77
2005 10 2065 6.07
2005 11 2147 6.33
2005 12 1994 6.27
2006 1 2273 6.15
2006 2 2119 6.25
2006 3 1969 6.32
2006 4 1821 6.51
2006 5 1942 6.6
2006 6 1802 6.68
2006 7 1737 6.76
2006 8 1650 6.52
2006 9 1720 6.4
2006 10 1491 6.36
2006 11 1570 6.24
2006 12 1649 6.14
2007 1 1409 6.22
2007 2 1480 6.29
2007 3 1495 6.16
2007 4 1490 6.18
2007 5 1415 6.26
2007 6 1448 6.66
2007 7 1354 6.7
2007 8 1330 6.57
2007 9 1183 6.38
2007 10 1264 6.38
2007 11 1197 6.21
2007 12 1037 6.1
2008 1 1084 5.76
2008 2 1103 5.92
2008 3 1005 5.97
2008 4 1013 5.92
2008 5 973 6.04
2008 6 1046 6.32
2008 7 923 6.43
2008 8 844 6.48
2008 9 820 6.04
2008 10 777 6.2
2008 11 652 6.09
2008 12 560 5.33
2009 1 490 5.06
2009 2 582 5.13
2009 3 505 5
2009 4 478 4.81
2009 5 540 4.86
2009 6 585 5.42
2009 7 594 5.22
2009 8 586 5.19
2009 9 585 5.06
2009 10 534 4.95
2009 11 588 4.88
2009 12 581 4.93
2010 1 615 5.03
2010 2 603 4.99
2010 3 626 4.97
2010 4 687 5.1
2010 5 580 4.89
2010 6 539 4.74
2010 7 550 4.56
2010 8 606 4.43
2010 9 597 4.35
2010 10 539 4.23
2010 11 551 4.3
2010 12 526 4.71
2011 1 636 4.76
2011 2 518 4.95
2011 3 593 4.84
2011 4 549 4.84
2011 5 553 4.64
2011 6 615 4.51
2011 7 615 4.55
2011 8 585 4.27
2011 9 646 4.11
2011 10 628 4.07
2011 11 702 3.99
2011 12 681 3.96
2012 1 714 3.92
2012 2 694 3.89
2012 3 654 3.95
