1960   1      3.99    4.35     4.95
1960   2      3.97    3.96     4.45
1960   3      3.84    3.31     3.68
1960   4      3.92    3.23     3.83
1960   5      3.85    3.29     4.01
1960   6      3.32    2.46     3.10
1960   7      3.23    2.30     3.03
1960   8      2.98    2.30     2.82
1960   9      2.60    2.48     2.86
1960  10      2.47    2.30     2.92
1960  11      2.44    2.37     2.87
1960  12      1.98    2.25     2.64
1961   1      1.85    2.24     2.63
1961   2      2.14    2.42     2.75
1961   3      2.02    2.39     2.76
1961   4      1.50    2.29     2.74
1961   5      1.98    2.29     2.72
1961   6      1.73    2.33     2.80
1961   7      1.56    2.24     2.79
1961   8      2.00    2.39     2.91
1961   9      1.88    2.28     2.88
1961  10      2.26    2.30     2.90
1961  11      2.62    2.48     2.90
1961  12      2.33    2.60     2.97
1962   1      2.14    2.72     3.19
1962   2      2.37    2.73     3.21
1962   3      2.70    2.72     2.98
1962   4      2.69    2.73     2.90
1962   5      2.29    2.68     2.91
1962   6      2.68    2.73     2.89
1962   7      2.71    2.92     3.17
1962   8      2.93    2.82     3.10
1962   9      2.90    2.78     2.99
1962  10      2.90    2.74     2.90
1962  11      2.94    2.83     2.94
1962  12      2.93    2.87     2.94
1963   1      2.91    2.91     3.00
1963   2      3.00    2.92     3.00
1963   3      2.98    2.89     2.97
1963   4      2.90    2.90     3.03
1963   5      3.00    2.92     3.06
1963   6      2.99    2.99     3.11
1963   7      3.02    3.18     3.40
1963   8      3.49    3.32     3.50
1963   9      3.48    3.38     3.57
1963  10      3.50    3.45     3.61
1963  11      3.48    3.52     3.67
1963  12      3.38    3.52     3.69
1964   1      3.48    3.52     3.68
1964   2      3.48    3.53     3.71
1964   3      3.43    3.54     3.78
1964   4      3.47    3.47     3.75
1964   5      3.50    3.48     3.71
1964   6      3.50    3.48     3.70
1964   7      3.42    3.46     3.64
1964   8      3.50    3.50     3.67
1964   9      3.45    3.53     3.73
1964  10      3.36    3.57     3.79
1964  11      3.52    3.64     3.86
1964  12      3.85    3.84     3.96
1965   1      3.90    3.81     3.91
1965   2      3.98    3.93     4.00
1965   3      4.04    3.93     4.02
1965   4      4.09    3.93     4.00
1965   5      4.10    3.89     3.96
1965   6      4.04    3.80     3.89
1965   7      4.09    3.84     3.89
1965   8      4.12    3.84     3.96
1965   9      4.01    3.92     4.09
1965  10      4.08    4.03     4.16
1965  11      4.10    4.09     4.23
1965  12      4.32    4.38     4.56
1966   1      4.42    4.59     4.69
1966   2      4.60    4.65     4.81
1966   3      4.65    4.59     4.81
1966   4      4.67    4.62     4.76
1966   5      4.90    4.64     4.85
1966   6      5.17    4.50     4.78
1966   7      5.30    4.80     4.94
1966   8      5.53    4.96     5.34
1966   9      5.40    5.37     5.80
1966  10      5.53    5.35     5.52
1966  11      5.77    5.32     5.49
1966  12      5.40    4.96     5.00
1967   1      4.94    4.72     4.61
1967   2      5.00    4.56     4.57
1967   3      4.53    4.26     4.18
1967   4      4.05    3.84     3.90
1967   5      3.94    3.60     3.88
1967   6      3.98    3.54     4.16
1967   7      3.79    4.21     4.90
1967   8      3.89    4.27     5.05
1967   9      4.00    4.42     5.10
1967  10      3.88    4.56     5.22
1967  11      4.12    4.73     5.39
1967  12      4.51    4.97     5.59
1968   1      4.60    5.00     5.30
1968   2      4.72    4.98     5.24
1968   3      5.05    5.17     5.42
1968   4      5.76    5.38     5.47
1968   5      6.12    5.66     5.84
1968   6      6.07    5.52     5.68
1968   7      6.02    5.31     5.39
1968   8      6.03    5.09     5.15
1968   9      5.78    5.19     5.18
1968  10      5.92    5.35     5.33
1968  11      5.81    5.45     5.51
1968  12      6.02    5.96     5.97
1969   1      6.30    6.14     6.07
1969   2      6.64    6.12     6.21
1969   3      6.79    6.02     6.20
1969   4      7.41    6.11     6.04
1969   5      8.67    6.04     6.11
1969   6      8.90    6.44     6.88
1969   7      8.61    7.00     7.19
1969   8      9.19    6.98     7.28
1969   9      9.15    7.09     7.35
1969  10      9.00    7.00     7.21
1969  11      8.85    7.24     7.36
1969  12      8.97    7.82     7.62
1970   1      8.98    7.87     7.51
1970   2      8.98    7.13     7.05
1970   3      7.76    6.63     6.50
1970   4      8.10    6.51     6.53
1970   5      7.94    6.84     7.12
1970   6      7.60    6.68     7.07
1970   7      7.21    6.45     6.62
1970   8      6.61    6.41     6.55
1970   9      6.29    6.13     6.39
1970  10      6.20    5.91     6.23
1970  11      5.60    5.28     5.39
1970  12      4.90    4.87     4.84
1971   1      4.14    4.44     4.40
1971   2      3.72    3.70     3.84
1971   3      3.71    3.38     3.60
1971   4      4.15    3.86     4.09
1971   5      4.63    4.14     4.64
1971   6      4.91    4.75     5.33
1971   7      5.31    5.40     5.74
1971   8      5.57    4.94     5.52
1971   9      5.55    4.69     5.19
1971  10      5.20    4.46     4.75
1971  11      4.91    4.22     4.49
1971  12      4.14    4.01     4.40
1972   1      3.50    3.38     3.82
1972   2      3.29    3.20     4.06
1972   3      3.83    3.73     4.43
1972   4      4.17    3.71     4.65
1972   5      4.27    3.69     4.46
1972   6      4.46    3.91     4.71
1972   7      4.55    3.98     4.90
1972   8      4.80    4.02     4.90
1972   9      4.87    4.66     5.44                 
1972  10      5.04    4.74     5.39
1972  11      5.06    4.78     5.20
1972  12      5.33    5.07     5.28
1973   1      5.94    5.41     5.58
1973   2      6.58    5.60     5.93
1973   3      7.09    6.09     6.53
1973   4      7.12    6.26     6.51
1973   5      7.84    6.36     6.63
1973   6      8.49    7.19     7.05
1973   7     10.40    8.01     7.97
1973   8     10.50    8.67     8.32
1973   9     10.78    8.29     8.07
1973  10     10.01    7.22     7.17
1973  11     10.03    7.83     7.40
1973  12      9.95    7.45     7.01
1974   1      9.65    7.77     7.01
1974   2      8.97    7.12     6.51
1974   3      9.35    7.96     7.34
1974   4     10.51    8.33     8.08
1974   5     11.31    8.23     8.21
1974   6     11.93    7.90     8.16
1974   7     12.92    7.55     8.04
1974   8     12.01    8.96     8.88
1974   9     11.34    8.06     8.52
1974  10     10.06    7.46     7.59
1974  11      9.45    7.47     7.29
1974  12      8.53    7.15     6.79
1975   1      7.13    6.26     6.27
1975   2      6.24    5.50     5.56
1975   3      5.54    5.49     5.70
1975   4      5.49    5.61     6.40
1975   5      5.22    5.23     5.91
1975   6      5.55    5.34     5.86
1975   7      6.10    6.13     6.64
1975   8      6.14    6.44     7.16
1975   9      6.24    6.42     7.20
1975  10      5.82    5.96     6.48
1975  11      5.22    5.48     6.07
1975  12      5.20    5.44     6.16
1976   1      4.87    4.87     5.44
1976   2      4.77    4.88     5.53
1976   3      4.84    5.00     5.82
1976   4      4.82    4.86     5.54
1976   5      5.29    5.20     5.98
1976   6      5.48    5.41     6.12
1976   7      5.31    5.23     5.82
1976   8      5.29    5.14     5.64
1976   9      5.25    5.08     5.50
1976  10      5.03    4.92     5.19
1976  11      4.95    4.75     5.00
1976  12      4.65    4.35     4.64
1977   1      4.61    4.62     5.00
1977   2      4.68    4.67     5.16
1977   3      4.69    4.60     5.19
1977   4      4.73    4.54     5.10
1977   5      5.35    4.96     5.43
1977   6      5.39    5.02     5.41
1977   7      5.42    5.19     5.57
1977   8      5.90    5.49     5.97
1977   9      6.14    5.81     6.13
1977  10      6.47    6.16     6.52
1977  11      6.51    6.10     6.52
1977  12      6.56    6.07     6.52
1978   1      6.70    6.44     6.80
1978   2      6.78    6.45     6.86
1978   3      6.79    6.29     6.82
1978   4      6.89    6.29     6.96
1978   5      7.36    6.41     7.28
1978   6      7.60    6.73     7.53
1978   7      7.81    7.01     7.79
1978   8      8.04    7.08     7.73
1978   9      8.45    7.85     8.01
1978  10      8.96    7.99     8.45
1978  11      9.76    8.64     9.20
1978  12     10.03    9.08     9.44
1979   1     10.07    9.35     9.54
1979   2     10.06    9.32     9.39
1979   3     10.09    9.48     9.38
1979   4     10.01    9.46     9.28
1979   5     10.24    9.61     9.27
1979   6     10.29    9.06     8.81
1979   7     10.47    9.24     8.87
1979   8     10.94    9.52     9.16
1979   9     11.43   10.26     9.89
1979  10     13.77   11.70    11.23
1979  11     13.18   11.79    11.22
1979  12     13.78   12.04    10.92













































































































