   5.8593460e+01
   5.9544392e+01
   5.9893387e+01
   6.0581315e+01
   6.0943076e+01
   6.1934541e+01
   6.2696613e+01
   6.3479960e+01
   6.4161986e+01
   6.3745925e+01
   6.5025941e+01
   6.4171033e+01
   6.5215242e+01
   6.4665057e+01
   6.4785998e+01
   6.5487561e+01
   6.6006108e+01
   6.6168071e+01
   6.6072949e+01
   6.6697821e+01
   6.7166282e+01
   6.7103075e+01
   6.6692834e+01
   6.7776009e+01
   6.7075438e+01
   6.7419371e+01
   6.7290443e+01
   6.7249151e+01
   6.7468439e+01
   6.7865574e+01
   6.7772472e+01
   6.7587902e+01
   6.7516311e+01
   6.8032065e+01
   6.8579590e+01
   6.8979702e+01
   6.8740189e+01
   6.8649529e+01
   6.9063972e+01
   6.8879873e+01
   6.8808360e+01
   6.9877318e+01
   7.0353537e+01
   7.0222631e+01
   7.0241310e+01
   7.0995685e+01
   7.1406097e+01
   7.1158106e+01
   7.1312293e+01
   7.1781885e+01
   7.1822610e+01
   7.2066452e+01
   7.2175844e+01
   7.1893703e+01
   7.2781953e+01
   7.2262774e+01
   7.2337389e+01
   7.3177699e+01
   7.3061899e+01
   7.3456784e+01
   7.4400989e+01
   7.4321298e+01
   7.4486794e+01
   7.4651332e+01
   7.4519523e+01
   7.4964926e+01
   7.5333415e+01
   7.5944799e+01
   7.6403630e+01
   7.6592151e+01
   7.6227410e+01
   7.6974712e+01
   7.7741265e+01
   7.7680041e+01
   7.9572509e+01
   7.9930184e+01
   8.2326303e+01
   8.0962761e+01
   7.8523355e+01
   8.0714646e+01
   8.0869620e+01
   8.0906812e+01
   8.1868806e+01
   8.2370631e+01
   8.3596629e+01
   8.5850842e+01
   8.4920862e+01
   8.5709753e+01
   8.5188126e+01
   8.4252983e+01
   8.6695489e+01
   8.5113936e+01
   8.6072888e+01
   8.6134984e+01
   8.6503847e+01
   8.6985299e+01
   8.8907607e+01
   8.9275488e+01
   8.8681420e+01
   8.7775140e+01
   8.8935918e+01
   8.8453287e+01
   8.8948645e+01
   8.9942076e+01
   8.8983040e+01
   9.0364710e+01
   8.9950191e+01
   9.0247402e+01
   8.7089349e+01
   8.8632571e+01
   8.8072713e+01
   8.8717401e+01
   8.8219294e+01
   8.7757370e+01
   8.8974758e+01
   9.0608581e+01
   9.0607079e+01
   9.0622098e+01
   9.2493963e+01
   9.1544485e+01
   9.1932919e+01
   9.1993465e+01
   9.2687614e+01
   9.2275893e+01
   9.1151847e+01
   9.3478409e+01
   9.2954861e+01
   9.0904310e+01
   9.2156430e+01
   9.1115450e+01
   9.0679881e+01
   9.0547008e+01
   9.3889701e+01
   9.3290207e+01
   9.5605247e+01
   9.7019978e+01
   9.7153995e+01
   9.6315072e+01
   9.8484890e+01
   9.7406537e+01
   9.7356975e+01
   9.7941117e+01
   9.7203726e+01
   9.8868118e+01
   9.9267718e+01
   1.0034897e+02
   1.0015676e+02
   9.9341947e+01
   9.8874578e+01
   9.8627251e+01
   9.7278166e+01
   9.8675390e+01
   9.9729137e+01
   1.0118492e+02
   1.0065092e+02
   1.0094952e+02
   9.9337428e+01
   9.9572963e+01
   1.0051512e+02
   1.0132943e+02
   1.0167670e+02
   1.0299265e+02
   1.0267880e+02
   1.0318243e+02
   1.0420529e+02
   1.0485212e+02
   1.0535189e+02
   1.0571911e+02
   1.0611093e+02
   1.0565405e+02
   1.0535195e+02
   1.0631856e+02
   1.0675679e+02
   1.0718588e+02
   1.0702856e+02
   1.0796251e+02
   1.0668792e+02
   1.0749002e+02
   1.0768200e+02
   1.0824941e+02
   1.0671509e+02
   1.0679709e+02
   1.0658741e+02
   1.0645213e+02
   1.0712506e+02
   1.0989455e+02
   1.1101768e+02
   1.1234535e+02
   1.1237149e+02
   1.1250505e+02
   1.1320965e+02
   1.1274574e+02
   1.1424949e+02
   1.1386682e+02
   1.1452375e+02
   1.1506325e+02
   1.1490544e+02
   1.1591900e+02
   1.1566224e+02
   1.1591898e+02
   1.1563037e+02
   1.1607197e+02
   1.1698649e+02
   1.1797634e+02
   1.1890595e+02
   1.1836642e+02
   1.1901586e+02
   1.1962873e+02
   1.2053124e+02
   1.2051801e+02
   1.2107011e+02
   1.2273203e+02
   1.2341582e+02
   1.2373314e+02
   1.2387809e+02
   1.2503380e+02
   1.2577238e+02
   1.2560867e+02
   1.2611781e+02
   1.2691044e+02
   1.2835288e+02
   1.2699698e+02
   1.2848619e+02
   1.2791129e+02
   1.2892635e+02
   1.2989798e+02
   1.3097998e+02
   1.2965462e+02
   1.3584814e+02
   1.3450022e+02
   1.3566911e+02
   1.3521152e+02
   1.3634383e+02
   1.3716905e+02
   1.3620657e+02
   1.3788325e+02
   1.3934116e+02
   1.3892912e+02
   1.3964218e+02
   1.3903441e+02
   1.3936742e+02
   1.4083428e+02
   1.4087458e+02
   1.4132151e+02
   1.4131595e+02
   1.3984837e+02
   1.4279743e+02
   1.4273784e+02
   1.4629102e+02
   1.4400448e+02
   1.4572157e+02
   1.4575032e+02
   1.4494270e+02
   1.4721331e+02
   1.4919522e+02
   1.4841973e+02
   1.4921521e+02
   1.5102439e+02
   1.5125074e+02
   1.5346974e+02
   1.5244877e+02
   1.5207271e+02
   1.5385145e+02
   1.5950352e+02
   1.5966759e+02
   1.5981887e+02
   1.6069455e+02
   1.6054104e+02
   1.6102218e+02
   1.6405690e+02
   1.6353594e+02
   1.6321689e+02
   1.6453294e+02
   1.6800789e+02
   1.6998972e+02
   1.7147035e+02
   1.7155821e+02
   1.7154296e+02
   1.7234386e+02
   1.7362629e+02
   1.7368110e+02
   1.7613384e+02
   1.7762035e+02
   1.7966603e+02
   1.8045177e+02
   1.8186863e+02
   1.8110719e+02
   1.8574477e+02
   1.8466625e+02
   1.8748334e+02
   1.8706143e+02
   1.8863384e+02
   1.9109489e+02
   1.9294976e+02
   1.9355663e+02
   1.9313270e+02
   1.9738467e+02
   1.9773600e+02
   2.0128766e+02
   2.0224430e+02
   2.0409554e+02
   2.0668553e+02
   2.0788503e+02
   2.1578025e+02
   2.1433958e+02
   2.1837912e+02
   2.1897927e+02
   2.2299149e+02
   2.2425388e+02
   2.3070063e+02
   2.2745979e+02
   2.2370342e+02
   2.2874212e+02
   2.2691523e+02
   2.2335200e+02
   2.2451835e+02
   2.2516879e+02
   2.1827997e+02
   2.2049288e+02
   2.1777581e+02
   2.2035327e+02
   2.2073719e+02
   2.1981452e+02
   2.2366653e+02
   2.2037841e+02
   2.2309839e+02
   2.2292721e+02
   2.2165521e+02
   2.1889939e+02
   2.1716926e+02
   2.1786596e+02
   2.1767488e+02
   2.0984833e+02
   2.0856195e+02
   2.1129529e+02
   2.0926308e+02
   2.0978190e+02
   2.0514725e+02
   2.0523420e+02
   2.0325229e+02
   2.0380795e+02
   2.0319188e+02
   1.9991024e+02
   1.9609235e+02
   1.8990798e+02
   1.8794468e+02
   1.8214441e+02
   1.7798564e+02
   1.7363152e+02
   1.7701266e+02
   1.7453539e+02
   1.6877684e+02
   1.7142178e+02
   1.7148761e+02
   1.7220471e+02
   1.7122719e+02
   1.7471264e+02
   1.7335065e+02
   1.7165187e+02
   1.7284742e+02
   1.7435551e+02
   1.7375478e+02
   1.7436700e+02
   1.7443726e+02
   1.7110303e+02
   1.7223190e+02
   1.7290714e+02
   1.7112981e+02
   1.6985806e+02
   1.7175674e+02
   1.7158459e+02
   1.7090939e+02
   1.6737394e+02
   1.6540265e+02
   1.6454744e+02
   1.6294327e+02
   1.6561752e+02
   1.6507204e+02
   1.6251981e+02
   1.6513573e+02
   1.6363418e+02
   1.6200713e+02
   1.6528394e+02
   1.6440272e+02
   1.6427907e+02
   1.6533080e+02
   1.6984576e+02
   1.7545906e+02
   1.7612125e+02
   1.7726517e+02
   1.7818406e+02
   1.7826991e+02
   1.8178344e+02
