   39.9000000000000     
   31.9000000000000     
   37.5000000000000     
   31.7000000000000     
   37.7000000000000     
   30.3000000000000     
   38.7000000000000     
   35.3000000000000     
   34.9000000000000     
   36.4000000000000     
   35.6000000000000     
   30.5000000000000     
   34.7000000000000     
   28.4000000000000     
   34.1000000000000     
   31.9000000000000     
   35.6000000000000     
   35.2000000000000     
   31.3000000000000     
   38.3000000000000     
   30.0000000000000     
   36.5000000000000     
   32.3000000000000     
   38.4000000000000     
   41.3000000000000     
   32.5000000000000     
   37.5000000000000     
   36.2000000000000     
   36.1000000000000     
   35.5000000000000     
   37.9000000000000     
   32.3000000000000     
   36.0000000000000     
   34.5000000000000     
   32.1000000000000     
   29.2000000000000     
   39.2000000000000     
   32.6000000000000     
   35.4000000000000     
   38.4000000000000     
   31.4000000000000     
   39.3000000000000     
   32.4000000000000     
   35.1000000000000     
   33.3000000000000     
   37.3000000000000     
   34.4000000000000     
   30.4000000000000     
   38.2000000000000     
   28.7000000000000     
   36.3000000000000     
   32.1000000000000     
   34.0000000000000     
   34.5000000000000     
   34.4000000000000     
   36.2000000000000     
   39.1000000000000     
   32.6000000000000     
   38.6000000000000     
   38.5000000000000     
   30.5000000000000     
   40.1000000000000     
   32.9000000000000     
   36.2000000000000     
   32.3000000000000     
   37.1000000000000     
   30.1000000000000     
   40.3000000000000     
   36.5000000000000     
   32.9000000000000     
   35.1000000000000     
   41.1000000000000     
   25.9000000000000     
   41.3000000000000     
   32.8000000000000     
   38.0000000000000     
   36.5000000000000     
   37.2000000000000     
   36.4000000000000     
   37.2000000000000     
   34.2000000000000     
   37.0000000000000     
   35.4000000000000     
   34.4000000000000     
   35.2000000000000     
   37.1000000000000     
   32.3000000000000     
   36.9000000000000     
   34.8000000000000     
   35.8000000000000     
   36.1000000000000     
   36.7000000000000     
   36.6000000000000     
   35.1000000000000     
   37.8000000000000     
   33.9000000000000     
   37.2000000000000     
   34.3000000000000     
   38.3000000000000     
   33.9000000000000     
   33.8000000000000     
   40.2000000000000     
   35.3000000000000     
   38.8000000000000     
   39.0000000000000     
   32.2000000000000     
   38.8000000000000     
   34.3000000000000     
   30.8000000000000     
   35.9000000000000     
   31.4000000000000     
   33.0000000000000     
   34.6000000000000     
   36.4000000000000     
   33.1000000000000     
   39.4000000000000     
   35.4000000000000     
   34.4000000000000     
   36.9000000000000     
   32.8000000000000     
   35.2000000000000     
   34.6000000000000     
   36.4000000000000     
   35.8000000000000     
   35.8000000000000     
   31.7000000000000     
   37.0000000000000     
   28.7000000000000     
   38.0000000000000     
   32.2000000000000     
   33.5000000000000     
   36.3000000000000     
   37.1000000000000     
   30.5000000000000     
   36.8000000000000     
   37.7000000000000     
   33.2000000000000     
   35.2000000000000     
   35.7000000000000     
   36.0000000000000     
   34.0000000000000     
   40.3000000000000     
   37.0000000000000     
   40.2000000000000     
   34.4000000000000     
   38.5000000000000     
   35.2000000000000     
   35.6000000000000     
   31.9000000000000     
   35.2000000000000     
