   378.900000000000     
   384.200000000000     
   389.500000000000     
   388.000000000000     
   386.600000000000     
   384.500000000000     
   379.800000000000     
   375.200000000000     
   368.500000000000     
   362.700000000000     
   358.600000000000     
   358.200000000000     
   357.000000000000     
   358.900000000000     
   360.100000000000     
   359.500000000000     
   358.300000000000     
   354.500000000000     
   351.500000000000     
   348.800000000000     
   348.600000000000     
   349.500000000000     
   349.900000000000     
   345.100000000000     
   341.300000000000     
   333.300000000000     
   330.500000000000     
   327.500000000000     
   324.200000000000     
   321.600000000000     
   322.200000000000     
   319.300000000000     
   316.000000000000     
   315.600000000000     
   315.700000000000     
   314.700000000000     
   312.100000000000     
   310.800000000000     
   309.500000000000     
   312.900000000000     
   317.500000000000     
   324.500000000000     
   326.300000000000     
   326.700000000000     
   325.500000000000     
   325.200000000000     
   321.000000000000     
   316.100000000000     
   311.500000000000     
   306.400000000000     
   301.900000000000     
   297.000000000000     
   295.700000000000     
   294.900000000000     
   296.900000000000     
   296.600000000000     
   295.100000000000     
   288.300000000000     
   283.800000000000     
   279.300000000000     
   275.000000000000     
   272.100000000000     
   268.700000000000     
   264.300000000000     
   261.000000000000     
   261.500000000000     
   266.700000000000     
   270.200000000000     
   269.600000000000     
   266.000000000000     
   259.200000000000     
   255.000000000000     
   254.000000000000     
   253.600000000000     
   251.200000000000     
   246.300000000000     
   242.000000000000     
   241.700000000000     
   241.000000000000     
   239.300000000000     
   238.300000000000     
   238.600000000000     
   236.900000000000     
   234.800000000000     
   233.200000000000     
   233.800000000000     
   229.200000000000     
   227.400000000000     
   228.400000000000     
   232.700000000000     
   237.300000000000     
   234.900000000000     
   232.500000000000     
   227.000000000000     
   225.600000000000     
   220.400000000000     
   220.200000000000     
   217.300000000000     
   218.500000000000     
   215.600000000000     
   215.300000000000     
   215.700000000000     
   217.800000000000     
   216.100000000000     
   215.800000000000     
   215.600000000000     
   214.200000000000     
   210.300000000000     
   206.500000000000     
   204.500000000000     
   203.200000000000     
   206.300000000000     
   209.300000000000     
   215.200000000000     
   212.600000000000     
   209.100000000000     
   205.400000000000     
   205.800000000000     
   206.000000000000     
   203.900000000000     
   200.900000000000     
   202.800000000000     
   201.100000000000     
   198.600000000000     
   191.500000000000     
   188.400000000000     
   185.000000000000     
   184.700000000000     
   182.500000000000     
   181.100000000000     
   181.800000000000     
   179.300000000000     
   178.700000000000     
   180.700000000000     
   179.800000000000     
   182.600000000000     
   183.400000000000     
   188.100000000000     
   189.100000000000     
   187.100000000000     
   183.000000000000     
   178.000000000000     
   176.500000000000     
   169.000000000000     
   162.600000000000     
   155.900000000000     
