   45.9000000000000     
   45.4000000000000     
   42.8000000000000     
   34.4000000000000     
   31.9000000000000     
   36.6000000000000     
   39.2000000000000     
   41.4000000000000     
   40.3000000000000     
   43.1000000000000     
   43.2000000000000     
   41.2000000000000     
   38.4000000000000     
   38.3000000000000     
   41.9000000000000     
   37.1000000000000     
   34.5000000000000     
   31.3000000000000     
   30.2000000000000     
   28.3000000000000     
   25.9000000000000     
   26.6000000000000     
   26.2000000000000     
   29.0000000000000     
   34.8000000000000     
   36.8000000000000     
   37.2000000000000     
   41.7000000000000     
   41.2000000000000     
   40.7000000000000     
   39.5000000000000     
   40.4000000000000     
   38.0000000000000     
   35.6000000000000     
   33.9000000000000     
   35.2000000000000     
   41.8000000000000     
   42.4000000000000     
   38.9000000000000     
   42.1000000000000     
   41.7000000000000     
   39.2000000000000     
   38.5000000000000     
   42.5000000000000     
   47.9000000000000     
   48.6000000000000     
   52.0000000000000     
   53.5000000000000     
   53.5000000000000     
   52.9000000000000     
   53.4000000000000     
   52.8000000000000     
   51.4000000000000     
   52.5000000000000     
   52.4000000000000     
   51.5000000000000     
   51.7000000000000     
   53.3000000000000     
   55.4000000000000     
   56.9000000000000     
   60.0000000000000     
   60.8000000000000     
   62.3000000000000     
   62.6000000000000     
   63.1000000000000     
   62.8000000000000     
   64.7000000000000     
   66.3000000000000     
   63.0000000000000     
   65.5000000000000     
   70.6000000000000     
   76.0000000000000     
   80.1000000000000     
   78.6000000000000     
   78.3000000000000     
   78.1000000000000     
   73.6000000000000     
   68.8000000000000     
   64.4000000000000     
   62.4000000000000     
   61.1000000000000     
   63.1000000000000     
   65.3000000000000     
   68.3000000000000     
   72.5000000000000     
   73.2000000000000     
   72.9000000000000     
   70.5000000000000     
   69.4000000000000     
   68.2000000000000     
   69.3000000000000     
   72.3000000000000     
   73.5000000000000     
   70.3000000000000     
   68.3000000000000     
   64.1000000000000     
   62.5000000000000     
   62.6000000000000     
   60.4000000000000     
   61.1000000000000     
   64.7000000000000     
   65.1000000000000     
   61.5000000000000     
   64.2000000000000     
   67.8000000000000     
   66.8000000000000     
   64.1000000000000     
   66.4000000000000     
   68.0000000000000     
   71.0000000000000     
   76.9000000000000     
   84.1000000000000     
   85.9000000000000     
   85.2000000000000     
   86.2000000000000     
   85.7000000000000     
   81.3000000000000     
   75.9000000000000     
   75.0000000000000     
   72.5000000000000     
   69.6000000000000     
   67.3000000000000     
   69.8000000000000     
   72.2000000000000     
   75.2000000000000     
   77.2000000000000     
   76.8000000000000     
   72.4000000000000     
   69.4000000000000     
   68.7000000000000     
   65.1000000000000     
   64.4000000000000     
   64.2000000000000     
   63.2000000000000     
   62.1000000000000     
   65.8000000000000     
   73.7000000000000     
   77.1000000000000     
   76.0000000000000     
   74.6000000000000     
   70.6000000000000     
   67.5000000000000     
   67.9000000000000     
   68.9000000000000     
   67.8000000000000     
   65.1000000000000     
   65.0000000000000     
   67.6000000000000     
   67.9000000000000     
   66.5000000000000     
   68.2000000000000     
   71.7000000000000     
   71.3000000000000     
   68.9000000000000     
   70.0000000000000     
   73.1000000000000     
   69.1000000000000     
   67.3000000000000     
   72.9000000000000     
   78.6000000000000     
   82.3000000000000     
