   187.500000000000     
   186.700000000000     
   184.700000000000     
   182.700000000000     
   181.900000000000     
   181.100000000000     
   180.500000000000     
   179.600000000000     
   178.500000000000     
   177.700000000000     
   176.700000000000     
   175.300000000000     
   174.100000000000     
   173.500000000000     
   171.900000000000     
   170.000000000000     
   167.800000000000     
   165.400000000000     
   163.000000000000     
   160.400000000000     
   157.700000000000     
   155.100000000000     
   152.700000000000     
   151.300000000000     
   149.900000000000     
   148.100000000000     
   147.100000000000     
   145.900000000000     
   144.400000000000     
   143.300000000000     
   142.100000000000     
   140.500000000000     
   138.800000000000     
   136.900000000000     
   135.200000000000     
   134.900000000000     
   134.300000000000     
   132.600000000000     
   131.700000000000     
   130.700000000000     
   129.200000000000     
   128.200000000000     
   127.600000000000     
   127.600000000000     
   127.800000000000     
   128.100000000000     
   128.500000000000     
   128.800000000000     
   129.200000000000     
   129.800000000000     
   130.300000000000     
   130.600000000000     
   131.200000000000     
   131.800000000000     
   132.200000000000     
   132.800000000000     
   133.500000000000     
   134.600000000000     
   135.800000000000     
   137.400000000000     
   139.000000000000     
   140.700000000000     
   142.500000000000     
   144.300000000000     
   146.200000000000     
   148.400000000000     
   150.900000000000     
   152.700000000000     
   154.900000000000     
   158.200000000000     
   162.000000000000     
   166.400000000000     
   170.100000000000     
   173.400000000000     
   177.200000000000     
   180.400000000000     
   183.000000000000     
   185.400000000000     
   187.500000000000     
   189.600000000000     
   192.200000000000     
   195.000000000000     
   198.000000000000     
   201.500000000000     
   204.700000000000     
   207.700000000000     
   210.600000000000     
   213.300000000000     
   216.000000000000     
   219.200000000000     
   222.700000000000     
   226.300000000000     
   229.100000000000     
   231.500000000000     
   233.600000000000     
   235.600000000000     
   238.100000000000     
   240.100000000000     
   242.000000000000     
   244.700000000000     
   247.100000000000     
   248.700000000000     
   251.100000000000     
   254.000000000000     
   256.400000000000     
   258.500000000000     
   261.000000000000     
   263.700000000000     
   266.900000000000     
   271.100000000000     
   276.100000000000     
   280.800000000000     
   285.100000000000     
   289.700000000000     
   294.500000000000     
   298.700000000000     
   302.300000000000     
   306.000000000000     
   309.400000000000     
   312.500000000000     
   315.500000000000     
   318.800000000000     
   322.500000000000     
   326.500000000000     
   330.600000000000     
   334.300000000000     
   337.200000000000     
   339.900000000000     
   342.800000000000     
   345.400000000000     
   347.900000000000     
   350.500000000000     
   352.700000000000     
   354.700000000000     
   357.500000000000     
   361.400000000000     
   365.600000000000     
   369.000000000000     
   372.100000000000     
   374.600000000000     
   377.000000000000     
   380.100000000000     
   383.400000000000     
   386.200000000000     
   388.400000000000     
   390.700000000000     
   393.500000000000     
   396.500000000000     
   399.100000000000     
   401.900000000000     
   405.200000000000     
   408.200000000000     
   410.900000000000     
   413.900000000000     
   417.400000000000     
