   309.700000000000     
   318.800000000000     
   324.000000000000     
   326.800000000000     
   326.500000000000     
   317.900000000000     
   307.800000000000     
   300.700000000000     
   296.400000000000     
   295.900000000000     
   294.500000000000     
   294.400000000000     
   295.000000000000     
   294.900000000000     
   292.400000000000     
   290.700000000000     
   291.100000000000     
   287.600000000000     
   282.300000000000     
   273.300000000000     
   263.000000000000     
   252.000000000000     
   240.600000000000     
   229.400000000000     
   219.300000000000     
   212.300000000000     
   212.500000000000     
   215.300000000000     
   219.600000000000     
   228.200000000000     
   235.500000000000     
   242.800000000000     
   249.500000000000     
   255.700000000000     
   258.500000000000     
   259.900000000000     
   257.400000000000     
   256.600000000000     
   261.600000000000     
   267.500000000000     
   269.400000000000     
   274.400000000000     
   276.300000000000     
   277.300000000000     
   278.700000000000     
   283.000000000000     
   290.700000000000     
   301.000000000000     
   312.500000000000     
   324.800000000000     
   335.900000000000     
   346.100000000000     
   355.900000000000     
   364.000000000000     
   369.700000000000     
   375.700000000000     
   379.900000000000     
   382.900000000000     
   385.600000000000     
   388.900000000000     
   393.500000000000     
   400.000000000000     
   408.400000000000     
   417.000000000000     
   426.600000000000     
   435.600000000000     
   444.300000000000     
   452.000000000000     
   461.100000000000     
   470.100000000000     
   475.600000000000     
   482.500000000000     
   493.100000000000     
   507.900000000000     
   526.800000000000     
   542.800000000000     
   555.900000000000     
   567.400000000000     
   573.400000000000     
   574.400000000000     
   570.600000000000     
   562.700000000000     
   553.300000000000     
   546.600000000000     
   541.500000000000     
   540.300000000000     
   543.100000000000     
   546.600000000000     
   550.200000000000     
   552.000000000000     
   552.200000000000     
   551.700000000000     
   552.700000000000     
   556.100000000000     
   560.700000000000     
   561.400000000000     
   560.000000000000     
   553.500000000000     
   546.300000000000     
   539.800000000000     
   532.000000000000     
   524.500000000000     
   521.300000000000     
   517.800000000000     
   512.600000000000     
   510.900000000000     
   511.900000000000     
   512.800000000000     
   512.900000000000     
   514.200000000000     
   516.000000000000     
   522.200000000000     
   534.300000000000     
   552.500000000000     
   571.300000000000     
   588.700000000000     
   604.600000000000     
   619.000000000000     
   628.000000000000     
   631.500000000000     
   631.600000000000     
   627.900000000000     
   621.000000000000     
   612.100000000000     
   604.900000000000     
   599.900000000000     
   599.200000000000     
   600.400000000000     
   601.600000000000     
   598.200000000000     
   592.900000000000     
   586.600000000000     
   578.200000000000     
   570.000000000000     
   561.900000000000     
   552.400000000000     
   543.000000000000     
   538.300000000000     
   541.500000000000     
   549.400000000000     
   556.900000000000     
   562.000000000000     
   562.200000000000     
   559.800000000000     
   558.900000000000     
   559.000000000000     
   557.500000000000     
   553.200000000000     
   547.600000000000     
   544.700000000000     
   543.300000000000     
   541.500000000000     
   541.300000000000     
   543.800000000000     
   545.800000000000     
   546.900000000000     
   548.600000000000     
   552.600000000000     
   552.700000000000     
   552.300000000000     
   555.900000000000     
   564.500000000000     
   577.300000000000     
   587.300000000000     
   595.000000000000     
   598.700000000000     
   601.500000000000     
   600.400000000000     
   600.000000000000     
   599.100000000000     
   600.300000000000     
   600.600000000000     
   601.800000000000     
   605.700000000000     
   612.500000000000     
   618.100000000000     
   624.000000000000     
   631.400000000000     
