   24.3000000000000     
   17.6000000000000     
   25.7000000000000     
   17.6000000000000     
   28.5000000000000     
   24.9000000000000     
   19.5000000000000     
   21.6000000000000     
   22.3000000000000     
   24.3000000000000     
   21.9000000000000     
   24.4000000000000     
   17.3000000000000     
   24.3000000000000     
   20.3000000000000     
   21.7000000000000     
   15.4000000000000     
   29.5000000000000     
   18.3000000000000     
   25.7000000000000     
   20.9000000000000     
   20.0000000000000     
   25.3000000000000     
   19.2000000000000     
   23.5000000000000     
   18.6000000000000     
   26.7000000000000     
   19.6000000000000     
   19.2000000000000     
   24.2000000000000     
   16.7000000000000     
   26.2000000000000     
   17.4000000000000     
   24.5000000000000     
   19.3000000000000     
   24.2000000000000     
   21.6000000000000     
   27.3000000000000     
   16.7000000000000     
   26.8000000000000     
   22.1000000000000     
   19.3000000000000     
   25.6000000000000     
   19.0000000000000     
   25.0000000000000     
   16.9000000000000     
   26.9000000000000     
   14.8000000000000     
   31.5000000000000     
   18.9000000000000     
   23.0000000000000     
   17.5000000000000     
   31.1000000000000     
   10.0000000000000     
   33.2000000000000     
   13.3000000000000     
   32.3000000000000     
   15.7000000000000     
   29.0000000000000     
   16.8000000000000     
   28.0000000000000     
   16.4000000000000     
   27.6000000000000     
   18.4000000000000     
   24.5000000000000     
   19.1000000000000     
   26.5000000000000     
   16.9000000000000     
   26.4000000000000     
   18.9000000000000     
   25.7000000000000     
   20.1000000000000     
   25.3000000000000     
   20.9000000000000     
   22.9000000000000     
   23.0000000000000     
   20.9000000000000     
   23.9000000000000     
   20.3000000000000     
   26.1000000000000     
   18.8000000000000     
   22.1000000000000     
   25.6000000000000     
   22.6000000000000     
   24.9000000000000     
   23.0000000000000     
   18.0000000000000     
   25.5000000000000     
   20.2000000000000     
   19.9000000000000     
   22.2000000000000     
   19.7000000000000     
   21.9000000000000     
   21.9000000000000     
   24.6000000000000     
   19.3000000000000     
   26.9000000000000     
   19.8000000000000     
   22.7000000000000     
   21.5000000000000     
   21.0000000000000     
   22.3000000000000     
   21.9000000000000     
   23.9000000000000     
   22.0000000000000     
   22.5000000000000     
   17.5000000000000     
   25.5000000000000     
   15.0000000000000     
   29.2000000000000     
   16.1000000000000     
   24.9000000000000     
   19.7000000000000     
   27.4000000000000     
   14.5000000000000     
   26.7000000000000     
   21.7000000000000     
   23.3000000000000     
   19.5000000000000     
   23.5000000000000     
   22.2000000000000     
   21.9000000000000     
   26.5000000000000     
   22.3000000000000     
   26.3000000000000     
   17.5000000000000     
   26.1000000000000     
   19.4000000000000     
   25.1000000000000     
   16.2000000000000     
   25.0000000000000     
   19.2000000000000     
   22.2000000000000     
   20.4000000000000     
   22.1000000000000     
   23.9000000000000     
   21.1000000000000     
   25.4000000000000     
   19.0000000000000     
   23.7000000000000     
   16.1000000000000     
   27.1000000000000     
   17.2000000000000     
   23.8000000000000     
   20.8000000000000     
   22.3000000000000     
   19.2000000000000     
   24.4000000000000     
   23.4000000000000     
