   30.2000000000000     
   33.8000000000000     
   30.9000000000000     
   36.6000000000000     
   42.0000000000000     
   39.1000000000000     
   39.4000000000000     
   39.9000000000000     
   42.9000000000000     
   43.5000000000000     
   46.3000000000000     
   42.5000000000000     
   44.3000000000000     
   44.1000000000000     
   43.4000000000000     
   38.0000000000000     
   44.5000000000000     
   43.4000000000000     
   45.6000000000000     
   47.0000000000000     
   44.0000000000000     
   48.5000000000000     
   46.2000000000000     
   47.8000000000000     
   45.4000000000000     
   49.7000000000000     
   49.1000000000000     
   45.4000000000000     
   48.6000000000000     
   43.9000000000000     
   47.8000000000000     
   44.9000000000000     
   46.4000000000000     
   45.6000000000000     
   46.9000000000000     
   48.3000000000000     
   53.1000000000000     
   49.8000000000000     
   53.2000000000000     
   55.8000000000000     
   52.2000000000000     
   56.9000000000000     
   54.6000000000000     
   57.6000000000000     
   53.8000000000000     
   57.9000000000000     
   52.8000000000000     
   60.6000000000000     
   61.0000000000000     
   59.9000000000000     
   57.8000000000000     
   65.4000000000000     
   56.6000000000000     
   64.6000000000000     
   60.7000000000000     
   67.1000000000000     
   65.9000000000000     
   69.3000000000000     
   68.6000000000000     
   71.5000000000000     
   69.8000000000000     
   72.6000000000000     
   72.6000000000000     
   72.9000000000000     
   72.8000000000000     
   75.8000000000000     
   73.3000000000000     
   76.0000000000000     
   75.5000000000000     
   77.7000000000000     
   78.3000000000000     
   80.5000000000000     
   81.5000000000000     
   81.6000000000000     
   84.2000000000000     
   83.1000000000000     
   85.7000000000000     
   84.6000000000000     
   88.9000000000000     
   87.0000000000000     
   86.5000000000000     
   91.4000000000000     
   92.5000000000000     
   96.0000000000000     
   97.9000000000000     
   94.3000000000000     
   97.8000000000000     
   97.5000000000000     
   95.0000000000000     
   95.9000000000000     
   93.9000000000000     
   94.1000000000000     
   94.6000000000000     
   97.6000000000000     
   95.9000000000000     
   100.600000000000     
   100.100000000000     
   100.100000000000     
   101.100000000000     
   99.9000000000000     
   101.000000000000     
   101.200000000000     
   103.800000000000     
   104.400000000000     
   105.300000000000     
   101.500000000000     
   104.800000000000     
   99.3000000000000     
   105.100000000000     
   102.100000000000     
   102.900000000000     
   103.300000000000     
   107.300000000000     
   102.500000000000     
   105.000000000000     
   107.700000000000     
   107.700000000000     
   107.100000000000     
   107.700000000000     
   109.700000000000     
   109.200000000000     
   114.800000000000     
   115.900000000000     
   120.500000000000     
   117.300000000000     
   120.700000000000     
   120.100000000000     
   122.200000000000     
   118.400000000000     
   120.000000000000     
   119.400000000000     
   118.500000000000     
   118.500000000000     
   118.100000000000     
   121.200000000000     
   120.500000000000     
   124.400000000000     
   122.300000000000     
   123.700000000000     
   119.100000000000     
   123.200000000000     
   120.700000000000     
   121.000000000000     
   122.000000000000     
   121.500000000000     
   120.200000000000     
   122.100000000000     
   125.200000000000     
