   16.7000000000000     
   15.5000000000000     
   19.0000000000000     
   26.0000000000000     
   21.8000000000000     
   19.2000000000000     
   20.4000000000000     
   23.0000000000000     
   23.6000000000000     
   24.9000000000000     
   21.1000000000000     
   20.8000000000000     
   21.9000000000000     
   20.0000000000000     
   14.1000000000000     
   19.4000000000000     
   21.1000000000000     
   20.3000000000000     
   22.1000000000000     
   18.2000000000000     
   21.2000000000000     
   20.4000000000000     
   19.6000000000000     
   17.8000000000000     
   20.7000000000000     
   21.3000000000000     
   15.6000000000000     
   17.9000000000000     
   14.6000000000000     
   16.0000000000000     
   15.2000000000000     
   14.3000000000000     
   14.4000000000000     
   14.6000000000000     
   16.1000000000000     
   20.3000000000000     
   17.0000000000000     
   17.7000000000000     
   21.7000000000000     
   17.0000000000000     
   19.7000000000000     
   19.1000000000000     
   19.5000000000000     
   16.8000000000000     
   18.6000000000000     
   15.3000000000000     
   20.2000000000000     
   23.4000000000000     
   19.3000000000000     
   16.4000000000000     
   23.6000000000000     
   16.6000000000000     
   19.8000000000000     
   20.1000000000000     
   22.6000000000000     
   23.5000000000000     
   24.0000000000000     
   24.0000000000000     
   25.1000000000000     
   23.8000000000000     
   24.9000000000000     
   25.6000000000000     
   24.5000000000000     
   24.0000000000000     
   26.5000000000000     
   24.2000000000000     
   24.9000000000000     
   25.4000000000000     
   26.2000000000000     
   26.9000000000000     
   28.0000000000000     
   28.9000000000000     
   28.0000000000000     
   29.8000000000000     
   28.7000000000000     
   29.8000000000000     
   29.2000000000000     
   31.9000000000000     
   30.8000000000000     
   28.1000000000000     
   33.1000000000000     
   34.9000000000000     
   36.5000000000000     
   38.3000000000000     
   33.4000000000000     
   35.2000000000000     
   36.3000000000000     
   32.1000000000000     
   32.2000000000000     
   30.9000000000000     
   29.8000000000000     
   30.7000000000000     
   33.4000000000000     
   31.6000000000000     
   34.4000000000000     
   35.1000000000000     
   33.0000000000000     
   33.7000000000000     
   32.2000000000000     
   32.3000000000000     
   32.8000000000000     
   34.6000000000000     
   35.2000000000000     
   34.9000000000000     
   30.6000000000000     
   32.4000000000000     
   28.5000000000000     
   31.7000000000000     
   31.3000000000000     
   29.1000000000000     
   30.3000000000000     
   33.6000000000000     
   29.0000000000000     
   28.8000000000000     
   33.2000000000000     
   32.4000000000000     
   30.5000000000000     
   30.5000000000000     
   32.4000000000000     
   31.7000000000000     
   36.1000000000000     
   38.0000000000000     
   40.5000000000000     
   37.4000000000000     
   38.1000000000000     
   38.9000000000000     
   39.3000000000000     
   35.7000000000000     
   35.3000000000000     
   36.0000000000000     
   34.0000000000000     
   33.6000000000000     
   33.0000000000000     
   35.6000000000000     
   35.3000000000000     
   37.5000000000000     
   36.1000000000000     
   35.3000000000000     
   31.2000000000000     
   33.5000000000000     
   33.0000000000000     
   30.9000000000000     
   32.4000000000000     
   31.6000000000000     
   29.5000000000000     
   30.8000000000000     
   34.3000000000000     
   37.7000000000000     
   36.1000000000000     
   33.7000000000000     
   33.2000000000000     
