   237.000000000000     
   187.000000000000     
   241.000000000000     
   245.000000000000     
   259.000000000000     
   296.000000000000     
   252.000000000000     
   260.000000000000     
   271.000000000000     
   267.000000000000     
   320.000000000000     
   549.000000000000     
   266.000000000000     
   216.000000000000     
   252.000000000000     
   297.000000000000     
   302.000000000000     
   310.000000000000     
   270.000000000000     
   288.000000000000     
   280.000000000000     
   316.000000000000     
   372.000000000000     
   594.000000000000     
   319.000000000000     
   249.000000000000     
   287.000000000000     
   320.000000000000     
   342.000000000000     
   329.000000000000     
   291.000000000000     
   321.000000000000     
   315.000000000000     
   361.000000000000     
   400.000000000000     
   680.000000000000     
   338.000000000000     
   268.000000000000     
   304.000000000000     
   313.000000000000     
   348.000000000000     
   350.000000000000     
   321.000000000000     
   317.000000000000     
   333.000000000000     
   364.000000000000     
   396.000000000000     
   719.000000000000     
   336.000000000000     
   267.000000000000     
   303.000000000000     
   375.000000000000     
   382.000000000000     
   401.000000000000     
   341.000000000000     
   351.000000000000     
   357.000000000000     
   382.000000000000     
   447.000000000000     
   771.000000000000     
   364.000000000000     
   310.000000000000     
   379.000000000000     
   408.000000000000     
   439.000000000000     
   451.000000000000     
   390.000000000000     
   413.000000000000     
   424.000000000000     
   469.000000000000     
   534.000000000000     
   884.000000000000     
   452.000000000000     
   361.000000000000     
   426.000000000000     
   470.000000000000     
   477.000000000000     
   502.000000000000     
   424.000000000000     
   442.000000000000     
   442.000000000000     
   479.000000000000     
   562.000000000000     
   961.000000000000     
   437.000000000000     
   368.000000000000     
   427.000000000000     
   495.000000000000     
   514.000000000000     
   492.000000000000     
   443.000000000000     
   500.000000000000     
   458.000000000000     
   492.000000000000     
   542.000000000000     
   889.000000000000     
   459.000000000000     
   403.000000000000     
   490.000000000000     
   467.000000000000     
   556.000000000000     
   542.000000000000     
   474.000000000000     
   510.000000000000     
   483.000000000000     
   527.000000000000     
   591.000000000000     
   1044.00000000000     
   495.000000000000     
   404.000000000000     
   463.000000000000     
   540.000000000000     
   518.000000000000     
   552.000000000000     
   505.000000000000     
   502.000000000000     
   496.000000000000     
   558.000000000000     
   629.000000000000     
   1137.00000000000     
   511.000000000000     
   440.000000000000     
   496.000000000000     
   578.000000000000     
   542.000000000000     
   550.000000000000     
   492.000000000000     
   518.000000000000     
   507.000000000000     
   569.000000000000     
   708.000000000000     
   1141.00000000000     
   480.000000000000     
   421.000000000000     
   532.000000000000     
   536.000000000000     
   542.000000000000     
   563.000000000000     
   508.000000000000     
   554.000000000000     
   552.000000000000     
   609.000000000000     
   763.000000000000     
   1293.00000000000     
   561.000000000000     
   462.000000000000     
   564.000000000000     
   582.000000000000     
   586.000000000000     
   615.000000000000     
   553.000000000000     
   612.000000000000     
   570.000000000000     
