   58.0000000000000     
   58.2000000000000     
   58.5000000000000     
   66.6000000000000     
   61.5000000000000     
   55.2000000000000     
   49.6000000000000     
   51.0000000000000     
   46.6000000000000     
   45.6000000000000     
   58.5000000000000     
   49.2000000000000     
   54.4000000000000     
   53.0000000000000     
   54.5000000000000     
   61.2000000000000     
   56.9000000000000     
   52.5000000000000     
   51.7000000000000     
   47.8000000000000     
   44.0000000000000     
   49.9000000000000     
   56.3000000000000     
   51.6000000000000     
   55.3000000000000     
   54.6000000000000     
   53.7000000000000     
   62.3000000000000     
   54.5000000000000     
   54.5000000000000     
   54.7000000000000     
   48.0000000000000     
   41.1000000000000     
   52.6000000000000     
   54.1000000000000     
   51.4000000000000     
   55.7000000000000     
   57.2000000000000     
   58.4000000000000     
   66.2000000000000     
   59.9000000000000     
   58.4000000000000     
   55.7000000000000     
   52.5000000000000     
   47.5000000000000     
   53.9000000000000     
   58.8000000000000     
   56.9000000000000     
   58.5000000000000     
   59.7000000000000     
   61.1000000000000     
   69.5000000000000     
   63.9000000000000     
   62.8000000000000     
   61.5000000000000     
   56.6000000000000     
   53.2000000000000     
   59.0000000000000     
   65.2000000000000     
   61.3000000000000     
   66.9000000000000     
   66.3000000000000     
   64.6000000000000     
   78.0000000000000     
   73.6000000000000     
   73.2000000000000     
   73.0000000000000     
   63.4000000000000     
   61.1000000000000     
   68.7000000000000     
   69.9000000000000     
   66.9000000000000     
   70.0000000000000     
   69.2000000000000     
   70.1000000000000     
   83.4000000000000     
   76.2000000000000     
   78.2000000000000     
   77.7000000000000     
   68.4000000000000     
   65.9000000000000     
   71.4000000000000     
   75.0000000000000     
   72.3000000000000     
   77.7000000000000     
   77.9000000000000     
   77.7000000000000     
   85.4000000000000     
   81.4000000000000     
   78.0000000000000     
   80.9000000000000     
   72.2000000000000     
   67.0000000000000     
   74.7000000000000     
   81.6000000000000     
   73.7000000000000     
   78.2000000000000     
   82.8000000000000     
   81.6000000000000     
   89.5000000000000     
   84.6000000000000     
   85.1000000000000     
   85.3000000000000     
   81.3000000000000     
   78.7000000000000     
   87.8000000000000     
   89.5000000000000     
   84.8000000000000     
   90.0000000000000     
   92.5000000000000     
   88.3000000000000     
   97.2000000000000     
   93.0000000000000     
   90.5000000000000     
   91.1000000000000     
   84.5000000000000     
   83.8000000000000     
   91.3000000000000     
   96.9000000000000     
   90.2000000000000     
   94.3000000000000     
   92.7000000000000     
   93.1000000000000     
   101.400000000000     
   94.8000000000000     
   95.1000000000000     
   94.8000000000000     
   86.3000000000000     
   85.9000000000000     
   97.1000000000000     
   104.700000000000     
   96.7000000000000     
   98.7000000000000     
   98.8000000000000     
   95.4000000000000     
   105.900000000000     
   102.800000000000     
   100.900000000000     
   98.9000000000000     
   90.5000000000000     
   90.2000000000000     
   102.800000000000     
   107.000000000000     
   98.9000000000000     
   104.400000000000     
   105.600000000000     
   100.700000000000     
   110.700000000000     
   108.000000000000     
   108.000000000000     
