   40.3000000000000     
   45.7000000000000     
   43.0000000000000     
   37.9000000000000     
   44.8000000000000     
   44.7000000000000     
   38.3000000000000     
   38.6000000000000     
   33.9000000000000     
   36.2000000000000     
   46.6000000000000     
   50.3000000000000     
   50.7000000000000     
   57.1000000000000     
   56.0000000000000     
   50.5000000000000     
   55.3000000000000     
   56.2000000000000     
   50.6000000000000     
   54.1000000000000     
   53.1000000000000     
   56.7000000000000     
   61.7000000000000     
   63.8000000000000     
   58.6000000000000     
   63.3000000000000     
   63.5000000000000     
   55.9000000000000     
   60.8000000000000     
   65.5000000000000     
   58.3000000000000     
   57.9000000000000     
   58.8000000000000     
   64.5000000000000     
   70.9000000000000     
   72.0000000000000     
   70.4000000000000     
   75.2000000000000     
   79.7000000000000     
   79.2000000000000     
   90.2000000000000     
   94.0000000000000     
   88.5000000000000     
   90.1000000000000     
   90.0000000000000     
   92.3000000000000     
   96.4000000000000     
   96.8000000000000     
   92.0000000000000     
   94.3000000000000     
   94.3000000000000     
   92.8000000000000     
   102.500000000000     
   109.500000000000     
   104.700000000000     
   104.900000000000     
   99.4000000000000     
   101.900000000000     
   106.600000000000     
   104.700000000000     
   100.600000000000     
   103.400000000000     
   101.400000000000     
   97.8000000000000     
   110.700000000000     
   122.800000000000     
   121.100000000000     
   120.300000000000     
   115.400000000000     
   113.900000000000     
   117.600000000000     
   119.500000000000     
   116.400000000000     
   117.600000000000     
   114.100000000000     
   109.200000000000     
   122.700000000000     
   132.600000000000     
   129.100000000000     
   130.400000000000     
   128.900000000000     
   128.600000000000     
   131.200000000000     
   132.700000000000     
   132.000000000000     
   130.800000000000     
   128.000000000000     
   128.200000000000     
   145.000000000000     
   158.900000000000     
   153.600000000000     
   152.600000000000     
   147.900000000000     
   149.200000000000     
   149.500000000000     
   151.500000000000     
   149.800000000000     
   153.100000000000     
   148.700000000000     
   146.900000000000     
   164.600000000000     
   180.000000000000     
   175.500000000000     
   175.200000000000     
   174.200000000000     
   174.100000000000     
   173.400000000000     
   172.700000000000     
   172.500000000000     
   175.000000000000     
   176.000000000000     
   177.800000000000     
   199.400000000000     
   211.000000000000     
   204.300000000000     
   203.600000000000     
   204.300000000000     
   206.200000000000     
   205.400000000000     
   203.600000000000     
   207.400000000000     
   209.700000000000     
   205.200000000000     
   201.400000000000     
   220.500000000000     
   234.500000000000     
   229.800000000000     
   228.200000000000     
   227.300000000000     
   231.800000000000     
   231.000000000000     
   229.600000000000     
   235.200000000000     
   238.800000000000     
   238.100000000000     
   239.300000000000     
   262.300000000000     
   278.200000000000     
   270.600000000000     
   267.400000000000     
   264.500000000000     
   268.300000000000     
   263.700000000000     
   256.900000000000     
   258.200000000000     
