   57.7000000000000     
   57.1000000000000     
   59.8000000000000     
   67.6000000000000     
   64.6000000000000     
   57.1000000000000     
   49.6000000000000     
   49.8000000000000     
   47.0000000000000     
   44.8000000000000     
   56.1000000000000     
   48.8000000000000     
   52.6000000000000     
   51.2000000000000     
   54.9000000000000     
   62.4000000000000     
   60.4000000000000     
   55.5000000000000     
   54.1000000000000     
   51.9000000000000     
   48.3000000000000     
   52.0000000000000     
   59.3000000000000     
   54.1000000000000     
   57.1000000000000     
   55.7000000000000     
   56.5000000000000     
   64.5000000000000     
   59.1000000000000     
   57.2000000000000     
   58.5000000000000     
   54.0000000000000     
   46.2000000000000     
   53.9000000000000     
   57.6000000000000     
   53.2000000000000     
   57.2000000000000     
   58.4000000000000     
   62.1000000000000     
   70.4000000000000     
   65.8000000000000     
   62.8000000000000     
   60.5000000000000     
   57.1000000000000     
   51.3000000000000     
   55.3000000000000     
   59.7000000000000     
   56.5000000000000     
   58.2000000000000     
   58.2000000000000     
   61.5000000000000     
   70.4000000000000     
   66.7000000000000     
   64.6000000000000     
   63.9000000000000     
   59.4000000000000     
   54.5000000000000     
   57.9000000000000     
   63.1000000000000     
   58.4000000000000     
   62.8000000000000     
   62.1000000000000     
   61.8000000000000     
   73.8000000000000     
   72.7000000000000     
   72.2000000000000     
   72.7000000000000     
   63.4000000000000     
   57.1000000000000     
   61.3000000000000     
   61.8000000000000     
   55.7000000000000     
   57.4000000000000     
   55.6000000000000     
   57.4000000000000     
   71.4000000000000     
   68.8000000000000     
   70.3000000000000     
   71.8000000000000     
   62.8000000000000     
   56.7000000000000     
   59.1000000000000     
   60.8000000000000     
   55.7000000000000     
   60.2000000000000     
   60.2000000000000     
   61.7000000000000     
   69.8000000000000     
   67.4000000000000     
   64.2000000000000     
   67.3000000000000     
   59.8000000000000     
   52.1000000000000     
   56.1000000000000     
   62.1000000000000     
   53.8000000000000     
   56.2000000000000     
   60.0000000000000     
   62.4000000000000     
   70.4000000000000     
   67.4000000000000     
   67.3000000000000     
   69.4000000000000     
   65.8000000000000     
   61.9000000000000     
   68.4000000000000     
   69.8000000000000     
   61.5000000000000     
   63.9000000000000     
   65.6000000000000     
   63.2000000000000     
   69.8000000000000     
   66.9000000000000     
   64.0000000000000     
   65.3000000000000     
   59.5000000000000     
   57.1000000000000     
   63.4000000000000     
   68.7000000000000     
   60.3000000000000     
   61.7000000000000     
   59.0000000000000     
   59.3000000000000     
   66.9000000000000     
   62.4000000000000     
   61.7000000000000     
   63.3000000000000     
   56.0000000000000     
   53.6000000000000     
   63.9000000000000     
   73.2000000000000     
   64.9000000000000     
   63.9000000000000     
   61.1000000000000     
   57.6000000000000     
   65.8000000000000     
   64.9000000000000     
   63.7000000000000     
   63.2000000000000     
   54.7000000000000     
   52.2000000000000     
   64.1000000000000     
   71.2000000000000     
   61.7000000000000     
   63.6000000000000     
   63.3000000000000     
   59.2000000000000     
   66.5000000000000     
   65.7000000000000     
   66.3000000000000     
   61.7000000000000     
   55.5000000000000     
   57.4000000000000     
   70.5000000000000     
   78.9000000000000     
   64.8000000000000     
   65.5000000000000     
   62.1000000000000     
   60.2000000000000     
   64.4000000000000     
   66.1000000000000     
   65.0000000000000     
