   43.6000000000000     
   45.7000000000000     
   41.5000000000000     
   42.2000000000000     
   41.0000000000000     
   41.5000000000000     
   40.2000000000000     
   41.8000000000000     
   44.2000000000000     
   42.7000000000000     
   41.6000000000000     
   36.9000000000000     
   36.3000000000000     
   34.3000000000000     
   34.4000000000000     
   33.0000000000000     
   32.9000000000000     
   34.8000000000000     
   40.7000000000000     
   39.1000000000000     
   38.6000000000000     
   45.1000000000000     
   42.6000000000000     
   45.7000000000000     
   46.0000000000000     
   46.9000000000000     
   45.1000000000000     
   45.9000000000000     
   42.9000000000000     
   45.6000000000000     
   48.1000000000000     
   46.8000000000000     
   43.0000000000000     
   46.2000000000000     
   43.2000000000000     
   43.5000000000000     
   44.3000000000000     
   47.0000000000000     
   50.6000000000000     
   52.0000000000000     
   54.4000000000000     
   54.2000000000000     
   51.2000000000000     
   52.9000000000000     
   55.9000000000000     
   52.7000000000000     
   54.1000000000000     
   55.6000000000000     
   53.9000000000000     
   52.5000000000000     
   51.9000000000000     
   52.2000000000000     
   53.0000000000000     
   54.0000000000000     
   55.9000000000000     
   55.5000000000000     
   56.7000000000000     
   56.8000000000000     
   58.2000000000000     
   57.1000000000000     
   60.4000000000000     
   60.6000000000000     
   57.6000000000000     
   60.8000000000000     
   63.9000000000000     
   66.5000000000000     
   69.1000000000000     
   66.0000000000000     
   65.3000000000000     
   66.6000000000000     
   62.4000000000000     
   60.8000000000000     
   57.3000000000000     
   55.1000000000000     
   56.2000000000000     
   56.9000000000000     
   54.6000000000000     
   55.5000000000000     
   55.7000000000000     
   56.2000000000000     
   56.2000000000000     
   54.2000000000000     
   55.4000000000000     
   56.3000000000000     
   59.3000000000000     
   62.0000000000000     
   62.5000000000000     
   57.2000000000000     
   57.2000000000000     
   51.9000000000000     
   52.1000000000000     
   52.8000000000000     
   50.6000000000000     
   51.5000000000000     
   55.2000000000000     
   52.2000000000000     
   49.6000000000000     
   52.4000000000000     
   53.1000000000000     
   53.7000000000000     
   53.2000000000000     
   56.7000000000000     
   56.3000000000000     
   60.6000000000000     
   65.8000000000000     
   70.3000000000000     
   67.8000000000000     
   69.5000000000000     
   71.2000000000000     
   70.3000000000000     
   66.6000000000000     
   65.4000000000000     
   65.4000000000000     
   62.5000000000000     
   61.0000000000000     
   57.5000000000000     
   57.3000000000000     
   55.7000000000000     
   58.6000000000000     
   58.3000000000000     
   57.0000000000000     
   52.1000000000000     
   53.7000000000000     
   54.2000000000000     
   52.0000000000000     
   53.5000000000000     
   53.6000000000000     
   51.7000000000000     
   50.9000000000000     
   54.1000000000000     
   58.0000000000000     
   59.0000000000000     
   57.6000000000000     
   58.4000000000000     
   55.1000000000000     
   55.3000000000000     
   58.9000000000000     
   59.0000000000000     
   57.3000000000000     
   56.3000000000000     
   55.9000000000000     
   56.9000000000000     
   54.2000000000000     
   52.5000000000000     
   54.9000000000000     
   57.6000000000000     
   57.6000000000000     
