   55.9000000000000     
   59.7000000000000     
   56.5000000000000     
   62.7000000000000     
   56.2000000000000     
   55.0000000000000     
   53.1000000000000     
   59.6000000000000     
   52.6000000000000     
   46.0000000000000     
   67.3000000000000     
   50.2000000000000     
   57.7000000000000     
   57.8000000000000     
   55.6000000000000     
   60.9000000000000     
   56.4000000000000     
   56.8000000000000     
   58.0000000000000     
   54.8000000000000     
   54.3000000000000     
   53.0000000000000     
   58.8000000000000     
   54.9000000000000     
   56.5000000000000     
   57.6000000000000     
   52.9000000000000     
   61.5000000000000     
   52.9000000000000     
   61.8000000000000     
   60.4000000000000     
   50.5000000000000     
   52.1000000000000     
   61.4000000000000     
   50.5000000000000     
   58.8000000000000     
   56.6000000000000     
   59.5000000000000     
   54.5000000000000     
   60.1000000000000     
   53.6000000000000     
   61.1000000000000     
   57.6000000000000     
   53.3000000000000     
   53.9000000000000     
   58.5000000000000     
   51.8000000000000     
   60.4000000000000     
   53.9000000000000     
   59.3000000000000     
   55.5000000000000     
   59.6000000000000     
   55.0000000000000     
   60.5000000000000     
   57.8000000000000     
   53.0000000000000     
   56.3000000000000     
   56.5000000000000     
   54.2000000000000     
   58.4000000000000     
   57.2000000000000     
   57.0000000000000     
   52.9000000000000     
   63.8000000000000     
   56.8000000000000     
   60.4000000000000     
   58.7000000000000     
   48.7000000000000     
   58.3000000000000     
   57.5000000000000     
   50.3000000000000     
   58.2000000000000     
   55.6000000000000     
   55.9000000000000     
   54.9000000000000     
   64.1000000000000     
   54.5000000000000     
   62.0000000000000     
   58.3000000000000     
   48.6000000000000     
   58.4000000000000     
   55.5000000000000     
   52.3000000000000     
   58.1000000000000     
   57.5000000000000     
   56.4000000000000     
   54.8000000000000     
   57.4000000000000     
   57.1000000000000     
   56.3000000000000     
   61.2000000000000     
   50.3000000000000     
   55.5000000000000     
   57.1000000000000     
   56.7000000000000     
   52.5000000000000     
   57.1000000000000     
   60.9000000000000     
   53.9000000000000     
   54.9000000000000     
   57.0000000000000     
   58.1000000000000     
   58.8000000000000     
   56.3000000000000     
   57.1000000000000     
   58.9000000000000     
   53.0000000000000     
   54.4000000000000     
   57.5000000000000     
   59.7000000000000     
   50.9000000000000     
   55.2000000000000     
   57.6000000000000     
   55.5000000000000     
   57.8000000000000     
   55.8000000000000     
   59.5000000000000     
   57.5000000000000     
   56.0000000000000     
   53.2000000000000     
   56.3000000000000     
   54.6000000000000     
   55.2000000000000     
   54.9000000000000     
   55.1000000000000     
   57.4000000000000     
   56.4000000000000     
   53.8000000000000     
   60.0000000000000     
   60.5000000000000     
   59.1000000000000     
   51.9000000000000     
   53.7000000000000     
   54.7000000000000     
   53.0000000000000     
   57.2000000000000     
   57.9000000000000     
   55.7000000000000     
   54.1000000000000     
   53.5000000000000     
   59.7000000000000     
   62.2000000000000     
   56.3000000000000     
   52.0000000000000     
   56.6000000000000     
   56.1000000000000     
   51.2000000000000     
   57.3000000000000     
   58.8000000000000     
   57.1000000000000     
   49.0000000000000     
   58.1000000000000     
   62.2000000000000     
   61.1000000000000     
   56.7000000000000     
   48.1000000000000     
   58.6000000000000     
   54.1000000000000     
   55.2000000000000     
   52.9000000000000     
   62.4000000000000     
