   71.8000000000000     
   71.0000000000000     
   76.2000000000000     
   83.9000000000000     
   80.0000000000000     
   72.4000000000000     
   63.8000000000000     
   65.6000000000000     
   62.1000000000000     
   57.7000000000000     
   77.8000000000000     
   69.6000000000000     
   73.5000000000000     
   73.0000000000000     
   78.1000000000000     
   86.5000000000000     
   83.4000000000000     
   77.9000000000000     
   74.0000000000000     
   72.9000000000000     
   68.8000000000000     
   67.8000000000000     
   83.3000000000000     
   76.2000000000000     
   79.6000000000000     
   79.2000000000000     
   81.2000000000000     
   90.9000000000000     
   85.0000000000000     
   84.3000000000000     
   84.8000000000000     
   79.7000000000000     
   71.1000000000000     
   76.5000000000000     
   86.3000000000000     
   81.0000000000000     
   85.3000000000000     
   87.5000000000000     
   90.6000000000000     
   100.200000000000     
   93.4000000000000     
   92.9000000000000     
   91.5000000000000     
   86.5000000000000     
   78.3000000000000     
   82.2000000000000     
   91.0000000000000     
   87.9000000000000     
   90.2000000000000     
   92.5000000000000     
   96.2000000000000     
   106.700000000000     
   100.500000000000     
   100.800000000000     
   100.000000000000     
   93.6000000000000     
   86.4000000000000     
   88.9000000000000     
   98.0000000000000     
   94.0000000000000     
   98.5000000000000     
   99.7000000000000     
   99.9000000000000     
   114.600000000000     
   110.900000000000     
   112.600000000000     
   112.500000000000     
   100.000000000000     
   92.4000000000000     
   95.7000000000000     
   100.500000000000     
   95.8000000000000     
   99.4000000000000     
   100.100000000000     
   102.000000000000     
   120.400000000000     
   115.900000000000     
   120.200000000000     
   121.000000000000     
   106.000000000000     
   98.1000000000000     
   99.7000000000000     
   104.200000000000     
   100.300000000000     
   105.900000000000     
   107.600000000000     
   109.000000000000     
   122.500000000000     
   119.000000000000     
   120.000000000000     
   124.100000000000     
   110.000000000000     
   100.400000000000     
   103.200000000000     
   111.700000000000     
   103.900000000000     
   108.400000000000     
   114.700000000000     
   116.200000000000     
   127.400000000000     
   123.300000000000     
   126.100000000000     
   129.900000000000     
   119.900000000000     
   112.400000000000     
   117.000000000000     
   121.200000000000     
   111.900000000000     
   116.100000000000     
   122.200000000000     
   119.500000000000     
   129.500000000000     
   126.200000000000     
   127.700000000000     
   131.300000000000     
   121.500000000000     
   117.300000000000     
   122.600000000000     
   129.100000000000     
   118.400000000000     
   121.100000000000     
   122.700000000000     
   121.900000000000     
   132.400000000000     
   127.600000000000     
   130.900000000000     
   134.600000000000     
   123.000000000000     
   120.300000000000     
   129.900000000000     
   140.700000000000     
   128.400000000000     
   127.200000000000     
   126.900000000000     
   123.100000000000     
   135.100000000000     
   133.700000000000     
   136.700000000000     
   138.100000000000     
   124.900000000000     
   123.100000000000     
   136.400000000000     
   146.400000000000     
   132.600000000000     
   133.300000000000     
   134.500000000000     
   128.100000000000     
   139.600000000000     
   139.700000000000     
   144.300000000000     
   140.200000000000     
   129.300000000000     
   132.100000000000     
   147.200000000000     
   157.400000000000     
