   639.900000000000     
   634.100000000000     
   638.300000000000     
   630.900000000000     
   619.500000000000     
   607.700000000000     
   616.500000000000     
   611.000000000000     
   599.100000000000     
   589.100000000000     
   594.200000000000     
   591.400000000000     
   578.800000000000     
   568.000000000000     
   571.300000000000     
   571.200000000000     
   559.400000000000     
   543.100000000000     
   548.200000000000     
   544.700000000000     
   534.000000000000     
   516.700000000000     
   520.900000000000     
   517.400000000000     
   506.800000000000     
   491.100000000000     
   499.600000000000     
   493.200000000000     
   483.300000000000     
   471.600000000000     
   475.800000000000     
   471.900000000000     
   461.500000000000     
   450.200000000000     
   451.700000000000     
   449.400000000000     
   435.700000000000     
   429.000000000000     
   434.200000000000     
   428.200000000000     
   411.400000000000     
   411.600000000000     
   410.300000000000     
   407.000000000000     
   390.700000000000     
   393.400000000000     
   393.300000000000     
   390.700000000000     
   374.600000000000     
   378.500000000000     
   377.400000000000     
   375.800000000000     
   360.400000000000     
   363.300000000000     
   361.700000000000     
   362.400000000000     
   345.000000000000     
   348.500000000000     
   347.400000000000     
   349.000000000000     
   332.400000000000     
   337.000000000000     
   337.000000000000     
   337.800000000000     
   323.000000000000     
   326.800000000000     
   327.900000000000     
   328.200000000000     
   316.100000000000     
   319.100000000000     
   317.400000000000     
   322.500000000000     
   312.600000000000     
   317.600000000000     
   318.000000000000     
   318.600000000000     
   310.100000000000     
   316.200000000000     
   312.500000000000     
   312.900000000000     
   302.900000000000     
   307.700000000000     
   304.700000000000     
   307.700000000000     
   296.200000000000     
   303.900000000000     
   301.800000000000     
   302.900000000000     
   291.900000000000     
   298.100000000000     
   296.000000000000     
   297.500000000000     
   288.300000000000     
   295.400000000000     
   293.100000000000     
   290.400000000000     
   282.600000000000     
   285.700000000000     
   286.200000000000     
   283.200000000000     
   273.200000000000     
   277.300000000000     
   281.200000000000     
   273.900000000000     
   263.400000000000     
   271.800000000000     
   275.200000000000     
   266.100000000000     
   255.500000000000     
   265.700000000000     
   268.500000000000     
   263.800000000000     
   255.600000000000     
   268.700000000000     
   268.900000000000     
   264.900000000000     
   257.400000000000     
   271.000000000000     
   267.700000000000     
   263.000000000000     
   256.000000000000     
   267.500000000000     
   263.600000000000     
   258.200000000000     
   253.600000000000     
   265.000000000000     
   263.400000000000     
   256.800000000000     
   251.500000000000     
   258.700000000000     
   259.000000000000     
   251.800000000000     
   244.400000000000     
   252.900000000000     
   252.400000000000     
   243.000000000000     
   236.600000000000     
   248.600000000000     
   251.900000000000     
   241.400000000000     
   232.800000000000     
   244.100000000000     
   244.600000000000     
   235.500000000000     
   229.300000000000     
   239.900000000000     
   238.300000000000     
   227.700000000000     
   222.100000000000     
   235.600000000000     
   232.700000000000     
   221.000000000000     
   217.300000000000     
   232.200000000000     
   227.000000000000     
   215.400000000000     
   213.200000000000     
   229.500000000000     
   219.100000000000     
   210.500000000000     
   212.200000000000     
   230.100000000000     
   220.900000000000     
   207.700000000000     
   210.800000000000     
   226.800000000000     
   219.700000000000     
   202.900000000000     
   209.700000000000     
   223.800000000000     
   219.300000000000     
   199.800000000000     
   208.700000000000     
   224.600000000000     
   221.300000000000     
   198.800000000000     
   210.100000000000     
   227.200000000000     
