   589.100000000000     
   581.500000000000     
   572.800000000000     
   569.400000000000     
   564.300000000000     
   556.500000000000     
   546.100000000000     
   536.600000000000     
   529.100000000000     
   514.100000000000     
   499.800000000000     
   483.400000000000     
   467.900000000000     
   451.100000000000     
   431.900000000000     
   415.900000000000     
   399.400000000000     
   385.500000000000     
   375.900000000000     
   366.300000000000     
   358.000000000000     
   352.400000000000     
   344.300000000000     
   336.400000000000     
   326.400000000000     
   316.900000000000     
   304.100000000000     
   290.700000000000     
   275.300000000000     
   263.300000000000     
   257.400000000000     
   249.400000000000     
   239.400000000000     
   235.100000000000     
   227.400000000000     
   219.000000000000     
   208.400000000000     
   201.700000000000     
   198.500000000000     
   194.100000000000     
   192.200000000000     
   192.100000000000     
   192.700000000000     
   192.100000000000     
   191.000000000000     
   189.800000000000     
   186.700000000000     
   184.700000000000     
   181.100000000000     
   178.100000000000     
   176.100000000000     
   175.100000000000     
   176.300000000000     
   178.700000000000     
   183.600000000000     
   188.200000000000     
   194.100000000000     
   199.300000000000     
   204.400000000000     
   208.800000000000     
   214.600000000000     
   220.800000000000     
   223.700000000000     
   230.700000000000     
   241.400000000000     
   255.900000000000     
   273.200000000000     
   287.200000000000     
   302.900000000000     
   317.900000000000     
   327.400000000000     
   333.400000000000     
   335.700000000000     
   337.600000000000     
   338.500000000000     
   342.200000000000     
   348.200000000000     
   358.600000000000     
   372.800000000000     
   386.100000000000     
   400.000000000000     
   411.100000000000     
   420.400000000000     
   427.700000000000     
   435.000000000000     
   444.300000000000     
   453.700000000000     
   460.600000000000     
   468.100000000000     
   472.600000000000     
   478.300000000000     
   483.100000000000     
   485.800000000000     
   489.800000000000     
   497.000000000000     
   502.700000000000     
   506.200000000000     
   513.700000000000     
   523.300000000000     
   530.700000000000     
   536.000000000000     
   543.500000000000     
   552.200000000000     
   563.300000000000     
   577.500000000000     
   597.300000000000     
   617.400000000000     
   636.800000000000     
   656.400000000000     
   675.600000000000     
   690.100000000000     
   699.900000000000     
   709.200000000000     
   716.700000000000     
   722.700000000000     
   727.500000000000     
   736.600000000000     
   748.800000000000     
   763.700000000000     
   779.300000000000     
   794.900000000000     
   806.500000000000     
   816.000000000000     
   823.500000000000     
   827.300000000000     
   831.200000000000     
   834.400000000000     
   837.000000000000     
   840.900000000000     
   849.200000000000     
   864.600000000000     
   881.000000000000     
   895.800000000000     
   909.400000000000     
   919.200000000000     
   926.600000000000     
   933.000000000000     
   939.200000000000     
   944.100000000000     
   947.400000000000     
   952.200000000000     
   961.000000000000     
   970.200000000000     
   978.300000000000     
   988.500000000000     
   1001.50000000000     
   1012.10000000000     
   1020.20000000000     
   1029.40000000000     
