   61.8000000000000     
   62.0000000000000     
   68.3000000000000     
   74.8000000000000     
   70.2000000000000     
   60.8000000000000     
   53.5000000000000     
   56.5000000000000     
   55.0000000000000     
   47.4000000000000     
   66.8000000000000     
   62.4000000000000     
   61.2000000000000     
   62.5000000000000     
   68.1000000000000     
   75.1000000000000     
   71.4000000000000     
   63.9000000000000     
   61.0000000000000     
   60.4000000000000     
   56.4000000000000     
   53.4000000000000     
   68.4000000000000     
   63.9000000000000     
   63.8000000000000     
   64.8000000000000     
   67.5000000000000     
   75.9000000000000     
   70.4000000000000     
   67.2000000000000     
   69.7000000000000     
   63.4000000000000     
   53.4000000000000     
   58.1000000000000     
   69.0000000000000     
   64.0000000000000     
   66.9000000000000     
   69.9000000000000     
   73.4000000000000     
   80.7000000000000     
   73.9000000000000     
   70.9000000000000     
   71.8000000000000     
   65.6000000000000     
   56.7000000000000     
   59.9000000000000     
   69.6000000000000     
   67.3000000000000     
   68.6000000000000     
   70.9000000000000     
   75.7000000000000     
   83.8000000000000     
   77.5000000000000     
   75.1000000000000     
   76.2000000000000     
   68.3000000000000     
   60.2000000000000     
   62.5000000000000     
   72.2000000000000     
   69.5000000000000     
   72.9000000000000     
   74.4000000000000     
   74.9000000000000     
   87.6000000000000     
   85.1000000000000     
   82.5000000000000     
   83.5000000000000     
   68.9000000000000     
   60.2000000000000     
   65.6000000000000     
   71.0000000000000     
   67.4000000000000     
   71.4000000000000     
   72.7000000000000     
   75.1000000000000     
   91.8000000000000     
   87.8000000000000     
   86.5000000000000     
   88.8000000000000     
   70.7000000000000     
   61.4000000000000     
   65.9000000000000     
   71.2000000000000     
   68.9000000000000     
   75.1000000000000     
   77.1000000000000     
   78.3000000000000     
   89.7000000000000     
   86.9000000000000     
   84.0000000000000     
   89.2000000000000     
   73.3000000000000     
   61.0000000000000     
   66.5000000000000     
   76.4000000000000     
   69.7000000000000     
   73.3000000000000     
   81.4000000000000     
   83.1000000000000     
   90.6000000000000     
   87.1000000000000     
   86.9000000000000     
   92.0000000000000     
   79.5000000000000     
   69.5000000000000     
   75.2000000000000     
   80.1000000000000     
   71.3000000000000     
   76.1000000000000     
   84.5000000000000     
   82.1000000000000     
   88.4000000000000     
   87.3000000000000     
   86.2000000000000     
   90.9000000000000     
   79.0000000000000     
   72.3000000000000     
   78.7000000000000     
   84.7000000000000     
   74.4000000000000     
   76.8000000000000     
   81.1000000000000     
   81.2000000000000     
   89.7000000000000     
   86.4000000000000     
   86.9000000000000     
   92.1000000000000     
   77.8000000000000     
   72.7000000000000     
   84.0000000000000     
   93.7000000000000     
   80.1000000000000     
   77.3000000000000     
   80.3000000000000     
   78.7000000000000     
   89.3000000000000     
   90.6000000000000     
   90.3000000000000     
   91.9000000000000     
   76.1000000000000     
   72.7000000000000     
   88.3000000000000     
   96.9000000000000     
   80.6000000000000     
   79.7000000000000     
   84.8000000000000     
   80.0000000000000     
   89.6000000000000     
   93.2000000000000     
   94.7000000000000     
   90.4000000000000     
