   26.6000000000000     
   27.0000000000000     
   27.1000000000000     
   27.1000000000000     
   27.1000000000000     
   27.1000000000000     
   26.9000000000000     
   26.8000000000000     
   26.7000000000000     
   26.4000000000000     
   26.0000000000000     
   25.8000000000000     
   25.6000000000000     
   25.2000000000000     
   25.0000000000000     
   24.6000000000000     
   24.2000000000000     
   24.0000000000000     
   23.7000000000000     
   23.4000000000000     
   23.1000000000000     
   22.9000000000000     
   22.8000000000000     
   22.7000000000000     
   22.6000000000000     
   22.4000000000000     
   22.2000000000000     
   22.0000000000000     
   21.8000000000000     
   21.4000000000000     
   20.9000000000000     
   20.3000000000000     
   19.7000000000000     
   19.4000000000000     
   19.3000000000000     
   19.2000000000000     
   19.1000000000000     
   19.0000000000000     
   18.9000000000000     
   18.9000000000000     
   19.2000000000000     
   19.3000000000000     
   19.3000000000000     
   19.4000000000000     
   19.5000000000000     
   19.6000000000000     
   19.6000000000000     
   19.6000000000000     
   19.6000000000000     
   19.6000000000000     
   19.7000000000000     
   19.9000000000000     
   20.0000000000000     
   20.1000000000000     
   20.2000000000000     
   20.3000000000000     
   20.6000000000000     
   21.6000000000000     
   21.9000000000000     
   21.7000000000000     
   21.3000000000000     
   21.2000000000000     
   21.4000000000000     
   21.7000000000000     
   22.2000000000000     
   23.0000000000000     
   23.8000000000000     
   24.6000000000000     
   25.1000000000000     
   25.6000000000000     
   25.8000000000000     
   26.1000000000000     
   26.3000000000000     
   26.3000000000000     
   26.2000000000000     
   26.0000000000000     
   25.8000000000000     
   25.6000000000000     
   25.4000000000000     
   25.2000000000000     
   24.9000000000000     
   24.7000000000000     
   24.5000000000000     
   24.4000000000000     
   24.4000000000000     
   24.4000000000000     
   24.4000000000000     
   24.4000000000000     
   24.3000000000000     
   24.4000000000000     
   24.4000000000000     
   24.4000000000000     
   24.4000000000000     
   24.4000000000000     
   24.5000000000000     
   24.5000000000000     
   24.4000000000000     
   24.3000000000000     
   24.2000000000000     
   24.2000000000000     
   24.0000000000000     
   23.9000000000000     
   23.7000000000000     
   23.6000000000000     
   23.5000000000000     
   23.5000000000000     
   23.5000000000000     
   23.5000000000000     
   23.5000000000000     
   23.7000000000000     
   23.8000000000000     
   23.8000000000000     
   23.9000000000000     
   23.9000000000000     
   23.8000000000000     
   23.7000000000000     
   23.6000000000000     
   23.4000000000000     
   23.2000000000000     
   23.0000000000000     
   22.8000000000000     
   22.6000000000000     
   22.4000000000000     
   22.0000000000000     
   21.6000000000000     
   21.3000000000000     
   21.2000000000000     
   21.2000000000000     
   21.1000000000000     
   21.0000000000000     
   20.9000000000000     
   21.0000000000000     
   21.0000000000000     
   21.1000000000000     
   21.2000000000000     
   21.1000000000000     
   20.9000000000000     
   20.8000000000000     
   20.8000000000000     
   20.8000000000000     
   20.8000000000000     
   20.9000000000000     
   20.8000000000000     
   20.8000000000000     
   20.7000000000000     
   20.7000000000000     
   20.8000000000000     
   20.9000000000000     
   21.2000000000000     
   21.4000000000000     
   21.7000000000000     
   21.8000000000000     
   21.9000000000000     
   22.2000000000000     
   22.5000000000000     
   22.8000000000000     
   23.1000000000000     
   23.4000000000000     
   23.8000000000000     
   24.1000000000000     
   24.6000000000000     
   24.9000000000000     
   24.9000000000000     
   25.1000000000000     
   25.0000000000000     
   25.0000000000000     
   25.0000000000000     
   25.0000000000000     
   24.9000000000000     
   24.8000000000000     
   24.7000000000000     
   24.6000000000000     
   24.5000000000000     
   24.5000000000000     
   24.5000000000000     
   24.5000000000000     
   24.5000000000000     
   24.5000000000000     
   24.5000000000000     
   24.4000000000000     
   24.4000000000000     
   24.2000000000000     
   24.2000000000000     
   24.1000000000000     
   24.1000000000000     
   24.0000000000000     
   24.0000000000000     
   24.0000000000000     
   23.9000000000000     
   23.8000000000000     
   23.8000000000000     
   23.7000000000000     
   23.7000000000000     
   23.6000000000000     
   23.7000000000000     
   23.6000000000000     
   23.6000000000000     
   23.6000000000000     
   23.5000000000000     
   23.5000000000000     
   23.4000000000000     
   23.3000000000000     
   23.3000000000000     
   23.3000000000000     
   23.4000000000000     
   23.4000000000000     
   23.3000000000000     
   23.2000000000000     
   23.3000000000000     
   23.3000000000000     
   23.2000000000000     
   23.1000000000000     
   22.9000000000000     
   22.8000000000000     
   22.6000000000000     
   22.4000000000000     
   22.2000000000000     
   21.8000000000000     
   21.3000000000000     
   20.8000000000000     
   20.2000000000000     
   19.7000000000000     
   19.3000000000000     
   19.1000000000000     
   19.0000000000000     
   18.8000000000000     
