   17.0000000000000     
   16.6000000000000     
   16.3000000000000     
   16.1000000000000     
   17.1000000000000     
   16.9000000000000     
   16.8000000000000     
   17.4000000000000     
   17.1000000000000     
   17.0000000000000     
   16.7000000000000     
   17.4000000000000     
   17.2000000000000     
   17.4000000000000     
   17.4000000000000     
   17.0000000000000     
   17.3000000000000     
   17.2000000000000     
   17.4000000000000     
   16.8000000000000     
   17.1000000000000     
   17.4000000000000     
   17.4000000000000     
   17.5000000000000     
   17.4000000000000     
   17.6000000000000     
   17.4000000000000     
   17.3000000000000     
   17.0000000000000     
   17.8000000000000     
   17.5000000000000     
   18.1000000000000     
   17.5000000000000     
   17.4000000000000     
   17.4000000000000     
   17.1000000000000     
   17.6000000000000     
   17.7000000000000     
   17.4000000000000     
   17.8000000000000     
   17.6000000000000     
   17.5000000000000     
   16.5000000000000     
   17.8000000000000     
   17.3000000000000     
   17.3000000000000     
   17.1000000000000     
   17.4000000000000     
   16.9000000000000     
   17.3000000000000     
   17.6000000000000     
   16.9000000000000     
   16.7000000000000     
   16.8000000000000     
   16.8000000000000     
   17.2000000000000     
   16.8000000000000     
   17.6000000000000     
   17.2000000000000     
   16.6000000000000     
   17.1000000000000     
   16.9000000000000     
   16.6000000000000     
   18.0000000000000     
   17.2000000000000     
   17.3000000000000     
   17.0000000000000     
   16.9000000000000     
   17.3000000000000     
   16.8000000000000     
   17.3000000000000     
   17.4000000000000     
   17.7000000000000     
   16.8000000000000     
   16.9000000000000     
   17.0000000000000     
   16.9000000000000     
   17.0000000000000     
   16.6000000000000     
   16.7000000000000     
   16.8000000000000     
   16.7000000000000     
   16.4000000000000     
   16.5000000000000     
   16.4000000000000     
   16.6000000000000     
   16.5000000000000     
   16.7000000000000     
   16.4000000000000     
   16.4000000000000     
   16.2000000000000     
   16.4000000000000     
   16.3000000000000     
   16.4000000000000     
   17.0000000000000     
   16.9000000000000     
   17.1000000000000     
   17.1000000000000     
   16.7000000000000     
   16.9000000000000     
   16.5000000000000     
   17.2000000000000     
   16.4000000000000     
   17.0000000000000     
   17.0000000000000     
   16.7000000000000     
   16.2000000000000     
   16.6000000000000     
   16.9000000000000     
   16.5000000000000     
   16.6000000000000     
   16.6000000000000     
   17.0000000000000     
   17.1000000000000     
   17.1000000000000     
   16.7000000000000     
   16.8000000000000     
   16.3000000000000     
   16.6000000000000     
   16.8000000000000     
   16.9000000000000     
   17.1000000000000     
   16.8000000000000     
   17.0000000000000     
   17.2000000000000     
   17.3000000000000     
   17.2000000000000     
   17.3000000000000     
   17.2000000000000     
   17.2000000000000     
   17.5000000000000     
   16.9000000000000     
   16.9000000000000     
   16.9000000000000     
   17.0000000000000     
   16.5000000000000     
   16.7000000000000     
   16.8000000000000     
   16.7000000000000     
   16.7000000000000     
   16.6000000000000     
   16.5000000000000     
   17.0000000000000     
   16.7000000000000     
   16.7000000000000     
   16.9000000000000     
   17.4000000000000     
   17.1000000000000     
   17.0000000000000     
   16.8000000000000     
   17.2000000000000     
   17.2000000000000     
   17.4000000000000     
   17.2000000000000     
   16.9000000000000     
   16.8000000000000     
   17.0000000000000     
   17.4000000000000     
   17.2000000000000     
   17.2000000000000     
   17.1000000000000     
   17.1000000000000     
   17.1000000000000     
   17.4000000000000     
   17.2000000000000     
   16.9000000000000     
   16.9000000000000     
   17.0000000000000     
   16.7000000000000     
   16.9000000000000     
   17.3000000000000     
   17.8000000000000     
   17.8000000000000     
   17.6000000000000     
   17.5000000000000     
   17.0000000000000     
   16.9000000000000     
   17.1000000000000     
   17.2000000000000     
   17.4000000000000     
   17.5000000000000     
   17.9000000000000     
   17.0000000000000     
   17.0000000000000     
   17.0000000000000     
   17.2000000000000     
   17.3000000000000     
   17.4000000000000     
   17.4000000000000     
   17.0000000000000     
   18.0000000000000     
   18.2000000000000     
   17.6000000000000     
   17.8000000000000     
   17.7000000000000     
   17.2000000000000     
   17.4000000000000     
