   101.000000000000     
   82.0000000000000     
   66.0000000000000     
   35.0000000000000     
   31.0000000000000     
   7.00000000000000     
   20.0000000000000     
   92.0000000000000     
   154.000000000000     
   125.000000000000     
   85.0000000000000     
   68.0000000000000     
   38.0000000000000     
   23.0000000000000     
   10.0000000000000     
   24.0000000000000     
   83.0000000000000     
   132.000000000000     
   131.000000000000     
   118.000000000000     
   90.0000000000000     
   67.0000000000000     
   60.0000000000000     
   47.0000000000000     
   41.0000000000000     
   21.0000000000000     
   16.0000000000000     
   6.00000000000000     
   4.00000000000000     
   7.00000000000000     
   14.0000000000000     
   34.0000000000000     
   45.0000000000000     
   43.0000000000000     
   48.0000000000000     
   42.0000000000000     
   28.0000000000000     
   10.0000000000000     
   8.00000000000000     
   2.00000000000000     
  0.000000000000000E+000
   1.00000000000000     
   5.00000000000000     
   12.0000000000000     
   14.0000000000000     
   35.0000000000000     
   46.0000000000000     
   41.0000000000000     
   30.0000000000000     
   24.0000000000000     
   16.0000000000000     
   7.00000000000000     
   4.00000000000000     
   2.00000000000000     
   8.00000000000000     
   17.0000000000000     
   36.0000000000000     
   50.0000000000000     
   62.0000000000000     
   67.0000000000000     
   71.0000000000000     
   48.0000000000000     
   28.0000000000000     
   8.00000000000000     
   13.0000000000000     
   57.0000000000000     
   122.000000000000     
   138.000000000000     
   103.000000000000     
   86.0000000000000     
   63.0000000000000     
   37.0000000000000     
   24.0000000000000     
   11.0000000000000     
   15.0000000000000     
   40.0000000000000     
   62.0000000000000     
   98.0000000000000     
   124.000000000000     
   96.0000000000000     
   66.0000000000000     
   64.0000000000000     
   54.0000000000000     
   39.0000000000000     
   21.0000000000000     
   7.00000000000000     
   4.00000000000000     
   23.0000000000000     
   55.0000000000000     
   94.0000000000000     
   96.0000000000000     
   77.0000000000000     
   59.0000000000000     
   44.0000000000000     
   47.0000000000000     
   30.0000000000000     
   16.0000000000000     
   7.00000000000000     
   37.0000000000000     
   74.0000000000000     
