   47.0000000000000     
   64.0000000000000     
   23.0000000000000     
   71.0000000000000     
   38.0000000000000     
   64.0000000000000     
   55.0000000000000     
   41.0000000000000     
   59.0000000000000     
   48.0000000000000     
   71.0000000000000     
   35.0000000000000     
   57.0000000000000     
   40.0000000000000     
   58.0000000000000     
   44.0000000000000     
   80.0000000000000     
   55.0000000000000     
   37.0000000000000     
   74.0000000000000     
   51.0000000000000     
   57.0000000000000     
   50.0000000000000     
   60.0000000000000     
   45.0000000000000     
   57.0000000000000     
   50.0000000000000     
   45.0000000000000     
   25.0000000000000     
   59.0000000000000     
   50.0000000000000     
   71.0000000000000     
   56.0000000000000     
   74.0000000000000     
   50.0000000000000     
   58.0000000000000     
   45.0000000000000     
   54.0000000000000     
   36.0000000000000     
   54.0000000000000     
   48.0000000000000     
   55.0000000000000     
   45.0000000000000     
   57.0000000000000     
   50.0000000000000     
   62.0000000000000     
   44.0000000000000     
   64.0000000000000     
   43.0000000000000     
   52.0000000000000     
   38.0000000000000     
   59.0000000000000     
   55.0000000000000     
   41.0000000000000     
   53.0000000000000     
   49.0000000000000     
   34.0000000000000     
   35.0000000000000     
   54.0000000000000     
   45.0000000000000     
   68.0000000000000     
   38.0000000000000     
   50.0000000000000     
   60.0000000000000     
   39.0000000000000     
   59.0000000000000     
   40.0000000000000     
   57.0000000000000     
   54.0000000000000     
   23.0000000000000     
