   1.2551500000000000e+04
   1.3377041666666701e+04
   1.5300625000000000e+04
   1.5582750000000000e+04
   1.5691750000000000e+04
   1.5705833333333299e+04
   1.4140125000000000e+04
   1.1503291666666701e+04
   1.1467833333333299e+04
   1.2290791666666701e+04
   1.4943166666666701e+04
   1.5675375000000000e+04
   1.5881916666666701e+04
   1.5857833333333299e+04
   1.5387125000000000e+04
   1.4168750000000000e+04
   1.5693833333333299e+04
   1.5796541666666701e+04
   1.5836208333333299e+04
   1.5770000000000000e+04
   1.5745291666666701e+04
   1.4968666666666701e+04
   1.3762208333333299e+04
   1.5178541666666701e+04
   1.5745666666666701e+04
   1.5609416666666701e+04
   1.5219833333333299e+04
   1.5083333333333299e+04
   1.4681708333333299e+04
   1.3933750000000000e+04
   1.5140041666666701e+04
   1.5500958333333299e+04
   1.5316291666666701e+04
   1.5445125000000000e+04
   1.5617458333333299e+04
   1.5180666666666701e+04
   1.5028583333333299e+04
   1.5073875000000000e+04
   1.5369750000000000e+04
   1.5431958333333299e+04
   1.5530666666666701e+04
   1.5504458333333299e+04
   1.5130458333333299e+04
   1.3992791666666701e+04
   1.5242458333333299e+04
   1.5926250000000000e+04
   1.5845791666666701e+04
   1.5776458333333299e+04
   1.5526125000000000e+04
   1.5090166666666701e+04
   1.3894041666666701e+04
   1.5392250000000000e+04
   1.5866166666666701e+04
   1.6014166666666701e+04
   1.6112666666666701e+04
   1.5945458333333299e+04
   1.5706333333333299e+04
   1.4494416666666701e+04
   1.5828833333333299e+04
   1.6155750000000000e+04
   1.6080958333333299e+04
   1.5838250000000000e+04
   1.5827041666666701e+04
   1.5384791666666701e+04
   1.4153666666666701e+04
   1.5647958333333299e+04
   1.5765125000000000e+04
   1.5682208333333299e+04
   1.5683791666666701e+04
   1.5578166666666701e+04
   1.5205958333333299e+04
   1.3996250000000000e+04
   1.4686958333333299e+04
   1.4729750000000000e+04
   1.3280750000000000e+04
   1.3278000000000000e+04
   1.1120125000000000e+04
   1.1387833333333299e+04
   1.2374708333333299e+04
   1.4966916666666701e+04
   1.5616375000000000e+04
   1.5729041666666701e+04
   1.5689375000000000e+04
   1.5464333333333299e+04
   1.4807541666666701e+04
   1.3295083333333299e+04
   1.4425041666666701e+04
   1.4244625000000000e+04
   1.4069625000000000e+04
   1.3916416666666701e+04
   1.3768166666666701e+04
   1.3167583333333299e+04
   1.1833541666666701e+04
   1.3013541666666701e+04
   1.3194125000000000e+04
   1.2731291666666701e+04
   1.3099916666666701e+04
   1.3613958333333299e+04
   1.3831875000000000e+04
   1.2736166666666701e+04
   1.4042333333333299e+04
   1.4609500000000000e+04
   1.4319375000000000e+04
   1.4296583333333299e+04
   1.3960833333333299e+04
   1.3408333333333299e+04
   1.1903666666666701e+04
   1.3244666666666701e+04
   1.3655916666666701e+04
   1.3627583333333299e+04
   1.3989625000000000e+04
   1.4186458333333299e+04
   1.3614333333333299e+04
   1.2131458333333299e+04
   1.3596458333333299e+04
   1.3709791666666701e+04
   1.3674625000000000e+04
   1.3883833333333299e+04
   1.3827083333333299e+04
   1.3386208333333299e+04
   1.1930833333333299e+04
   1.3177375000000000e+04
   1.3487625000000000e+04
   1.3827958333333299e+04
   1.3924250000000000e+04
   1.3967083333333299e+04
   1.3437416666666701e+04
   1.1996500000000000e+04
   1.3375875000000000e+04
   1.3571500000000000e+04
   1.3610916666666701e+04
   1.3595666666666701e+04
   1.3594125000000000e+04
   1.3178250000000000e+04
   1.1809083333333299e+04
   1.3393541666666701e+04
   1.3648333333333299e+04
   1.3592916666666701e+04
   1.3610375000000000e+04
   1.2803250000000000e+04
   1.2428041666666701e+04
   1.1685916666666701e+04
   1.3290083333333299e+04
   1.3795541666666701e+04
   1.3702875000000000e+04
   1.3790791666666701e+04
   1.3655625000000000e+04
   1.3277083333333299e+04
   1.1845541666666701e+04
   1.3322833333333299e+04
   1.3586750000000000e+04
   1.3595125000000000e+04
   1.3741791666666701e+04
   1.3526541666666701e+04
   1.3082958333333299e+04
   1.1742916666666701e+04
   1.3159791666666701e+04
   1.3593333333333299e+04
   1.3694500000000000e+04
   1.3807375000000000e+04
   1.3950000000000000e+04
   1.3446750000000000e+04
   1.2009458333333299e+04
   1.3518875000000000e+04
   1.4019458333333299e+04
   1.4072916666666701e+04
   1.4269541666666701e+04
   1.4312416666666701e+04
   1.3762416666666701e+04
   1.1955333333333299e+04
   1.3529250000000000e+04
   1.3954083333333299e+04
   1.4061166666666701e+04
   1.4188416666666701e+04
   1.4318166666666701e+04
   1.3918250000000000e+04
   1.2457500000000000e+04
   1.4266791666666701e+04
   1.4644291666666701e+04
   1.4535666666666701e+04
   1.4645750000000000e+04
   1.4573458333333299e+04
   1.4125250000000000e+04
   1.2604750000000000e+04
   1.4432958333333299e+04
   1.4949708333333299e+04
   1.5162916666666701e+04
   1.5460833333333299e+04
   1.5423541666666701e+04
   1.4809375000000000e+04
   1.3108958333333299e+04
   1.4982750000000000e+04
   1.5460041666666701e+04
   1.5560708333333299e+04
   1.5387333333333299e+04
   1.5318291666666701e+04
   1.4734500000000000e+04
   1.3224125000000000e+04
   1.4980500000000000e+04
   1.5299666666666701e+04
   1.5309041666666701e+04
   1.5169458333333299e+04
   1.5108458333333299e+04
   1.4473500000000000e+04
   1.2997708333333299e+04
   1.4812583333333299e+04
   1.5297500000000000e+04
   1.5468125000000000e+04
   1.5720750000000000e+04
   1.5758333333333299e+04
   1.5177041666666701e+04
   1.3712125000000000e+04
   1.5326541666666701e+04
   1.5276333333333299e+04
   1.5033875000000000e+04
   1.5064416666666701e+04
   1.5017375000000000e+04
   1.4519708333333299e+04
   1.3218250000000000e+04
   1.5024833333333299e+04
   1.5454208333333299e+04
   1.5554958333333299e+04
   1.5528750000000000e+04
   1.5430833333333299e+04
   1.4713541666666701e+04
   1.3251833333333299e+04
   1.5020250000000000e+04
   1.5403791666666701e+04
   1.5366875000000000e+04
   1.5413708333333299e+04
   1.5316458333333299e+04
   1.4791583333333299e+04
   1.3256708333333299e+04
   1.5101708333333299e+04
   1.5572375000000000e+04
   1.5588625000000000e+04
   1.5494291666666701e+04
   1.5346583333333299e+04
   1.4403000000000000e+04
   1.2740500000000000e+04
   1.4350458333333299e+04
   1.4705166666666701e+04
   1.3824083333333299e+04
   1.4575958333333299e+04
   1.4625541666666701e+04
   1.4220750000000000e+04
   1.2795791666666701e+04
   1.4629458333333299e+04
   1.5127708333333299e+04
   1.4708458333333299e+04
   1.4635458333333299e+04
   1.4513208333333299e+04
   1.4091208333333299e+04
   1.2606333333333299e+04
   1.4164666666666701e+04
   1.4685416666666701e+04
   1.4571875000000000e+04
   1.4668375000000000e+04
   1.4609416666666701e+04
   1.4119875000000000e+04
   1.2353750000000000e+04
   1.4026833333333299e+04
   1.4450375000000000e+04
   1.4671583333333299e+04
   1.4654458333333299e+04
   1.4667750000000000e+04
   1.4280500000000000e+04
   1.2606208333333299e+04
   1.3995166666666701e+04
   1.4344916666666701e+04
   1.4371958333333299e+04
   1.4397000000000000e+04
   1.4160500000000000e+04
   1.3774625000000000e+04
   1.2427166666666701e+04
   1.3827416666666701e+04
   1.4283125000000000e+04
   1.4175875000000000e+04
   1.4384208333333299e+04
   1.4183291666666701e+04
   1.3663958333333299e+04
   1.2192166666666701e+04
   1.3601625000000000e+04
   1.3942083333333299e+04
   1.3933333333333299e+04
   1.4047166666666701e+04
   1.4100833333333299e+04
   1.3768125000000000e+04
   1.2435666666666701e+04
   1.3792875000000000e+04
   1.4209583333333299e+04
   1.4275666666666701e+04
   1.4452458333333299e+04
   1.4627750000000000e+04
   1.4287458333333299e+04
   1.2643375000000000e+04
   1.4694916666666701e+04
   1.5235833333333299e+04
   1.5009833333333299e+04
   1.4976791666666701e+04
   1.4762250000000000e+04
   1.4358416666666701e+04
   1.2840958333333299e+04
   1.4633291666666701e+04
   1.4961750000000000e+04
   1.4765750000000000e+04
   1.4796541666666701e+04
   1.4702291666666701e+04
   1.4159333333333299e+04
   1.2850333333333299e+04
   1.4237041666666701e+04
   1.4621250000000000e+04
   1.4457083333333299e+04
   1.4555250000000000e+04
   1.4437833333333299e+04
   1.4047166666666701e+04
   1.3075583333333299e+04
   1.4537416666666701e+04
   1.5015708333333299e+04
   1.5134750000000000e+04
   1.4941291666666701e+04
   1.4728000000000000e+04
   1.4848458333333299e+04
   1.3496625000000000e+04
   1.4962958333333299e+04
   1.5307791666666701e+04
   1.5272541666666701e+04
   1.5515583333333299e+04
   1.5489166666666701e+04
   1.5095916666666701e+04
   1.4067083333333299e+04
   1.5428875000000000e+04
   1.5682333333333299e+04
   1.5809791666666701e+04
   1.5872625000000000e+04
   1.5643791666666701e+04
   1.5293833333333299e+04
   1.4106708333333299e+04
   1.5521875000000000e+04
   1.5891833333333299e+04
   1.6108541666666701e+04
   1.6050666666666701e+04
   1.6180125000000000e+04
   1.5795375000000000e+04
   1.4377166666666701e+04
   1.5912291666666701e+04
   1.6371041666666701e+04
   1.6177875000000000e+04
   1.6081666666666701e+04
   1.6000458333333299e+04
   1.5577583333333299e+04
   1.4316875000000000e+04
   1.5716000000000000e+04
   1.6157333333333299e+04
   1.6309458333333299e+04
   1.6373666666666701e+04
   1.6453750000000000e+04
   1.6231250000000000e+04
   1.5946375000000000e+04
   1.5016750000000000e+04
   1.3776666666666701e+04
   1.1178333333333299e+04
   1.1034041666666701e+04
   1.1239833333333299e+04
   1.1976458333333299e+04
   1.2111583333333299e+04
   1.2554208333333299e+04
   1.4926250000000000e+04
   1.5394416666666701e+04
   1.5390791666666701e+04
   1.5602291666666701e+04
   1.5177875000000000e+04
   1.3881791666666701e+04
   1.5233000000000000e+04
   1.5301875000000000e+04
   1.5475458333333299e+04
   1.5559750000000000e+04
   1.5604083333333299e+04
   1.5447583333333299e+04
   1.4326666666666701e+04
   1.5729291666666701e+04
   1.5956500000000000e+04
   1.6077458333333299e+04
   1.6140708333333299e+04
   1.6182875000000000e+04
   1.5688375000000000e+04
   1.4478500000000000e+04
   1.5967333333333299e+04
   1.6481875000000000e+04
   1.5987625000000000e+04
   1.6525375000000000e+04
   1.6174291666666701e+04
   1.5750125000000000e+04
   1.4054833333333299e+04
   1.5369375000000000e+04
   1.5536750000000000e+04
   1.5562208333333299e+04
   1.5803916666666701e+04
   1.5998958333333299e+04
   1.5676000000000000e+04
   1.4183083333333299e+04
   1.5709333333333299e+04
   1.5886791666666701e+04
   1.5797625000000000e+04
   1.5731625000000000e+04
   1.5508625000000000e+04
   1.4956583333333299e+04
   1.3989833333333299e+04
   1.5526166666666701e+04
   1.5943791666666701e+04
   1.6215333333333299e+04
   1.6170375000000000e+04
   1.6174166666666701e+04
   1.5566125000000000e+04
   1.4220458333333299e+04
   1.6027791666666701e+04
   1.6054916666666701e+04
   1.6217708333333299e+04
   1.6401250000000000e+04
   1.5871833333333299e+04
   1.6062416666666701e+04
   1.4045416666666701e+04
   1.5064916666666701e+04
   1.5237833333333299e+04
   1.5385250000000000e+04
   1.5162291666666701e+04
   1.4842291666666701e+04
   1.4017500000000000e+04
   1.2022875000000000e+04
   9.8751250000000000e+03
   9.9930000000000000e+03
   1.0652625000000000e+04
   1.1092166666666701e+04
   1.2135625000000000e+04
   1.2258625000000000e+04
   1.1981750000000000e+04
   1.3638500000000000e+04
   1.4248375000000000e+04
   1.4388875000000000e+04
   1.4456125000000000e+04
   1.4403166666666701e+04
   1.3797291666666701e+04
   1.2500375000000000e+04
   1.3566916666666701e+04
   1.3519208333333299e+04
   1.3510041666666701e+04
   1.3634458333333299e+04
   1.4160166666666701e+04
   1.3708375000000000e+04
   1.2376083333333299e+04
   1.3394250000000000e+04
   1.3529041666666701e+04
   1.3671208333333299e+04
   1.3927083333333299e+04
   1.4116041666666701e+04
   1.3906708333333299e+04
   1.2711791666666701e+04
   1.3951625000000000e+04
   1.4173500000000000e+04
   1.4294125000000000e+04
   1.4281166666666701e+04
   1.4035916666666701e+04
   1.3546583333333299e+04
   1.2349916666666701e+04
   1.3322708333333299e+04
   1.3700500000000000e+04
   1.3678208333333299e+04
   1.3773250000000000e+04
   1.3838458333333299e+04
   1.3646625000000000e+04
   1.2454791666666701e+04
   1.3664958333333299e+04
   1.3735333333333299e+04
   1.4009208333333299e+04
   1.3658750000000000e+04
   1.3399125000000000e+04
   1.3162333333333299e+04
   1.1792875000000000e+04
   1.2074708333333299e+04
   1.3257375000000000e+04
   1.3548250000000000e+04
   1.3724291666666701e+04
   1.3534333333333299e+04
   1.3067458333333299e+04
   1.1966208333333299e+04
   1.3269500000000000e+04
   1.3421333333333299e+04
   1.3688083333333299e+04
   1.3712583333333299e+04
   1.3486000000000000e+04
   1.3174166666666701e+04
   1.2010125000000000e+04
   1.3215500000000000e+04
   1.3313250000000000e+04
   1.3385916666666701e+04
   1.3439708333333299e+04
   1.3377625000000000e+04
   1.2934958333333299e+04
   1.1934000000000000e+04
   1.3375333333333299e+04
   1.3520875000000000e+04
   1.3357958333333299e+04
   1.3289750000000000e+04
   1.3238375000000000e+04
   1.2065750000000000e+04
   1.1416875000000000e+04
   1.2944250000000000e+04
   1.3293500000000000e+04
   1.3453833333333299e+04
   1.3491916666666701e+04
   1.3449083333333299e+04
   1.2974458333333299e+04
   1.1902625000000000e+04
   1.3136666666666701e+04
   1.3537166666666701e+04
   1.3464083333333299e+04
   1.3556875000000000e+04
   1.3535833333333299e+04
   1.2963833333333299e+04
   1.1849500000000000e+04
   1.3046458333333299e+04
   1.3315500000000000e+04
   1.3252708333333299e+04
   1.3429958333333299e+04
   1.3580958333333299e+04
   1.3100416666666701e+04
   1.1870250000000000e+04
   1.3416333333333299e+04
   1.4056833333333299e+04
   1.4057791666666701e+04
   1.4212166666666701e+04
   1.3963000000000000e+04
   1.3325000000000000e+04
   1.1834208333333299e+04
   1.3523916666666701e+04
   1.3991333333333299e+04
   1.4044458333333299e+04
   1.4065833333333299e+04
   1.4087083333333299e+04
   1.3645583333333299e+04
   1.2388958333333299e+04
   1.3831750000000000e+04
   1.4307666666666701e+04
   1.4425041666666701e+04
   1.4438250000000000e+04
   1.4555708333333299e+04
   1.3928500000000000e+04
   1.3048875000000000e+04
   1.4255125000000000e+04
   1.4377166666666701e+04
   1.4431791666666701e+04
   1.4598125000000000e+04
   1.4858833333333299e+04
   1.4215916666666701e+04
   1.2811166666666701e+04
   1.4483916666666701e+04
   1.5022333333333299e+04
   1.5105000000000000e+04
   1.5017541666666701e+04
   1.5093125000000000e+04
   1.4537541666666701e+04
   1.3059625000000000e+04
   1.4819666666666701e+04
   1.5154791666666701e+04
   1.5132250000000000e+04
   1.5507208333333299e+04
   1.5410416666666701e+04
   1.4840458333333299e+04
   1.3342166666666701e+04
   1.4918541666666701e+04
   1.5292583333333299e+04
   1.5348041666666701e+04
   1.5361625000000000e+04
   1.5393708333333299e+04
   1.4889375000000000e+04
   1.3632041666666701e+04
   1.5255666666666701e+04
   1.5519500000000000e+04
   1.5474916666666701e+04
   1.5265000000000000e+04
   1.5228541666666701e+04
   1.4776125000000000e+04
   1.3338041666666701e+04
   1.5062875000000000e+04
   1.5459000000000000e+04
   1.5554166666666701e+04
   1.5741541666666701e+04
   1.5824416666666701e+04
   1.5195208333333299e+04
   1.3664333333333299e+04
   1.4936250000000000e+04
   1.5326208333333299e+04
   1.5385625000000000e+04
   1.5473458333333299e+04
   1.5365291666666701e+04
   1.4672750000000000e+04
   1.3097375000000000e+04
   1.4433666666666701e+04
   1.5031625000000000e+04
   1.5209750000000000e+04
   1.5259250000000000e+04
   1.5424041666666701e+04
   1.4913375000000000e+04
   1.3220666666666701e+04
   1.4766833333333299e+04
   1.5139333333333299e+04
   1.5149666666666701e+04
   1.4158916666666701e+04
   1.4513666666666701e+04
   1.3862333333333299e+04
   1.2989750000000000e+04
   1.4689125000000000e+04
   1.4967625000000000e+04
   1.5053666666666701e+04
   1.4854041666666701e+04
   1.4456541666666701e+04
   1.3975125000000000e+04
   1.2644291666666701e+04
   1.4016208333333299e+04
   1.4613708333333299e+04
   1.4478083333333299e+04
   1.4449000000000000e+04
   1.4415500000000000e+04
   1.3964541666666701e+04
   1.2611708333333299e+04
   1.3966583333333299e+04
   1.4269041666666701e+04
   1.4453291666666701e+04
   1.4586708333333299e+04
   1.4376166666666701e+04
   1.3926083333333299e+04
   1.2627791666666701e+04
   1.3886208333333299e+04
   1.4331458333333299e+04
   1.4311000000000000e+04
   1.3944625000000000e+04
   1.3840666666666701e+04
   1.3491000000000000e+04
   1.1987583333333299e+04
   1.3641916666666701e+04
   1.3846125000000000e+04
   1.3857500000000000e+04
   1.3963416666666701e+04
   1.3829208333333299e+04
   1.3469625000000000e+04
   1.2115250000000000e+04
   1.3511875000000000e+04
   1.3933833333333299e+04
   1.4021000000000000e+04
   1.3894041666666701e+04
   1.3760750000000000e+04
   1.3413041666666701e+04
   1.2223500000000000e+04
   1.3517000000000000e+04
   1.3850041666666701e+04
   1.3878000000000000e+04
   1.3798625000000000e+04
   1.3782791666666701e+04
   1.3560833333333299e+04
   1.2412875000000000e+04
   1.3670166666666701e+04
   1.4049000000000000e+04
   1.4156000000000000e+04
   1.4472500000000000e+04
   1.4601875000000000e+04
   1.4252708333333299e+04
   1.3040458333333299e+04
   1.3067625000000000e+04
   1.4192458333333299e+04
   1.4823125000000000e+04
   1.4626291666666701e+04
   1.4891875000000000e+04
   1.4549958333333299e+04
   1.3324333333333299e+04
   1.4334833333333299e+04
   1.4684500000000000e+04
   1.4740250000000000e+04
   1.4730875000000000e+04
   1.4583541666666701e+04
   1.4065666666666701e+04
   1.2958750000000000e+04
   1.4216958333333299e+04
   1.4390375000000000e+04
   1.4393000000000000e+04
   1.4698083333333299e+04
   1.4991333333333299e+04
   1.4804000000000000e+04
   1.3567000000000000e+04
   1.5064458333333299e+04
   1.5743833333333299e+04
   1.5600000000000000e+04
   1.5748375000000000e+04
   1.5836541666666701e+04
   1.5288333333333299e+04
   1.4078375000000000e+04
   1.5587625000000000e+04
   1.5831333333333299e+04
   1.5752791666666701e+04
   1.5874916666666701e+04
   1.5985250000000000e+04
   1.4189291666666701e+04
   1.4889875000000000e+04
   1.5537875000000000e+04
   1.5725625000000000e+04
   1.5099500000000000e+04
   1.4587666666666701e+04
   1.6161750000000000e+04
   1.5760416666666701e+04
   1.4558708333333299e+04
   1.5981583333333299e+04
   1.6402250000000000e+04
   1.6660083333333299e+04
   1.6713416666666701e+04
   1.6635708333333299e+04
   1.4454416666666701e+04
   1.1958916666666701e+04
   1.1397125000000000e+04
   1.1790666666666701e+04
   1.4242416666666701e+04
   1.5663875000000000e+04
   1.6159500000000000e+04
   1.5903250000000000e+04
   1.4703166666666701e+04
   1.5850125000000000e+04
   1.5877583333333299e+04
   1.5887666666666701e+04
   1.6148125000000000e+04
   1.5893333333333299e+04
   1.5285333333333299e+04
   1.4837750000000000e+04
   1.4341375000000000e+04
   1.5043583333333299e+04
   1.6180500000000000e+04
   1.6117291666666701e+04
   1.6146750000000000e+04
   1.5480291666666701e+04
   1.4576541666666701e+04
   1.5900333333333299e+04
   1.6446625000000000e+04
   1.6648000000000000e+04
   1.6600333333333299e+04
   1.6464666666666701e+04
   1.6119625000000000e+04
   1.4885000000000000e+04
   1.6265458333333299e+04
   1.6576916666666701e+04
   1.6466000000000000e+04
   1.6471875000000000e+04
   1.6434083333333299e+04
   1.5945583333333299e+04
   1.4909416666666701e+04
   1.5989041666666701e+04
   1.6249125000000000e+04
   1.6063875000000000e+04
   1.6030875000000000e+04
   1.6021708333333299e+04
   1.5441583333333299e+04
   1.4343208333333299e+04
   1.5715291666666701e+04
   1.5872000000000000e+04
   1.6395541666666701e+04
   1.5580875000000000e+04
   1.5295000000000000e+04
   1.4895458333333299e+04
   1.4025083333333299e+04
   1.5401708333333299e+04
   1.5713416666666701e+04
   1.5687250000000000e+04
   1.5538583333333299e+04
   1.5492916666666701e+04
   1.5073500000000000e+04
   1.3906791666666701e+04
   1.5520083333333299e+04
   1.5567375000000000e+04
   1.5577125000000000e+04
   1.5472125000000000e+04
   1.5712333333333299e+04
   1.5245791666666701e+04
   1.4364250000000000e+04
   1.5566041666666701e+04
   1.5694833333333299e+04
   1.5752083333333299e+04
   1.3686625000000000e+04
   1.1353583333333299e+04
   1.1345833333333299e+04
   1.1775125000000000e+04
   1.2863166666666701e+04
   1.4909875000000000e+04
   1.5420208333333299e+04
   1.5423791666666701e+04
   1.4890375000000000e+04
   1.4845083333333299e+04
   1.3346666666666701e+04
   1.4616791666666701e+04
   1.4889541666666701e+04
   1.4676541666666701e+04
   1.4645500000000000e+04
   1.4489416666666701e+04
   1.4129875000000000e+04
   1.3224208333333299e+04
   1.4556666666666701e+04
   1.4915291666666701e+04
   1.5010000000000000e+04
   1.4928750000000000e+04
   1.4855958333333299e+04
   1.4556375000000000e+04
   1.3649208333333299e+04
   1.5025541666666701e+04
   1.5275625000000000e+04
   1.5421041666666701e+04
   1.5539708333333299e+04
   1.5377541666666701e+04
   1.4958416666666701e+04
   1.4118291666666701e+04
   1.5397625000000000e+04
   1.5927833333333299e+04
   1.6027375000000000e+04
   1.6077500000000000e+04
   1.6079291666666701e+04
   1.5502958333333299e+04
   1.4442875000000000e+04
   1.5666375000000000e+04
   1.5461416666666701e+04
   1.5318958333333299e+04
   1.5619750000000000e+04
   1.5513708333333299e+04
   1.4941791666666701e+04
   1.3618416666666701e+04
   1.4838916666666701e+04
   1.5263041666666701e+04
   1.5108041666666701e+04
   1.5144458333333299e+04
   1.5044083333333299e+04
   1.4540541666666701e+04
   1.2936583333333299e+04
   1.4139958333333299e+04
   1.4836250000000000e+04
   1.4746833333333299e+04
   1.4703000000000000e+04
   1.4747375000000000e+04
   1.4470208333333299e+04
   1.3308000000000000e+04
   1.4115458333333299e+04
   1.3568500000000000e+04
   1.4746083333333299e+04
   1.4684541666666701e+04
   1.4370250000000000e+04
   1.3840208333333299e+04
   1.2469458333333299e+04
   1.3666541666666701e+04
   1.3920125000000000e+04
   1.3662666666666701e+04
   1.3698083333333299e+04
   1.3778458333333299e+04
   1.3434791666666701e+04
   1.2145125000000000e+04
   1.3494541666666701e+04
   1.3771666666666701e+04
   1.3890375000000000e+04
   1.4016000000000000e+04
   1.3924666666666701e+04
   1.3578833333333299e+04
   1.2228916666666701e+04
   1.3523541666666701e+04
   1.3940500000000000e+04
   1.3909375000000000e+04
   1.4012291666666701e+04
   1.3923041666666701e+04
   1.3541416666666701e+04
   1.1964541666666701e+04
   1.3638958333333299e+04
   1.3899333333333299e+04
   1.4069708333333299e+04
   1.4027166666666701e+04
   1.4016041666666701e+04
   1.3745541666666701e+04
   1.2463500000000000e+04
   1.3699250000000000e+04
   1.4075541666666701e+04
   1.4173583333333299e+04
   1.4131416666666701e+04
   1.3972458333333299e+04
   1.3741166666666701e+04
   1.2422000000000000e+04
   1.3811166666666701e+04
   1.4047458333333299e+04
   1.4036375000000000e+04
   1.4198583333333299e+04
   1.4450875000000000e+04
   1.4084416666666701e+04
   1.2822666666666701e+04
   1.4464958333333299e+04
   1.4730750000000000e+04
   1.4766416666666701e+04
   1.4817083333333299e+04
   1.4446000000000000e+04
   1.4056416666666701e+04
   1.2711583333333299e+04
   1.4349583333333299e+04
   1.4767875000000000e+04
   1.4638791666666701e+04
   1.4658791666666701e+04
   1.4717208333333299e+04
   1.4303833333333299e+04
   1.2999708333333299e+04
   1.4840833333333299e+04
   1.5352250000000000e+04
   1.5220625000000000e+04
   1.5251500000000000e+04
   1.5145333333333299e+04
   1.4635000000000000e+04
   1.3252916666666701e+04
   1.4926291666666701e+04
   1.5324166666666701e+04
   1.5365958333333299e+04
   1.5434958333333299e+04
   1.5537625000000000e+04
   1.5013500000000000e+04
   1.3611750000000000e+04
   1.5256833333333299e+04
   1.5588708333333299e+04
   1.5638333333333299e+04
   1.5501708333333299e+04
   1.5466125000000000e+04
   1.4891583333333299e+04
   1.3366750000000000e+04
   1.5190166666666701e+04
   1.5726458333333299e+04
   1.5987666666666701e+04
   1.6215583333333299e+04
   1.6237958333333299e+04
   1.5592166666666701e+04
   1.4210166666666701e+04
   1.5884458333333299e+04
   1.5992625000000000e+04
   1.5916125000000000e+04
   1.5924750000000000e+04
   1.6028250000000000e+04
   1.5443833333333299e+04
   1.3899416666666701e+04
   1.5707250000000000e+04
   1.6176375000000000e+04
   1.6281041666666701e+04
   1.6163041666666701e+04
   1.6120000000000000e+04
   1.5626791666666701e+04
   1.4194041666666701e+04
   1.5803375000000000e+04
   1.6083791666666701e+04
   1.6028250000000000e+04
   1.5814666666666701e+04
   1.5855666666666701e+04
   1.5300666666666701e+04
   1.3966375000000000e+04
   1.5851166666666701e+04
   1.6317208333333299e+04
   1.6196583333333299e+04
   1.6049625000000000e+04
   1.5848416666666701e+04
   1.4999958333333299e+04
   1.3435208333333299e+04
   1.4789041666666701e+04
   1.5234958333333299e+04
   1.5402958333333299e+04
   1.5450708333333299e+04
   1.5462208333333299e+04
   1.5096416666666701e+04
   1.3664583333333299e+04
   1.5258458333333299e+04
   1.5511500000000000e+04
   1.5545916666666701e+04
   1.5592916666666701e+04
   1.4319708333333299e+04
   1.3855791666666701e+04
   1.3392000000000000e+04
   1.4804458333333299e+04
   1.5211583333333299e+04
   1.5093791666666701e+04
   1.5120166666666701e+04
   1.5039500000000000e+04
   1.4427125000000000e+04
   1.2947125000000000e+04
   1.4432583333333299e+04
   1.4754875000000000e+04
   1.4723875000000000e+04
   1.4540250000000000e+04
   1.4470958333333299e+04
   1.4008791666666701e+04
   1.2637166666666701e+04
   1.3896666666666701e+04
   1.4272666666666701e+04
   1.4341791666666701e+04
   1.4167208333333299e+04
   1.4267500000000000e+04
   1.3848125000000000e+04
   1.2634958333333299e+04
   1.4065791666666701e+04
   1.4532625000000000e+04
   1.4570208333333299e+04
   1.4700458333333299e+04
   1.4557083333333299e+04
   1.4103041666666701e+04
   1.2785541666666701e+04
   1.4201541666666701e+04
   1.4603291666666701e+04
   1.4513875000000000e+04
   1.4385291666666701e+04
   1.4270916666666701e+04
   1.3870708333333299e+04
   1.2523625000000000e+04
   1.3947291666666701e+04
   1.4296291666666701e+04
   1.4247541666666701e+04
   1.4407333333333299e+04
   1.4378000000000000e+04
   1.3965541666666701e+04
   1.2554375000000000e+04
   1.3902833333333299e+04
   1.4374291666666701e+04
   1.4412875000000000e+04
   1.4362250000000000e+04
   1.4240000000000000e+04
   1.3977375000000000e+04
   1.2645625000000000e+04
   1.4021708333333299e+04
   1.4405958333333299e+04
   1.4402375000000000e+04
   1.4421291666666701e+04
   1.4501041666666701e+04
   1.4035416666666701e+04
   1.2637041666666701e+04
   1.3202583333333299e+04
   1.2884458333333299e+04
   1.4424666666666701e+04
   1.4722833333333299e+04
   1.4830666666666701e+04
   1.4440500000000000e+04
   1.2623250000000000e+04
   1.4526583333333299e+04
   1.5029666666666701e+04
   1.5266666666666701e+04
   1.5005791666666701e+04
   1.4936583333333299e+04
   1.4812791666666701e+04
   1.3453833333333299e+04
   1.5065666666666701e+04
   1.5521541666666701e+04
   1.5493458333333299e+04
   1.5636833333333299e+04
   1.5480083333333299e+04
   1.5142083333333299e+04
   1.3745291666666701e+04
   1.4950875000000000e+04
   1.5209625000000000e+04
   1.5347708333333299e+04
   1.5575416666666701e+04
   1.5579125000000000e+04
   1.5381833333333299e+04
   1.4239708333333299e+04
   1.5406166666666701e+04
   1.5816541666666701e+04
   1.6058375000000000e+04
   1.6137458333333299e+04
   1.6243458333333299e+04
   1.6083250000000000e+04
   1.5190708333333299e+04
   1.6171875000000000e+04
   1.6249708333333299e+04
   1.5013333333333299e+04
   1.2700333333333299e+04
   1.2365583333333299e+04
   1.2621333333333299e+04
   1.4259458333333299e+04
   1.6298166666666701e+04
   1.6984458333333299e+04
   1.7354458333333299e+04
   1.7591208333333299e+04
   1.7481833333333299e+04
   1.6655791666666701e+04
   1.5153625000000000e+04
   1.6737291666666701e+04
   1.7225583333333299e+04
   1.6182125000000000e+04
   1.7312500000000000e+04
   1.6915416666666701e+04
   1.6461833333333299e+04
   1.5259583333333299e+04
   1.6967416666666701e+04
   1.7340416666666701e+04
   1.7516375000000000e+04
   1.7642708333333299e+04
   1.7377083333333299e+04
   1.6826208333333299e+04
   1.5330125000000000e+04
   1.6386208333333299e+04
   1.6232708333333299e+04
   1.4698166666666701e+04
   1.6337750000000000e+04
   1.6531166666666701e+04
   1.5919625000000000e+04
   1.4651875000000000e+04
   1.5848666666666701e+04
   1.6183875000000000e+04
   1.6086583333333299e+04
   1.6299625000000000e+04
   1.6170541666666701e+04
   1.5873750000000000e+04
   1.4700125000000000e+04
   1.6407375000000000e+04
   1.6999625000000000e+04
   1.6847583333333299e+04
   1.6785583333333299e+04
   1.6877416666666701e+04
   1.6442000000000000e+04
   1.5195416666666701e+04
   1.6592833333333299e+04
   1.7006500000000000e+04
   1.7006541666666701e+04
   1.6904916666666701e+04
   1.6763833333333299e+04
   1.6353625000000000e+04
   1.5066708333333299e+04
   1.6731875000000000e+04
   1.6961208333333299e+04
   1.7097125000000000e+04
   1.6833875000000000e+04
   1.6506166666666701e+04
   1.6141291666666701e+04
   1.4892541666666701e+04
   1.6648291666666701e+04
   1.7079083333333299e+04
   1.6628916666666701e+04
   1.6465625000000000e+04
   1.6118250000000000e+04
   1.5200958333333299e+04
   1.5158750000000000e+04
   1.4081208333333299e+04
   1.2115416666666701e+04
   1.2221625000000000e+04
   1.2638458333333299e+04
   1.3096958333333299e+04
   1.4030416666666701e+04
   1.4571791666666701e+04
   1.6684166666666701e+04
   1.7267041666666701e+04
   1.7376666666666701e+04
   1.7336500000000000e+04
   1.7323333333333299e+04
   1.6807375000000000e+04
   1.5736333333333299e+04
   1.7041500000000000e+04
   1.7314375000000000e+04
   1.7444750000000000e+04
   1.7420541666666701e+04
   1.7192916666666701e+04
   1.6562750000000000e+04
   1.5296333333333299e+04
   1.6759666666666701e+04
   1.7124541666666701e+04
   1.7064500000000000e+04
   1.7011833333333299e+04
   1.6816916666666701e+04
   1.6097833333333299e+04
   1.4911875000000000e+04
   1.6262291666666701e+04
   1.6631541666666701e+04
   1.6708000000000000e+04
   1.6571083333333299e+04
   1.6820500000000000e+04
   1.6191041666666701e+04
   1.4913333333333299e+04
   1.6403125000000000e+04
   1.6767958333333299e+04
   1.6804666666666701e+04
   1.6847208333333299e+04
   1.6845166666666701e+04
   1.6647041666666701e+04
   1.5289791666666701e+04
   1.6998875000000000e+04
   1.6841750000000000e+04
   1.6601458333333299e+04
   1.6554833333333299e+04
   1.6526416666666701e+04
   1.5965958333333299e+04
   1.4606833333333299e+04
   1.5797916666666701e+04
   1.5821791666666701e+04
   1.5969583333333299e+04
   1.6000291666666701e+04
   1.5764708333333299e+04
   1.5145083333333299e+04
   1.3779750000000000e+04
   1.5344958333333299e+04
   1.5864625000000000e+04
   1.5897875000000000e+04
   1.5562291666666701e+04
   1.5558333333333299e+04
   1.4635375000000000e+04
   1.3360208333333299e+04
   1.4974750000000000e+04
   1.5248333333333299e+04
   1.5420958333333299e+04
   1.5537750000000000e+04
   1.5860666666666701e+04
   1.5318375000000000e+04
   1.3879000000000000e+04
   1.5107125000000000e+04
   1.5218541666666701e+04
   1.4435750000000000e+04
   1.5187708333333299e+04
   1.5322500000000000e+04
   1.4752833333333299e+04
   1.3417458333333299e+04
   1.4752625000000000e+04
   1.4807166666666701e+04
   1.4563083333333299e+04
   1.4262916666666701e+04
   1.4304458333333299e+04
   1.3985875000000000e+04
   1.2557083333333299e+04
   1.4124958333333299e+04
   1.4483625000000000e+04
   1.4483041666666701e+04
   1.4698458333333299e+04
   1.4726875000000000e+04
   1.4419291666666701e+04
   1.3024916666666701e+04
   1.4590875000000000e+04
   1.5064750000000000e+04
   1.5208583333333299e+04
   1.5049916666666701e+04
   1.4789541666666701e+04
   1.4506916666666701e+04
   1.2915250000000000e+04
   1.3194416666666701e+04
   1.4805750000000000e+04
   1.5111500000000000e+04
   1.5037583333333299e+04
   1.5075083333333299e+04
   1.4525583333333299e+04
   1.2933291666666701e+04
   1.4444208333333299e+04
   1.4878000000000000e+04
   1.4856291666666701e+04
   1.4867000000000000e+04
   1.4673250000000000e+04
   1.4141541666666701e+04
   1.2799041666666701e+04
   1.4271166666666701e+04
   1.4680083333333299e+04
   1.4829291666666701e+04
   1.4978291666666701e+04
   1.5081791666666701e+04
   1.4502916666666701e+04
   1.3213500000000000e+04
   1.4673291666666701e+04
   1.5066125000000000e+04
   1.5337333333333299e+04
   1.5437541666666701e+04
   1.5521500000000000e+04
   1.4981166666666701e+04
   1.3550291666666701e+04
   1.5549583333333299e+04
   1.5800625000000000e+04
   1.5752291666666701e+04
   1.5760666666666701e+04
   1.5607166666666701e+04
   1.4895333333333299e+04
   1.3271291666666701e+04
   1.5060000000000000e+04
   1.5337416666666701e+04
   1.5699583333333299e+04
   1.6004666666666701e+04
   1.6155583333333299e+04
   1.5688500000000000e+04
   1.4051541666666701e+04
   1.5935125000000000e+04
   1.6409250000000000e+04
   1.6550125000000000e+04
   1.6730333333333299e+04
   1.6861875000000000e+04
   1.6427875000000000e+04
   1.4483916666666701e+04
   1.6206750000000000e+04
   1.6506250000000000e+04
   1.6548916666666701e+04
   1.6441541666666701e+04
   1.6580208333333299e+04
   1.5930833333333299e+04
   1.4141958333333299e+04
   1.6035541666666701e+04
   1.6493375000000000e+04
   1.6505083333333299e+04
   1.6670291666666701e+04
   1.6692458333333299e+04
   1.6051250000000000e+04
   1.4299875000000000e+04
   1.6329583333333299e+04
   1.6785291666666701e+04
   1.6797625000000000e+04
   1.7000375000000000e+04
   1.6928166666666701e+04
   1.6250583333333299e+04
   1.4540000000000000e+04
   1.6353541666666701e+04
   1.6782375000000000e+04
   1.6809791666666701e+04
   1.7033500000000000e+04
   1.7099583333333299e+04
   1.6430583333333299e+04
   1.4904916666666701e+04
   1.6565083333333299e+04
   1.6861125000000000e+04
   1.7029791666666701e+04
   1.7249750000000000e+04
   1.7205916666666701e+04
   1.6492875000000000e+04
   1.4644833333333299e+04
   1.6292375000000000e+04
   1.6757375000000000e+04
   1.6753625000000000e+04
   1.6818416666666701e+04
   1.6903750000000000e+04
   1.6287375000000000e+04
   1.4825125000000000e+04
   1.6638375000000000e+04
   1.7111958333333299e+04
   1.7112291666666701e+04
   1.7105708333333299e+04
   1.7061875000000000e+04
   1.6297875000000000e+04
   1.4754208333333299e+04
   1.6503750000000000e+04
   1.7069041666666701e+04
   1.7226750000000000e+04
   1.7239125000000000e+04
   1.7200166666666701e+04
   1.5817125000000000e+04
   1.4647791666666701e+04
   1.6919041666666701e+04
   1.6996791666666701e+04
   1.6953375000000000e+04
   1.6706166666666701e+04
   1.5906416666666701e+04
   1.5052541666666701e+04
   1.3587958333333299e+04
   1.5158500000000000e+04
   1.5730166666666701e+04
   1.5944250000000000e+04
   1.5963541666666701e+04
   1.5941750000000000e+04
   1.5356708333333299e+04
   1.3905041666666701e+04
   1.5375958333333299e+04
   1.5751833333333299e+04
   1.5579041666666701e+04
   1.5597250000000000e+04
   1.5637791666666701e+04
   1.5120916666666701e+04
   1.3533541666666701e+04
   1.5189916666666701e+04
   1.5599458333333299e+04
   1.5669000000000000e+04
   1.5747583333333299e+04
   1.5720416666666701e+04
   1.5276625000000000e+04
   1.3649708333333299e+04
   1.5134250000000000e+04
   1.5500916666666701e+04
   1.5416916666666701e+04
   1.5488125000000000e+04
   1.5323583333333299e+04
   1.4787541666666701e+04
   1.3469791666666701e+04
   1.5055083333333299e+04
   1.5417500000000000e+04
   1.5396166666666701e+04
   1.4675166666666701e+04
   1.5259500000000000e+04
   1.4816375000000000e+04
   1.3385333333333299e+04
   1.4787875000000000e+04
   1.5378541666666701e+04
   1.5399000000000000e+04
   1.5628416666666701e+04
   1.5450500000000000e+04
   1.5082875000000000e+04
   1.3619375000000000e+04
   1.5041583333333299e+04
   1.5461500000000000e+04
   1.5490000000000000e+04
   1.5424750000000000e+04
   1.5489541666666701e+04
   1.5102291666666701e+04
   1.3984416666666701e+04
   1.5174291666666701e+04
   1.5396250000000000e+04
   1.4613375000000000e+04
   1.6044666666666701e+04
   1.5886416666666701e+04
   1.5990291666666701e+04
   1.4437083333333299e+04
   1.5443458333333299e+04
   1.5868708333333299e+04
   1.6164625000000000e+04
   1.6313708333333299e+04
   1.6115041666666701e+04
   1.5941666666666701e+04
   1.4639500000000000e+04
   1.6256041666666701e+04
   1.6822875000000000e+04
   1.7024166666666701e+04
   1.7286125000000000e+04
   1.7238708333333299e+04
   1.6875500000000000e+04
   1.5425875000000000e+04
   1.6727791666666701e+04
   1.7168208333333299e+04
   1.7167416666666701e+04
   1.7106166666666701e+04
   1.6939416666666701e+04
   1.6421166666666701e+04
   1.5063625000000000e+04
   1.3902750000000000e+04
   1.1305083333333299e+04
   1.1437291666666701e+04
   1.2220625000000000e+04
   1.4095666666666701e+04
   1.4550125000000000e+04
   1.4312666666666701e+04
   1.5930666666666701e+04
   1.6973583333333299e+04
   1.7504166666666701e+04
   1.7575250000000000e+04
   1.7450708333333299e+04
   1.7024458333333299e+04
   1.5606833333333299e+04
   1.7220833333333299e+04
   1.7706791666666701e+04
   1.7449916666666701e+04
   1.7641833333333299e+04
   1.7534875000000000e+04
   1.7145375000000000e+04
   1.5378333333333299e+04
   1.7230791666666701e+04
   1.7601583333333299e+04
   1.7232791666666701e+04
   1.7626333333333299e+04
   1.7929500000000000e+04
   1.7433625000000000e+04
   1.5937416666666701e+04
   1.7595875000000000e+04
   1.7859875000000000e+04
   1.7690958333333299e+04
   1.7810958333333299e+04
   1.7806458333333299e+04
   1.7272458333333299e+04
   1.5980125000000000e+04
   1.7438625000000000e+04
   1.7644125000000000e+04
   1.6635291666666701e+04
   1.4640750000000000e+04
   1.7101250000000000e+04
   1.7081208333333299e+04
   1.5633208333333299e+04
   1.7356541666666701e+04
   1.7856458333333299e+04
   1.7814958333333299e+04
   1.7870333333333299e+04
   1.8044000000000000e+04
   1.7657208333333299e+04
   1.6109750000000000e+04
   1.7674083333333299e+04
   1.7830333333333299e+04
   1.7719083333333299e+04
   1.7565208333333299e+04
   1.7402875000000000e+04
   1.6839958333333299e+04
   1.5414500000000000e+04
   1.7125666666666701e+04
   1.7374458333333299e+04
   1.7700375000000000e+04
   1.6808916666666701e+04
   1.6454333333333299e+04
   1.5641833333333299e+04
   1.5177666666666701e+04
   1.7170333333333299e+04
   1.7752083333333299e+04
   1.7715708333333299e+04
   1.7410125000000000e+04
   1.7458125000000000e+04
   1.4998291666666701e+04
   1.2219083333333299e+04
   1.2088708333333299e+04
   1.2682583333333299e+04
   1.3445666666666701e+04
   1.6060416666666701e+04
   1.6638833333333299e+04
   1.5959416666666701e+04
   1.4687958333333299e+04
   1.6510333333333299e+04
   1.6896500000000000e+04
   1.7217916666666701e+04
   1.7340291666666701e+04
   1.5804791666666701e+04
   1.5867833333333299e+04
   1.5332791666666701e+04
   1.7370916666666701e+04
   1.7997125000000000e+04
   1.8028208333333299e+04
   1.7969541666666701e+04
   1.7840541666666701e+04
   1.7508291666666701e+04
   1.5415250000000000e+04
   1.7555416666666701e+04
   1.7738333333333299e+04
   1.7236500000000000e+04
   1.6948083333333299e+04
   1.6563958333333299e+04
   1.5949708333333299e+04
   1.4424041666666701e+04
   1.6376083333333299e+04
   1.6749708333333299e+04
   1.6841750000000000e+04
   1.7063083333333299e+04
   1.7165708333333299e+04
   1.7042125000000000e+04
   1.5401041666666701e+04
   1.6943291666666701e+04
   1.7238333333333299e+04
   1.7242458333333299e+04
   1.7479708333333299e+04
   1.7289875000000000e+04
   1.6840333333333299e+04
   1.5208916666666701e+04
   1.6757375000000000e+04
   1.7037083333333299e+04
   1.6951250000000000e+04
   1.7046458333333299e+04
   1.6869791666666701e+04
   1.6418208333333299e+04
   1.4710583333333299e+04
   1.6134333333333299e+04
   1.6168500000000000e+04
   1.6165083333333299e+04
   1.6289666666666701e+04
   1.6405583333333299e+04
   1.5831125000000000e+04
   1.3919833333333299e+04
   1.6167833333333299e+04
   1.6483208333333299e+04
   1.6580875000000000e+04
   1.6562291666666701e+04
   1.6277125000000000e+04
   1.6319708333333299e+04
   1.4736750000000000e+04
   1.6440166666666701e+04
   1.6631666666666701e+04
   1.6475750000000000e+04
   1.6348375000000000e+04
   1.6059958333333299e+04
   1.5550875000000000e+04
   1.4065833333333299e+04
   1.5503625000000000e+04
   1.5896541666666701e+04
   1.5875541666666701e+04
   1.6208458333333299e+04
   1.6065625000000000e+04
   1.5822500000000000e+04
   1.4478125000000000e+04
   1.6017000000000000e+04
   1.6188958333333299e+04
   1.6443083333333299e+04
   1.6150916666666701e+04
   1.5041875000000000e+04
   1.4804750000000000e+04
   1.3812000000000000e+04
   1.5615500000000000e+04
   1.6087333333333299e+04
   1.6237708333333299e+04
   1.5880625000000000e+04
   1.5602541666666701e+04
   1.4867625000000000e+04
   1.3551625000000000e+04
   1.5298291666666701e+04
   1.5704583333333299e+04
   1.5635333333333299e+04
   1.5582666666666701e+04
   1.5476291666666701e+04
   1.5083583333333299e+04
   1.3465291666666701e+04
   1.5108833333333299e+04
   1.5447125000000000e+04
   1.5633333333333299e+04
   1.5754875000000000e+04
   1.5793333333333299e+04
   1.5317250000000000e+04
   1.3988833333333299e+04
   1.5416458333333299e+04
   1.5849208333333299e+04
   1.4929708333333299e+04
   1.5647208333333299e+04
   1.5919333333333299e+04
   1.5432625000000000e+04
   1.3782416666666701e+04
   1.5492166666666701e+04
   1.5912875000000000e+04
   1.5890166666666701e+04
   1.5951916666666701e+04
   1.5797083333333299e+04
   1.5428375000000000e+04
   1.3761375000000000e+04
   1.5533166666666701e+04
   1.5857500000000000e+04
   1.5861750000000000e+04
   1.5893416666666701e+04
   1.5871166666666701e+04
   1.5370375000000000e+04
   1.3642291666666701e+04
   1.5390958333333299e+04
   1.5817166666666701e+04
   1.5944500000000000e+04
   1.6038708333333299e+04
   1.5888750000000000e+04
   1.5599666666666701e+04
   1.4078875000000000e+04
   1.6167958333333299e+04
   1.6561458333333299e+04
   1.6563541666666701e+04
   1.6832625000000000e+04
   1.6704500000000000e+04
   1.5771625000000000e+04
   1.4161791666666701e+04
   1.6199958333333299e+04
   1.6878333333333299e+04
   1.6643916666666701e+04
   1.6594333333333299e+04
   1.6553833333333299e+04
   1.6067875000000000e+04
   1.4458708333333299e+04
   1.6395541666666701e+04
   1.6944458333333299e+04
   1.7054416666666701e+04
   1.7157000000000000e+04
   1.7135625000000000e+04
   1.6521500000000000e+04
   1.4869125000000000e+04
   1.6908791666666701e+04
   1.7552166666666701e+04
   1.7696375000000000e+04
   1.7747500000000000e+04
   1.7630958333333299e+04
   1.6884583333333299e+04
   1.5126750000000000e+04
   1.7341083333333299e+04
   1.7867875000000000e+04
   1.7700333333333299e+04
   1.7625625000000000e+04
   1.7260500000000000e+04
   1.6524375000000000e+04
   1.4828416666666701e+04
   1.6910666666666701e+04
   1.7635041666666701e+04
   1.7727291666666701e+04
   1.7889875000000000e+04
   1.7774708333333299e+04
   1.7099708333333299e+04
   1.5447750000000000e+04
   1.7603583333333299e+04
   1.8097250000000000e+04
   1.8264333333333299e+04
   1.8472666666666701e+04
   1.8302791666666701e+04
   1.7552541666666701e+04
   1.6208333333333299e+04
   1.7436458333333299e+04
   1.8041625000000000e+04
   1.8143000000000000e+04
   1.8099541666666701e+04
   1.8019708333333299e+04
   1.7299333333333299e+04
   1.6245041666666701e+04
   1.7627208333333299e+04
   1.8045833333333299e+04
   1.7726000000000000e+04
   1.7707375000000000e+04
   1.7851416666666701e+04
   1.7213166666666701e+04
   1.5551916666666701e+04
   1.7354750000000000e+04
   1.7509541666666701e+04
   1.7603125000000000e+04
   1.7646791666666701e+04
   1.7691125000000000e+04
   1.7195708333333299e+04
   1.5478250000000000e+04
   1.7481333333333299e+04
   1.7998750000000000e+04
   1.8069458333333299e+04
   1.8149333333333299e+04
   1.8088458333333299e+04
   1.7124125000000000e+04
   1.5272750000000000e+04
   1.5934541666666701e+04
   1.7686458333333299e+04
   1.7925000000000000e+04
   1.8091666666666701e+04
   1.8155750000000000e+04
   1.7376500000000000e+04
   1.5351250000000000e+04
   1.7066083333333299e+04
   1.7358625000000000e+04
   1.7351291666666701e+04
   1.7428500000000000e+04
   1.7207833333333299e+04
   1.6558166666666701e+04
   1.4773958333333299e+04
   1.6536166666666701e+04
   1.7083333333333299e+04
   1.7095791666666701e+04
   1.7148083333333299e+04
   1.7105083333333299e+04
   1.6580666666666701e+04
   1.4789125000000000e+04
   1.6485250000000000e+04
   1.6837916666666701e+04
   1.7217083333333299e+04
   1.7215625000000000e+04
   1.7076250000000000e+04
   1.6565708333333299e+04
   1.4846875000000000e+04
   1.6821000000000000e+04
   1.7162708333333299e+04
   1.7265291666666701e+04
   1.7313791666666701e+04
   1.6705083333333299e+04
   1.6191250000000000e+04
   1.4492333333333299e+04
   1.6235208333333299e+04
   1.6560125000000000e+04
   1.6407500000000000e+04
   1.6396875000000000e+04
   1.6244583333333299e+04
   1.5847666666666701e+04
   1.4238000000000000e+04
   1.5853291666666701e+04
   1.6553250000000000e+04
   1.6619708333333299e+04
   1.6877000000000000e+04
   1.6603291666666701e+04
   1.6240583333333299e+04
   1.4599916666666701e+04
   1.6053083333333299e+04
   1.6372166666666701e+04
   1.6554625000000000e+04
   1.6442458333333299e+04
   1.6480083333333299e+04
   1.6237000000000000e+04
   1.4705750000000000e+04
   1.6188750000000000e+04
   1.6659875000000000e+04
   1.6444708333333299e+04
   1.5950208333333299e+04
   1.4757625000000000e+04
   1.5048916666666701e+04
   1.4149708333333299e+04
   1.6100208333333299e+04
   1.6383291666666701e+04
   1.6562916666666701e+04
   1.6726875000000000e+04
   1.6784250000000000e+04
   1.6697458333333299e+04
   1.5078666666666701e+04
   1.6567625000000000e+04
   1.6879750000000000e+04
   1.7005833333333299e+04
   1.6922041666666701e+04
   1.6821291666666701e+04
   1.4368166666666701e+04
   1.1624041666666701e+04
   1.1717541666666701e+04
   1.2761291666666701e+04
   1.6129041666666701e+04
   1.6898041666666701e+04
   1.7093416666666701e+04
   1.6892875000000000e+04
   1.5405541666666701e+04
   1.7355458333333299e+04
   1.8105291666666701e+04
   1.8557291666666701e+04
   1.8713458333333299e+04
   1.8370916666666701e+04
   1.7608875000000000e+04
   1.6034875000000000e+04
   1.7961791666666701e+04
   1.8225083333333299e+04
   1.8134291666666701e+04
   1.8396666666666701e+04
   1.7853333333333299e+04
   1.7394666666666701e+04
   1.5720083333333299e+04
   1.7669833333333299e+04
   1.8415541666666701e+04
   1.8461666666666701e+04
   1.8421541666666701e+04
   1.8688833333333299e+04
   1.8174375000000000e+04
   1.6348166666666701e+04
   1.8350541666666701e+04
   1.8968791666666701e+04
   1.9118041666666701e+04
   1.9234000000000000e+04
   1.9029916666666701e+04
   1.8467625000000000e+04
   1.6609166666666701e+04
   1.8586791666666701e+04
   1.8896208333333299e+04
   1.9045875000000000e+04
   1.9058791666666701e+04
   1.8951083333333299e+04
   1.8257541666666701e+04
   1.6624125000000000e+04
   1.8095041666666701e+04
   1.8379541666666701e+04
   1.8310083333333299e+04
   1.8080416666666701e+04
   1.7013041666666701e+04
   1.4731958333333299e+04
   1.5519708333333299e+04
   1.7910125000000000e+04
   1.8725291666666701e+04
   1.8506166666666701e+04
   1.8532625000000000e+04
   1.8673833333333299e+04
   1.8139000000000000e+04
   1.6509166666666701e+04
   1.8215250000000000e+04
   1.8567541666666701e+04
   1.8685041666666701e+04
   1.8736125000000000e+04
   1.8982375000000000e+04
   1.8601750000000000e+04
   1.7257791666666701e+04
   1.8653458333333299e+04
   1.8604083333333299e+04
   1.5807458333333299e+04
   1.2741291666666701e+04
   1.2614625000000000e+04
   1.3590416666666701e+04
   1.4273291666666701e+04
   1.7733625000000000e+04
   1.8549041666666701e+04
   1.8332875000000000e+04
   1.8446250000000000e+04
   1.8427083333333299e+04
   1.7768708333333299e+04
   1.6156416666666701e+04
   1.8308750000000000e+04
   1.8946125000000000e+04
   1.8852583333333299e+04
   1.8340666666666701e+04
   1.8170500000000000e+04
   1.7553958333333299e+04
   1.6095666666666701e+04
   1.7915666666666701e+04
   1.8412416666666701e+04
   1.8697541666666701e+04
   1.8745208333333299e+04
   1.8426666666666701e+04
   1.7582416666666701e+04
   1.6711375000000000e+04
   1.8650583333333299e+04
   1.9172958333333299e+04
   1.9270916666666701e+04
   1.9183916666666701e+04
   1.9053750000000000e+04
   1.8625166666666701e+04
   1.6521458333333299e+04
   1.8719791666666701e+04
   1.8930541666666701e+04
   1.8512333333333299e+04
   1.8216791666666701e+04
   1.7907750000000000e+04
   1.7292875000000000e+04
   1.5606875000000000e+04
   1.7621250000000000e+04
   1.8502833333333299e+04
   1.8303875000000000e+04
   1.8592666666666701e+04
   1.8422250000000000e+04
   1.7747583333333299e+04
   1.6106166666666701e+04
   1.7758291666666701e+04
   1.8590333333333299e+04
   1.8052291666666701e+04
   1.8528500000000000e+04
   1.8703625000000000e+04
   1.8119916666666701e+04
   1.6272291666666701e+04
   1.8012750000000000e+04
   1.8204291666666701e+04
   1.8205000000000000e+04
   1.8199625000000000e+04
   1.7937583333333299e+04
   1.7227916666666701e+04
   1.5886833333333299e+04
   1.7798833333333299e+04
   1.8518375000000000e+04
   1.8444583333333299e+04
   1.8404666666666701e+04
   1.8366333333333299e+04
   1.7665708333333299e+04
   1.5744291666666701e+04
   1.7399500000000000e+04
   1.7969291666666701e+04
   1.7915041666666701e+04
   1.8100083333333299e+04
   1.7633000000000000e+04
   1.7478125000000000e+04
   1.6070416666666701e+04
   1.8175541666666701e+04
   1.8303375000000000e+04
   1.8278541666666701e+04
   1.8132708333333299e+04
   1.7973208333333299e+04
   1.7333375000000000e+04
   1.5309375000000000e+04
   1.6932375000000000e+04
   1.7272750000000000e+04
   1.7428166666666701e+04
   1.7441958333333299e+04
   1.7403333333333299e+04
   1.6985041666666701e+04
   1.5229375000000000e+04
   1.6915708333333299e+04
   1.7204208333333299e+04
   1.7314125000000000e+04
   1.7407083333333299e+04
   1.7188916666666701e+04
   1.6106041666666701e+04
   1.4974833333333299e+04
   1.6878291666666701e+04
   1.7348250000000000e+04
   1.7419000000000000e+04
   1.7414583333333299e+04
   1.7405000000000000e+04
   1.6900000000000000e+04
   1.5783333333333299e+04
   1.6824041666666701e+04
   1.7373708333333299e+04
   1.7450750000000000e+04
   1.7415333333333299e+04
   1.7419750000000000e+04
   1.6666416666666701e+04
   1.4700208333333299e+04
   1.6626333333333299e+04
   1.7119291666666701e+04
   1.7288875000000000e+04
   1.7413375000000000e+04
   1.7440125000000000e+04
   1.7049916666666701e+04
   1.5222583333333299e+04
   1.6970166666666701e+04
   1.7359875000000000e+04
   1.7302750000000000e+04
   1.6508875000000000e+04
   1.7307416666666701e+04
   1.6899250000000000e+04
   1.5224708333333299e+04
   1.6996916666666701e+04
   1.7447916666666701e+04
   1.7417583333333299e+04
   1.7428916666666701e+04
   1.7192041666666701e+04
   1.6644958333333299e+04
   1.4870083333333299e+04
   1.6622541666666701e+04
   1.7097541666666701e+04
   1.7034041666666701e+04
   1.7114333333333299e+04
   1.7011666666666701e+04
   1.6703458333333299e+04
   1.4867875000000000e+04
   1.6948625000000000e+04
   1.7310708333333299e+04
   1.7586750000000000e+04
   1.7680416666666701e+04
   1.7537041666666701e+04
   1.6830875000000000e+04
   1.5026750000000000e+04
   1.7230958333333299e+04
   1.7739500000000000e+04
   1.7690041666666701e+04
   1.7961875000000000e+04
   1.8016583333333299e+04
   1.7525708333333299e+04
   1.5499625000000000e+04
   1.7479500000000000e+04
   1.8022666666666701e+04
   1.8044166666666701e+04
   1.8094291666666701e+04
   1.8179916666666701e+04
   1.7655541666666701e+04
   1.5554625000000000e+04
   1.7795625000000000e+04
   1.8701625000000000e+04
   1.8733125000000000e+04
   1.8873375000000000e+04
   1.9069583333333299e+04
   1.8442791666666701e+04
   1.6400291666666701e+04
   1.8318333333333299e+04
   1.9265083333333299e+04
   1.8979333333333299e+04
   1.9187208333333299e+04
   1.9405791666666701e+04
   1.8654541666666701e+04
   1.6595125000000000e+04
   1.9057125000000000e+04
   1.9762416666666701e+04
   1.9763875000000000e+04
   1.9561250000000000e+04
   1.9234541666666701e+04
   1.8171458333333299e+04
   1.6396416666666701e+04
   1.8773125000000000e+04
   1.9509791666666701e+04
   1.9706916666666701e+04
   1.9860208333333299e+04
   1.9767625000000000e+04
   1.8955291666666701e+04
   1.7070750000000000e+04
   1.9246708333333299e+04
   1.9832750000000000e+04
   1.9935583333333299e+04
   2.0020708333333299e+04
   2.0075708333333299e+04
   1.9344125000000000e+04
   1.7243166666666701e+04
   1.9506375000000000e+04
   1.9730875000000000e+04
   2.0046041666666701e+04
   2.0157708333333299e+04
   1.9952541666666701e+04
   1.9123083333333299e+04
   1.7201791666666701e+04
   1.9149833333333299e+04
   1.9618291666666701e+04
   1.9734375000000000e+04
   1.9592250000000000e+04
   1.9688083333333299e+04
   1.9085958333333299e+04
   1.7372333333333299e+04
   1.9487333333333299e+04
   2.0078583333333299e+04
   2.0003791666666701e+04
   1.9982041666666701e+04
   1.9920250000000000e+04
   1.9104958333333299e+04
   1.7146458333333299e+04
   1.9414791666666701e+04
   2.0197750000000000e+04
   2.0232083333333299e+04
   2.0113666666666701e+04
   2.0101000000000000e+04
   1.9123083333333299e+04
   1.7032291666666701e+04
   1.8792250000000000e+04
   1.8684666666666701e+04
   1.9595875000000000e+04
   1.9781458333333299e+04
   1.9433791666666701e+04
   1.8506666666666701e+04
   1.6161583333333299e+04
   1.8245416666666701e+04
   1.8844833333333299e+04
   1.8918041666666701e+04
   1.9045666666666701e+04
   1.8941833333333299e+04
   1.8175375000000000e+04
   1.6428666666666701e+04
   1.8257500000000000e+04
   1.8876625000000000e+04
   1.8899166666666701e+04
   1.8896125000000000e+04
   1.8433916666666701e+04
   1.8031083333333299e+04
   1.6309791666666701e+04
   1.8210250000000000e+04
   1.8531708333333299e+04
   1.8751166666666701e+04
   1.8659958333333299e+04
   1.8467166666666701e+04
   1.7704291666666701e+04
   1.5673250000000000e+04
   1.7589166666666701e+04
   1.8295375000000000e+04
   1.8299666666666701e+04
   1.8966291666666701e+04
   1.8405500000000000e+04
   1.7995083333333299e+04
   1.6126416666666701e+04
   1.7975375000000000e+04
   1.8464416666666701e+04
   1.8191916666666701e+04
   1.8160708333333299e+04
   1.7981000000000000e+04
   1.7665833333333299e+04
   1.5938083333333299e+04
   1.7678083333333299e+04
   1.8414791666666701e+04
   1.8331583333333299e+04
   1.8610500000000000e+04
   1.8449875000000000e+04
   1.8081791666666701e+04
   1.6413833333333299e+04
   1.7942958333333299e+04
   1.8333666666666701e+04
   1.8550916666666701e+04
   1.8501875000000000e+04
   1.8467833333333299e+04
   1.8242708333333299e+04
   1.6548291666666701e+04
   1.8092708333333299e+04
   1.8558708333333299e+04
   1.8327291666666701e+04
   1.8300750000000000e+04
   1.7642750000000000e+04
   1.7037083333333299e+04
   1.6108416666666701e+04
   1.8112250000000000e+04
   1.8577500000000000e+04
   1.6815583333333299e+04
   1.4191625000000000e+04
   1.3949583333333299e+04
   1.4394500000000000e+04
   1.5579333333333299e+04
   1.8239708333333299e+04
   1.8849208333333299e+04
   1.8883166666666701e+04
   1.8899333333333299e+04
   1.8916250000000000e+04
   1.8696791666666701e+04
   1.7043916666666701e+04
   1.8941166666666701e+04
   1.9478250000000000e+04
   1.9421833333333299e+04
   1.9330875000000000e+04
   1.9374375000000000e+04
   1.8875416666666701e+04
   1.7354291666666701e+04
   1.9276625000000000e+04
   1.9915583333333299e+04
   2.0326791666666701e+04
   2.0124958333333299e+04
   1.9988916666666701e+04
   1.9198166666666701e+04
   1.7091750000000000e+04
   1.8893916666666701e+04
   1.9350416666666701e+04
   1.9144125000000000e+04
   1.9194708333333299e+04
   1.9237916666666701e+04
   1.8619666666666701e+04
   1.6897208333333299e+04
   1.8691625000000000e+04
   1.9329041666666701e+04
   1.9254041666666701e+04
   1.9409541666666701e+04
   1.9427125000000000e+04
   1.9136166666666701e+04
   1.7399291666666701e+04
   1.9480458333333299e+04
   1.9893000000000000e+04
   1.9916666666666701e+04
   2.0005041666666701e+04
   1.9968083333333299e+04
   1.9231750000000000e+04
   1.7362916666666701e+04
   1.9542875000000000e+04
   2.0117333333333299e+04
   2.0338250000000000e+04
   2.0571625000000000e+04
   2.0554000000000000e+04
   2.0024250000000000e+04
   1.8099375000000000e+04
   2.0029708333333299e+04
   2.0431416666666701e+04
   2.0173666666666701e+04
   1.9954458333333299e+04
   1.9596875000000000e+04
