   296.000000000000     
   303.000000000000     
   365.000000000000     
   363.000000000000     
   417.000000000000     
   421.000000000000     
   404.000000000000     
   436.000000000000     
   421.000000000000     
   429.000000000000     
   499.000000000000     
   915.000000000000     
   331.000000000000     
   361.000000000000     
   402.000000000000     
   426.000000000000     
   460.000000000000     
   457.000000000000     
   451.000000000000     
   476.000000000000     
   436.000000000000     
   464.000000000000     
   525.000000000000     
   939.000000000000     
   345.000000000000     
   364.000000000000     
   427.000000000000     
   445.000000000000     
   478.000000000000     
   492.000000000000     
   469.000000000000     
   501.000000000000     
   459.000000000000     
   494.000000000000     
   548.000000000000     
   1022.00000000000     
   370.000000000000     
   378.000000000000     
   453.000000000000     
   470.000000000000     
   534.000000000000     
   510.000000000000     
   485.000000000000     
   527.000000000000     
   536.000000000000     
   553.000000000000     
   621.000000000000     
   1122.00000000000     
   394.000000000000     
   411.000000000000     
   482.000000000000     
   484.000000000000     
   550.000000000000     
   525.000000000000     
   494.000000000000     
   537.000000000000     
   513.000000000000     
   521.000000000000     
   596.000000000000     
   1069.00000000000     
   393.000000000000     
   425.000000000000     
   503.000000000000     
   529.000000000000     
   581.000000000000     
   558.000000000000     
   547.000000000000     
   588.000000000000     
   549.000000000000     
   593.000000000000     
   649.000000000000     
   1191.00000000000     
   463.000000000000     
   459.000000000000     
   554.000000000000     
   576.000000000000     
   615.000000000000     
   619.000000000000     
   589.000000000000     
   637.000000000000     
   601.000000000000     
   642.000000000000     
   737.000000000000     
   1279.00000000000     
   490.000000000000     
   490.000000000000     
   598.000000000000     
   615.000000000000     
   681.000000000000     
   654.000000000000     
   637.000000000000     
   694.000000000000     
   645.000000000000     
   684.000000000000     
   749.000000000000     
   1245.00000000000     
   489.000000000000     
   511.000000000000     
   612.000000000000     
   623.000000000000     
   726.000000000000     
   692.000000000000     
   623.000000000000     
   734.000000000000     
   662.000000000000     
   684.000000000000     
   781.000000000000     
   1386.00000000000     
   503.000000000000     
   537.000000000000     
   636.000000000000     
   560.000000000000     
   607.000000000000     
   585.000000000000     
   559.000000000000     
   608.000000000000     
   556.000000000000     
   596.000000000000     
   665.000000000000     
   1229.00000000000     
   427.000000000000     
   450.000000000000     
   573.000000000000     
   579.000000000000     
   615.000000000000     
   601.000000000000     
   608.000000000000     
   617.000000000000     
   550.000000000000     
   616.000000000000     
   673.000000000000     
   1199.00000000000     
   438.000000000000     
   458.000000000000     
   548.000000000000     
   584.000000000000     
   639.000000000000     
   616.000000000000     
   614.000000000000     
   647.000000000000     
   588.000000000000     
   648.000000000000     
   713.000000000000     
   1261.00000000000     
   483.000000000000     
   483.000000000000     
   593.000000000000     
   620.000000000000     
   672.000000000000     
   650.000000000000     
   643.000000000000     
   702.000000000000     
   654.000000000000     
