   626.000000000000     
   614.000000000000     
   689.000000000000     
   686.000000000000     
   723.000000000000     
   778.000000000000     
   711.000000000000     
   824.000000000000     
   793.000000000000     
   831.000000000000     
   775.000000000000     
   689.000000000000     
   692.000000000000     
   718.000000000000     
   757.000000000000     
   769.000000000000     
   791.000000000000     
   809.000000000000     
   836.000000000000     
   878.000000000000     
   856.000000000000     
   935.000000000000     
   850.000000000000     
   763.000000000000     
   761.000000000000     
   796.000000000000     
   830.000000000000     
   902.000000000000     
   910.000000000000     
   932.000000000000     
   931.000000000000     
   908.000000000000     
   934.000000000000     
   995.000000000000     
   865.000000000000     
   822.000000000000     
   763.000000000000     
   778.000000000000     
   841.000000000000     
   845.000000000000     
   863.000000000000     
   952.000000000000     
   909.000000000000     
   899.000000000000     
   952.000000000000     
   963.000000000000     
   893.000000000000     
   831.000000000000     
   773.000000000000     
   803.000000000000     
   918.000000000000     
   967.000000000000     
   963.000000000000     
   1065.00000000000     
   1014.00000000000     
   1051.00000000000     
   1054.00000000000     
   1051.00000000000     
   1039.00000000000     
   960.000000000000     
   930.000000000000     
   956.000000000000     
   1072.00000000000     
   1023.00000000000     
   1136.00000000000     
   1181.00000000000     
   1088.00000000000     
   1247.00000000000     
   1164.00000000000     
   1251.00000000000     
   1218.00000000000     
   1062.00000000000     
   1114.00000000000     
   1088.00000000000     
   1253.00000000000     
   1254.00000000000     
   1354.00000000000     
   1349.00000000000     
   1305.00000000000     
   1420.00000000000     
   1313.00000000000     
   1481.00000000000     
   1387.00000000000     
   1284.00000000000     
   1310.00000000000     
   1262.00000000000     
   1446.00000000000     
   1573.00000000000     
   1634.00000000000     
   1612.00000000000     
   1591.00000000000     
   1640.00000000000     
   1590.00000000000     
   1696.00000000000     
   1456.00000000000     
   1296.00000000000     
   1311.00000000000     
   1232.00000000000     
   1274.00000000000     
   1388.00000000000     
   1374.00000000000     
   1443.00000000000     
   1466.00000000000     
   1454.00000000000     
   1538.00000000000     
   1587.00000000000     
   1406.00000000000     
   1341.00000000000     
   1351.00000000000     
   1367.00000000000     
   1553.00000000000     
   1588.00000000000     
   1591.00000000000     
   1703.00000000000     
   1643.00000000000     
   1711.00000000000     
   1731.00000000000     
   1678.00000000000     
   1678.00000000000     
   1580.00000000000     
   1515.00000000000     
   1544.00000000000     
   1817.00000000000     
   1838.00000000000     
   1925.00000000000     
   2017.00000000000     
   1898.00000000000     
   2068.00000000000     
   1961.00000000000     
   2027.00000000000     
   1974.00000000000     
   1820.00000000000     
   1790.00000000000     
   1708.00000000000     
   2021.00000000000     
   2102.00000000000     
   2306.00000000000     
   2360.00000000000     
   2247.00000000000     
   2412.00000000000     
   2159.00000000000     
   2455.00000000000     
   2250.00000000000     
   2057.00000000000     
   2142.00000000000     
   1984.00000000000     
   2319.00000000000     
   2374.00000000000     
   2592.00000000000     
   2461.00000000000     
   2524.00000000000     
   2678.00000000000     
   2399.00000000000     
   2794.00000000000     
   2415.00000000000     
