 85.27
 87.16
 93.89
 86.98
 86.69
 89.28
 85.20
 61.03
 88.01
 90.71
 88.46
 78.21
 79.75
 80.58
 87.42
 80.42
 80.77
 83.49
 80.52
 57.91
 85.33
 87.37
 86.48
 78.18
 78.79
 81.57
 89.00
 83.84
 83.99
 88.01
 85.79
 61.43
 89.78
 92.56
 92.01
 84.96
 84.37
 85.78
 93.98
 86.99
 88.11
 90.97
 88.15
 64.51
 92.09
 92.94
 92.00
 85.10
 83.62
 85.03
 93.55
 85.34
 87.15
 90.47
 87.12
 64.93
 91.48
 93.20
 92.64
 84.14
 84.23
 86.53
 95.75
 89.48
 89.27
 94.45
 92.66
 68.62
 95.32
 99.21
 97.23
 89.56
 89.62
 91.78
100.68
 93.46
 94.46
 97.74
 96.19
 70.36
 98.18
100.64
 98.76
 89.01
 90.68
 91.13
100.18
 93.07
 93.77
 98.41
 97.00
 72.18
100.16
103.47
102.83
 93.10
 93.69
 96.21
105.63
 98.09
100.46
102.47
101.00
 78.43
104.62
107.03
107.09
 99.22
 97.90
100.27
109.15
 99.06
100.91
104.21
100.05
 78.95
103.86
104.85
103.00
 95.14
 95.31
 97.14
107.15
 98.59
 99.76
103.47
100.74
 78.14
104.08
106.02
105.54
 95.10
 96.99
 99.08
107.38
 99.30
 98.23
101.69
101.38
 77.18
102.45
107.35
106.15
 97.13
 97.44
 99.98
109.08
101.33
102.06
105.45
104.19
 79.28
106.42
109.36
107.30
 98.06
 98.91
100.83
109.96
102.73
102.13
106.33
105.22
 81.07
108.33
110.66
111.23
101.01
101.72
104.16
114.33
105.47
108.45
111.67
109.35
 86.28
113.01
115.02
114.82
106.41
105.74
108.93
119.73
108.73
112.52
115.54
113.87
 90.50
117.36
120.58
118.57
108.06
109.90
112.16
121.97
113.61
111.64
115.16
112.65
 89.17
114.01
113.61
108.05
 94.63
 91.38
 91.06
 98.04
 89.00
 92.19
 95.63
 94.67
 76.10
 99.42
100.96
100.24
 91.12
 93.31
 94.86
105.41
 97.06
100.04
103.46
101.99
 82.76
105.39
108.13
108.17
 99.42
 98.92
102.49
112.28
102.44
104.47
106.08
106.17
 87.29
107.40
108.50
108.03
 98.03
 97.29
100.41
110.13
 99.66
101.97
104.22
103.43
 86.30
104.71
105.40
104.02
 95.66
 95.16
 97.70
108.20
 99.15
100.20
103.73
101.63
 84.97
104.94
105.80
106.70
 97.18
 96.89
 99.66
108.76
100.92
100.99
104.01
103.46
 84.57
105.32
106.66
106.05
 98.08
 97.60
101.56
111.07
101.71
102.70
105.92
105.47
 86.64
106.95
108.89
108.01
 98.03
100.38
