 0  0  1  1  1  0  0.000 5 6
 0  0  0  0  0  1  0.000 5 6
 0  0 -1 -1 -1 -1 -0.500 5 6
 0  0  1  1  0  0  0.500 5 6
-1 -1 -1 -1  0  0  0.000 5 6
 1  1  0  0  0  0  0.000 5 6
 0  0  1  1  1  0  0.000 5 6
 0 -1 -1 -1 -1  0  0.000 5 6
 0  1  1  0  0  0  0.000 5 6
 0  0  0  1  1  1  0.000 5 6
 0 -1 -1 -1 -1 -1  0.000 5 6
 0  1  1  1  0  0  0.000 5 6
-1 -1 -1 -1  0  0  0.000 5 6
 0  0  0  0  0  0  0.000 5 6
 1  1  1  0  0  0 -0.500 5 6
 0  0  0  1  1  0  0.500 5 6
 0 -1 -1 -1 -1  0  0.000 5 6
 0  1  1  0  0  0  0.000 5 6
 0  0  0  1  1  1  0.000 5 6
 0  0 -1 -1 -1 -1  0.000 5 6
 0  0  1  1  0  0  0.000 5 6
-1 -1 -1 -1  0  0  0.000 5 6
 1  1  0  0  0  0  0.000 5 6
 0  0  1  1  1  0  0.000 5 6
 0 -1 -1 -1 -1  0  0.000 5 6
 0  0  0  0  0  0  0.000 5 6
 0  1  1  1  0  0  0.000 5 6
 0  0  0  0  1  1  0.000 5 6
 0  0 -1 -1 -1 -1  0.000 5 6
 0  0  1  1  0  0  0.000 5 6
-1 -1 -1 -1  0  0  0.000 5 6
 1  1  1  0  0  0  0.000 5 6
 0  0  0  1  1  0  0.000 5 6
 0 -1 -1 -1 -1  0  0.000 5 6
 0  1  1  0  0  0  0.000 5 6
 0  0  0  1  1  1  0.000 5 6
 0  0 -1 -1 -1 -1  0.000 5 6
 0  0  0  0  0  0  0.000 5 6
 0  0  1  1  1  0 -0.500 5 6
-1 -1 -1 -1 -1  0  0.500 5 6
 1  1  1  0  0  0  0.000 5 6
 0  0  0  1  1  0  0.000 5 6
 0 -1 -1 -1 -1  0  0.000 5 6
 0  1  1  1  0  0  0.000 5 6
 0  0  0  0  1  1  0.000 5 6
 0  0 -1 -1 -1 -1  0.000 5 6
 0  0  1  1  0  0  0.000 5 6
-1 -1 -1 -1  0  0  0.000 5 6
 1  1  1  0  0  0  0.000 5 6
 0  0  0  1  0  0  0.000 5 6
-1 -1 -1 -1  0  0 -0.500 5 6
 1  1  0  0  0  0  0.500 5 6
 0  0  1  1  1  0  0.000 5 6
-1 -1 -1 -1 -1  0  0.000 5 6
 1  1  1  0  0  0  0.000 5 6
 0  0  0  1  1  1  0.000 5 6
 0 -1 -1 -1 -1 -1  0.000 5 6
 0  1  1  1  0  0  0.000 5 6
 0  0  0  0  1  1  0.000 5 6
 0  0 -1 -1 -1 -1  0.000 5 6
 0  0  1  1  1  0  0.000 5 6
 0  0  0  0  0  0  0.000 5 6
 0 -1 -1 -1 -1  0  0.500 5 6
 0  1  1  0  0  0 -0.500 5 6
 0  0  0  1  1  1  0.000 5 6
 0 -1 -1 -1 -1 -1  0.000 5 6
 0  1  1  1  0  0  0.000 5 6
-1 -1 -1 -1  0  0  0.000 5 6
 1  1  0  0  0  0  0.000 5 6
 0  0  1  1  1  0  0.000 5 6
-1 -1 -1 -1 -1  0  0.000 5 6
 1  1  1  0  0  0  0.000 5 6
 0  0  0  1  1  1  0.000 5 6
 0  0  0  0  0  0  0.000 5 6
 0  0 -1 -1 -1 -1 -0.500 5 6
 0  0  1  1  0  0  0.500 5 6
-1 -1 -1 -1  0  0  0.000 5 6
 1  1  0  0  0  0  0.000 5 6
 0  0  1  1  1  0  0.000 5 6
 0 -1 -1 -1 -1  0  0.000 5 6
 0  1  1  0  0  0  0.000 5 6
 0  0  0  1  1  1  0.000 5 6
 0 -1 -1 -1 -1 -1  0.000 5 6
 0  1  1  1  0  0  0.000 5 6
-1 -1 -1 -1  0  0  0.000 5 6
 0  0  0  0  0  0  0.000 5 6
 1  1  1  0  0  0 -0.167 5 6
 0  0  0  1  1  0  0.167 5 6
 0 -1 -1 -1 -1  0  0.000 5 6
 0  1  1  0  0  0  0.000 5 6
 0  0  0  1  1  1  0.000 5 6
 0  0 -1 -1 -1 -1  0.000 5 6
 0  0  1  1  0  0  0.000 5 6
-1 -1 -1 -1  0  0  0.000 5 6
 1  1  0  0  0  0  0.000 5 6
 0  0  1  1  1  0  0.000 5 6
 0 -1 -1 -1 -1  0  0.000 5 6
 0  1  0  0  0  0  0.000 5 6
 0  0  1  1  1  0 -0.500 5 6
-1 -1 -1 -1 -1  0  0.500 5 6
 1  1  1  0  0  0  0.000 5 6
 0  0  0  1  1  0  0.000 5 6
 0 -1 -1 -1 -1  0  0.000 5 6
 0  1  1  1  0  0  0.000 5 6
 0  0  0  0  1  1  0.000 5 6
 0  0 -1 -1 -1 -1  0.000 5 6
 0  0  1  1  0  0  0.000 5 6
-1 -1 -1 -1  0  0  0.000 5 6
 1  1  1  0  0  0  0.000 5 6
 0  0  0  0  0  0  0.000 5 6
 0  0  0  1  1  1 -0.500 5 6
 0 -1 -1 -1 -1 -1  0.500 5 6
 0  1  1  1  0  0  0.000 5 6
 0  0  0  0  1  1  0.000 5 6
 0  0 -1 -1 -1 -1  0.000 5 6
 0  0  1  1  1  0  0.000 5 6
-1 -1 -1 -1 -1  0  0.000 5 6
 1  1  1  0  0  0  0.000 5 6
 0  0  0  1  1  0  0.000 5 6
 0 -1 -1 -1 -1  0  0.000 5 6
 0  1  1  1  0  0  0.000 5 6
 0  0  0  0  0  0  0.000 5 6
-1 -1 -1 -1  0  0  0.500 5 6
 1  1  0  0  0  0 -0.500 5 6
 0  0  1  1  1  0  0.000 5 6
-1 -1 -1 -1 -1  0  0.000 5 6
 1  1  1  0  0  0  0.000 5 6
 0  0  0  1  1  1  0.000 5 6
 0 -1 -1 -1 -1 -1  0.000 5 6
 0  1  1  1  0  0  0.000 5 6
 0  0  0  0  1  1  0.000 5 6
 0  0 -1 -1 -1 -1  0.000 5 6
 0  0  1  1  1  0  0.000 5 6
 0  0  0  0  0  0  0.000 5 6
 0 -1 -1 -1 -1  0 -0.500 5 6
 0  1  1  0  0  0  0.500 5 6
 0  0  0  1  1  1  0.000 5 6
 0 -1 -1 -1 -1 -1  0.000 5 6
 0  1  1  1  0  0  0.000 5 6
-1 -1 -1 -1  0  0  0.000 5 6
 1  1  0  0  0  0  0.000 5 6
 0  0  1  1  1  0  0.000 5 6
-1 -1 -1 -1 -1  0  0.000 5 6
 1  1  1  0  0  0  0.000 5 6
 0  0  0  1  1  1  0.000 5 6
-1 -1 -1 -1 -1 -1  0.000 5 6
 1  1  1  0  0  0 -0.500 5 6
 0  0  0  1  1  0  0.500 5 6
 0 -1 -1 -1 -1  0  0.000 5 6
 0  1  1  0  0  0  0.000 5 6
 0  0  0  1  1  1  0.000 5 6
 0  0 -1 -1 -1 -1  0.000 5 6
 0  0  1  1  0  0  0.000 5 6
-1 -1 -1 -1  0  0  0.000 5 6
 1  1  0  0  0  0  0.000 5 6
 0  0  1  1  1  0  0.000 5 6
 0 -1 -1 -1 -1  0  0.000 5 6
 0  0  0  0  0  0  0.000 5 6
 0  1  1  1  0  0  0.500 5 6
 0  0  0  0  1  1 -0.500 5 6
 0  0 -1 -1 -1 -1  0.000 5 6
 0  0  1  1  0  0  0.000 5 6
-1 -1 -1 -1  0  0  0.000 5 6
 1  1  1  0  0  0  0.000 5 6
 0  0  0  1  1  0  0.000 5 6
 0 -1 -1 -1 -1  0  0.000 5 6
 0  1  1  0  0  0  0.000 5 6
 0  0  0  1  1  1  0.000 5 6
 0  0 -1 -1 -1 -1  0.000 5 6
 0  0  0  0  0  0  0.000 5 6
 0  0  1  1  1  0 -0.500 5 6
-1 -1 -1 -1 -1  0  0.500 5 6
 1  1  1  0  0  0  0.000 5 6
 0  0  0  1  1  0  0.000 5 6
 0 -1 -1 -1 -1  0  0.000 5 6
 0  1  1  1  0  0  0.000 5 6
 0  0  0  0  1  1  0.000 5 6
 0  0 -1 -1 -1 -1  0.000 5 6
 0  0  1  1  0  0  0.000 5 6
-1 -1 -1 -1  0  0  0.000 5 6
 1  1  1  0  0  0  0.000 5 6
 0  0  0  0  0  0  0.000 5 6
 0  0  0  1  1  1 -0.500 5 6
 0 -1 -1 -1 -1 -1  0.500 5 6
 0  1  1  1  0  0  0.000 5 6
 0  0  0  0  1  1  0.000 5 6
 0  0 -1 -1 -1 -1  0.000 5 6
 0  0  1  1  1  0  0.000 5 6
-1 -1 -1 -1 -1  0  0.000 5 6
 1  1  1  0  0  0  0.000 5 6
 0  0  0  1  1  0  0.000 5 6
 0 -1 -1 -1 -1  0  0.000 5 6
 0  1  1  1  0  0  0.000 5 6
 0  0  0  0  1  0  0.000 5 6
 0 -1 -1 -1 -1  0  0.500 5 6
 0  1  1  0  0  0 -0.500 4 6
 0  0  0  1  1  1  0.000 3 6
 0 -1 -1 -1 -1 -1  0.000 2 6
 0  1  1  1  0  0  0.000 1 6
-1 -1 -1 -1  0  0  0.000 0 6
 1  1  0  0  0  0  0.000 0 6
 0  0  1  1  1  0  0.000 0 5
-1 -1 -1 -1 -1  0  0.000 0 4
 1  1  1  0  0  0  0.000 0 3
 0  0  0  1  1  1  0.000 0 2
 0  0  0  0  0  0  0.000 0 1
 0  0 -1 -1 -1 -1 -0.500 0 0
 0  0  1  1  0  0  0.500 0 0
-1 -1 -1 -1  0  0  0.000 0 0
 1  1  0  0  0  0  0.000 0 0
 0  0  1  1  1  0  0.000 0 0
 0 -1 -1 -1 -1  0  0.000 0 0
 0  1  1  0  0  0  0.000 0 0
 0  0  0  1  1  1  0.000 0 0
 0 -1 -1 -1 -1 -1  0.000 0 0
 0  1  1  1  0  0  0.000 0 0
-1 -1 -1 -1  0  0  0.000 0 0
 0  0  0  0  0  0  0.000 0 0
 1  1  1  0  0  0 -0.167 0 0
 0  0  0  1  1  0  0.167 0 0
 0 -1 -1 -1 -1  0  0.000 0 0
 0  1  1  0  0  0  0.000 0 0
 0  0  0  1  1  1  0.000 0 0
 0  0 -1 -1 -1 -1  0.000 0 0
 0  0  1  1  0  0  0.000 0 0
-1 -1 -1 -1  0  0  0.000 0 0
 1  1  0  0  0  0  0.000 0 0
 0  0  1  1  1  0  0.000 0 0
 0 -1 -1 -1 -1  0  0.000 0 0
 0  0  0  0  0  0  0.000 0 0
 0  1  1  1  0  0 -0.500 0 0
 0  0  0  0  1  1  0.500 0 0
 0  0 -1 -1 -1 -1  0.000 0 0
 0  0  1  1  0  0  0.000 0 0
-1 -1 -1 -1  0  0  0.000 0 0
 1  1  1  0  0  0  0.000 0 0
 0  0  0  1  1  0  0.000 0 0
 0 -1 -1 -1 -1  0  0.000 0 0
 0  1  1  0  0  0  0.000 0 0
 0  0  0  1  1  1  0.000 0 0
 0  0 -1 -1 -1 -1  0.000 0 0
 0  0  1  0  0  0  0.000 0 0
 0  0  0  1  1  1 -0.500 0 0
 0 -1 -1 -1 -1 -1  0.500 0 0
 0  1  1  1  0  0  0.000 0 0
 0  0  0  0  1  1  0.000 0 0
 0  0 -1 -1 -1 -1  0.000 0 0
 0  0  1  1  1  0  0.000 0 0
-1 -1 -1 -1 -1  0  0.000 0 0
 1  1  1  0  0  0  0.000 0 0
 0  0  0  1  1  0  0.000 0 0
 0 -1 -1 -1 -1  0  0.000 0 0
 0  1  1  1  0  0  0.000 0 0
 0  0  0  0  0  0  0.000 0 0
-1 -1 -1 -1  0  0  0.500 0 0
 1  1  0  0  0  0 -0.500 0 0
 0  0  1  1  1  0  0.000 0 0
-1 -1 -1 -1 -1  0  0.000 0 0
 1  1  1  0  0  0  0.000 0 0
 0  0  0  1  1  1  0.000 0 0
 0 -1 -1 -1 -1 -1  0.000 0 0
 0  1  1  1  0  0  0.000 0 0
 0  0  0  0  1  1  0.000 0 0
 0  0 -1 -1 -1 -1  0.000 0 0
 0  0  1  1  1  0  0.000 0 0
 0  0  0  0  0  0  0.000 0 0
 0 -1 -1 -1 -1  0 -0.500 0 0
 0  1  1  0  0  0  0.500 0 0
 0  0  0  1  1  1  0.000 0 0
 0 -1 -1 -1 -1 -1  0.000 0 0
 0  1  1  1  0  0  0.000 0 0
-1 -1 -1 -1  0  0  0.000 0 0
 1  1  0  0  0  0  0.000 0 0
 0  0  1  1  1  0  0.000 0 0
-1 -1 -1 -1 -1  0  0.000 0 0
 1  1  1  0  0  0  0.000 0 0
 0  0  0  1  1  1  0.000 0 0
 0  0  0  0  0  0  0.000 0 0
 0  0 -1 -1 -1 -1 -0.333 0 0
 0  0  1  1  0  0  0.333 0 0
-1 -1 -1 -1  0  0  0.000 0 0
 1  1  0  0  0  0  0.000 0 0
 0  0  1  1  1  0  0.000 0 0
 0 -1 -1 -1 -1  0  0.000 0 0
 0  1  1  0  0  0  0.000 0 0
 0  0  0  1  1  1  0.000 0 0
 0 -1 -1 -1 -1 -1  0.000 0 0
 0  1  1  1  0  0  0.000 0 0
-1 -1 -1 -1  0  0  0.000 0 0
